0 37
1 24
2 28
3 30
4 22
5 29
6 39
7 36
8 35
9 32
10 27
11 43
12 30
13 32
14 44
15 29
16 32
17 26
18 24
19 38
20 27
21 34
22 37
23 33
24 32
25 41
26 38
27 37
28 34
29 25
30 37
31 28
32 42
33 47
34 39
35 44
36 28
37 37
38 27
39 37
40 41
41 51
42 22
43 32
44 33
45 34
46 30
47 43
48 28
49 33
50 31
51 34
52 34
53 28
54 41
55 31
56 39
57 41
58 28
59 35
60 26
61 29
62 28
63 37
64 47
65 27
66 31
67 33
68 32
69 35
70 33
71 35
72 31
73 34
74 28
75 38
76 35
77 32
78 24
79 41
80 33
81 36
82 36
83 28
84 35
85 31
86 35
87 37
88 32
89 28
90 31
91 38
92 38
93 31
94 36
95 35
96 38
97 36
98 36
99 37
100 33
101 41
102 43
103 33
104 26
105 40
106 31
107 26
108 27
109 34
110 44
111 18
112 32
113 38
114 23
115 29
116 38
117 41
118 34
119 41
120 25
121 36
122 22
123 37
124 37
125 40
126 23
127 42
128 43
129 45
130 34
131 35
132 38
133 31
134 31
135 32
136 32
137 29
138 29
139 30
140 41
141 44
142 47
143 41
144 37
145 43
146 34
147 34
148 44
149 41
150 29
151 32
152 39
153 35
154 33
155 35
156 29
157 38
158 37
159 41
160 34
161 38
162 41
163 36
164 41
165 35
166 29
167 35
168 26
169 31
170 38
171 43
172 30
173 41
174 31
175 29
176 42
177 33
178 27
179 31
180 50
181 27
182 35
183 28
184 31
185 42
186 39
187 23
188 43
189 41
190 41
191 37
192 31
193 30
194 38
195 38
196 33
197 30
198 35
199 46
200 39
201 32
202 40
203 29
204 34
205 34
206 42
207 33
208 39
209 39
210 46
211 32
212 33
213 33
214 35
215 33
216 32
217 39
218 34
219 24
220 36
221 31
222 46
223 27
224 35
225 31
226 33
227 45
228 54
229 39
230 47
231 39
232 41
233 38
234 34
235 31
236 28
237 41
238 40
239 31
240 33
241 38
242 35
243 29
244 25
245 33
246 34
247 35
248 31
249 32
250 30
251 36
252 30
253 37
254 42
255 41
256 46
257 36
258 34
259 34
260 28
261 36
262 48
263 37
264 33
265 47
266 34
267 27
268 49
269 41
270 35
271 34
272 42
273 47
274 36
275 42
276 27
277 38
278 37
279 39
280 42
281 37
282 33
283 34
284 33
285 19
286 33
287 45
288 34
289 43
290 34
291 27
292 34
293 41
294 25
295 38
296 36
297 31
298 32
299 31
300 49
301 26
302 32
303 23
304 41
305 29
306 33
307 25
308 32
309 39
310 33
311 35
312 35
313 34
314 31
315 33
316 34
317 27
318 31
319 42
320 46
321 33
322 40
323 25
324 45
325 44
326 33
327 39
328 34
329 36
330 24
331 35
332 32
333 27
334 39
335 31
336 35
337 31
338 34
339 36
340 40
341 42
342 36
343 41
344 39
345 36
346 36
347 46
348 37
349 40
350 41
351 30
352 41
353 33
354 41
355 40
356 36
357 23
358 46
359 31
360 42
361 33
362 31
363 33
364 35
365 40
366 40
367 32
368 30
369 32
370 30
371 33
372 35
373 30
374 38
375 40
376 34
377 30
378 32
379 33
380 32
381 35
382 41
383 30
384 40
385 33
386 27
387 36
388 33
389 38
390 37
391 29
392 49
393 44
394 31
395 38
396 33
397 33
398 32
399 32
400 32
401 37
402 39
403 31
404 33
405 25
406 46
407 32
408 26
409 29
410 36
411 43
412 45
413 33
414 29
415 26
416 36
417 48
418 33
419 34
420 34
421 46
422 35
423 29
424 33
425 32
426 39
427 32
428 42
429 36
430 37
431 37
432 22
433 24
434 34
435 34
436 50
437 42
438 29
439 33
440 32
441 36
442 37
443 44
444 35
445 32
446 38
447 27
448 36
449 28
450 40
451 43
452 37
453 35
454 33
455 30
456 35
457 44
458 36
459 38
460 38
461 40
462 25
463 37
464 27
465 29
466 42
467 37
468 30
469 29
470 38
471 29
472 34
473 35
474 32
475 38
476 38
477 35
478 31
479 41
480 40
481 37
482 28
483 23
484 33
485 36
486 29
487 34
488 35
489 39
490 34
491 38
492 40
493 28
494 42
495 30
496 36
497 41
498 34
499 36
500 34
501 36
502 36
503 38
504 38
505 33
506 42
507 38
508 34
509 21
510 35
511 41
512 34
513 27
514 31
515 33
516 43
517 44
518 44
519 32
520 37
521 39
522 23
523 34
524 27
525 27
526 45
527 37
528 45
529 45
530 31
531 33
532 41
533 36
534 36
535 31
536 40
537 32
538 41
539 40
540 41
541 23
542 31
543 39
544 24
545 45
546 41
547 37
548 39
549 33
550 33
551 38
552 45
553 31
554 31
555 37
556 39
557 44
558 37
559 34
560 36
561 42
562 34
563 47
564 40
565 33
566 38
567 36
568 23
569 33
570 36
571 36
572 33
573 25
574 31
575 35
576 36
577 42
578 37
579 27
580 30
581 36
582 24
583 37
584 35
585 40
586 37
587 41
588 26
589 30
590 40
591 32
592 44
593 35
594 37
595 40
596 38
597 31
598 39
599 41
600 36
601 34
602 32
603 39
604 30
605 32
606 41
607 34
608 44
609 36
610 35
611 35
612 37
613 35
614 41
615 33
616 28
617 32
618 34
619 38
620 31
621 42
622 37
623 40
624 33
625 26
626 29
627 35
628 32
629 38
630 41
631 35
632 33
633 26
634 33
635 33
636 32
637 45
638 40
639 33
640 28
641 53
642 40
643 36
644 36
645 30
646 37
647 37
648 27
649 38
650 34
651 33
652 33
653 47
654 31
655 40
656 30
657 36
658 27
659 41
660 28
661 27
662 37
663 29
664 36
665 41
666 33
667 34
668 38
669 30
670 24
671 23
672 29
673 39
674 37
675 37
676 29
677 29
678 31
679 29
680 30
681 41
682 28
683 33
684 35
685 30
686 30
687 26
688 31
689 40
690 41
691 33
692 41
693 31
694 38
695 36
696 33
697 35
698 27
699 27
700 30
701 33
702 27
703 38
704 27
705 38
706 30
707 28
708 43
709 30
710 35
711 41
712 32
713 28
714 34
715 47
716 33
717 35
718 31
719 29
720 40
721 46
722 28
723 41
724 31
725 30
726 32
727 29
728 28
729 17
730 31
731 29
732 32
733 35
734 39
735 44
736 42
737 33
738 33
739 35
740 34
741 45
742 42
743 40
744 31
745 27
746 35
747 35
748 48
749 32
750 28
751 36
752 30
753 38
754 45
755 37
756 34
757 36
758 35
759 36
760 36
761 26
762 34
763 53
764 32
765 46
766 30
767 41
768 38
769 36
770 31
771 30
772 42
773 41
774 32
775 29
776 40
777 32
778 30
779 43
780 29
781 39
782 35
783 40
784 29
785 30
786 33
787 33
788 36
789 37
790 34
791 26
792 35
793 37
794 35
795 36
796 31
797 33
798 46
799 35
800 31
801 33
802 38
803 42
804 40
805 42
806 38
807 39
808 26
809 35
810 34
811 25
812 30
813 45
814 28
815 43
816 32
817 34
818 42
819 40
820 33
821 35
822 32
823 42
824 26
825 42
826 33
827 33
828 31
829 47
830 42
831 35
832 30
833 38
834 39
835 30
836 34
837 43
838 26
839 40
840 28
841 42
842 32
843 31
844 27
845 39
846 36
847 41
848 35
849 19
850 31
851 36
852 37
853 31
854 31
855 43
856 35
857 33
858 28
859 43
860 41
861 42
862 41
863 40
864 33
865 40
866 35
867 34
868 34
869 32
870 30
871 33
872 35
873 25
874 44
875 21
876 36
877 34
878 30
879 49
880 42
881 35
882 38
883 44
884 34
885 37
886 34
887 33
888 30
889 31
890 37
891 40
892 45
893 32
894 29
895 34
896 36
897 35
898 33
899 29
