0 102
1 117
2 152
3 122
4 123
5 127
6 136
7 116
8 97
9 131
10 122
11 154
12 106
13 138
14 155
15 107
16 140
17 108
18 128
19 130
20 106
21 69
22 75
23 100
24 106
25 86
26 92
27 76
28 85
29 89
30 79
31 110
32 88
33 81
34 90
35 80
36 66
37 72
38 72
39 59
40 56
41 63
42 83
43 68
44 54
45 45
46 74
47 73
48 42
49 62
50 50
51 44
52 75
53 57
54 57
55 71
56 67
57 57
58 71
59 57
60 58
61 49
62 57
63 36
64 40
65 56
66 55
67 77
68 51
69 50
70 48
71 39
72 57
73 61
74 29
75 40
76 69
77 42
78 51
79 40
80 49
81 29
82 32
83 32
84 53
85 43
86 52
87 56
88 62
89 47
90 63
91 36
92 42
93 40
94 42
95 45
96 52
97 33
98 66
99 41
100 42
101 39
102 49
103 34
104 36
105 57
106 34
107 49
108 26
109 37
110 34
111 35
112 50
113 34
114 31
115 33
116 43
117 35
118 23
119 35
120 43
121 38
122 48
123 31
124 48
125 40
126 50
127 38
128 29
129 41
130 24
131 42
132 29
133 45
134 42
135 35
136 33
137 36
138 26
139 49
140 24
141 38
142 39
143 28
144 31
145 35
146 36
147 44
148 35
149 37
150 33
151 29
152 26
153 32
154 32
155 33
156 31
157 33
158 36
159 27
160 31
161 30
162 24
163 28
164 24
165 31
166 25
167 32
168 49
169 47
170 35
171 43
172 30
173 33
174 30
175 42
176 36
177 24
178 26
179 22
180 40
181 29
182 26
183 28
184 35
185 35
186 26
187 32
188 30
189 38
190 24
191 27
192 31
193 23
194 30
195 28
196 26
197 30
198 24
199 34
200 34
201 25
202 33
203 29
204 31
205 26
206 23
207 27
208 25
209 20
210 22
211 31
212 32
213 25
214 31
215 21
216 26
217 28
218 28
219 22
220 31
221 28
222 20
223 22
224 27
225 22
226 26
227 21
228 34
229 26
230 24
231 23
232 26
233 28
234 20
235 26
236 31
237 22
238 25
239 25
240 26
241 29
242 28
243 32
244 30
245 21
246 31
247 23
248 25
249 26
250 34
251 23
252 23
253 35
254 20
255 23
256 26
257 34
258 28
259 22
260 19
261 23
262 19
263 24
264 23
265 26
266 27
267 27
268 22
269 30
270 20
271 28
272 17
273 27
274 20
275 23
276 30
277 24
278 29
279 21
280 26
281 30
282 30
283 20
284 25
285 17
286 21
287 25
288 23
289 24
290 20
291 19
292 24
293 25
294 26
295 22
296 21
297 28
298 25
299 18
300 24
301 30
302 23
303 26
304 24
305 22
306 31
307 28
308 14
309 23
310 23
311 19
312 28
313 23
314 25
315 29
316 23
317 20
318 19
319 19
320 26
321 23
322 19
323 19
324 20
325 19
326 22
327 25
328 17
329 21
330 22
331 21
332 19
333 18
334 24
335 27
336 16
337 26
338 18
339 24
340 25
341 14
342 23
343 20
344 18
345 28
346 30
347 27
348 20
349 26
350 24
351 24
352 23
353 28
354 18
355 17
356 19
357 18
358 21
359 19
360 26
361 20
362 26
363 20
364 18
365 18
366 26
367 19
368 26
369 19
370 25
371 18
372 18
373 18
374 18
375 21
376 22
377 18
378 21
379 24
380 19
381 18
382 19
383 21
384 20
385 19
386 28
387 16
388 20
389 21
390 21
391 17
392 24
393 17
394 21
395 22
396 19
397 22
398 19
399 17
400 19
401 19
402 16
403 26
404 26
405 21
406 22
407 18
408 22
409 22
410 15
411 24
412 20
413 19
414 19
415 17
416 20
417 24
418 19
419 18
420 22
421 18
422 18
423 17
424 20
425 16
426 18
427 22
428 16
429 17
430 26
431 21
432 23
433 16
434 21
435 20
436 18
437 16
438 22
439 19
440 16
441 21
442 19
443 19
444 16
445 18
446 19
447 18
448 20
449 18
450 15
451 20
452 19
453 17
454 15
455 19
456 17
457 21
458 19
459 19
460 18
461 15
462 16
463 15
464 24
465 18
466 15
467 16
468 15
469 20
470 17
471 17
472 21
473 15
474 30
475 18
476 20
477 18
478 17
479 21
480 16
481 19
482 17
483 20
484 21
485 19
486 17
487 15
488 18
489 20
490 17
491 19
492 17
493 24
494 17
495 17
496 17
497 19
498 20
499 16
500 16
501 18
502 19
503 17
504 17
505 16
506 16
507 18
508 19
509 17
510 16
511 20
512 20
513 17
514 14
515 19
516 20
517 19
518 17
519 17
520 16
521 15
522 20
523 17
524 15
525 17
526 15
527 18
528 17
529 17
530 17
531 15
532 16
533 19
534 16
535 18
536 19
537 17
538 19
539 23
540 17
541 15
542 17
543 16
544 18
545 17
546 17
547 15
548 16
549 15
550 17
551 18
552 15
553 15
554 15
555 19
556 17
557 16
558 16
559 15
560 15
561 15
562 17
563 21
564 15
565 17
566 16
567 16
568 16
569 17
570 17
571 15
572 18
573 15
574 18
575 17
576 15
577 15
578 17
579 16
580 17
581 15
582 15
583 15
584 15
585 15
586 18
587 16
588 18
589 15
590 14
591 13
592 17
593 18
594 19
595 16
596 17
597 15
598 19
599 16
600 15
601 16
602 15
603 14
604 18
605 17
606 16
607 15
608 14
609 14
610 21
611 15
612 15
613 19
614 14
615 16
616 18
617 16
618 15
619 15
620 14
621 19
622 17
623 17
624 15
625 15
626 16
627 15
628 16
629 15
630 17
631 15
632 15
633 15
634 14
635 16
636 15
637 16
638 16
639 16
640 17
641 14
642 18
643 15
644 15
645 17
646 15
647 17
648 16
649 15
650 14
651 14
652 15
653 16
654 14
655 15
656 15
657 14
658 15
659 16
660 14
661 14
662 15
663 18
664 16
665 14
666 15
667 16
668 16
669 16
670 14
671 15
672 15
673 15
674 14
675 15
676 15
677 14
678 15
679 15
680 15
681 14
682 15
683 16
684 15
685 15
686 15
687 14
688 14
689 15
690 15
691 15
692 15
693 15
694 13
695 15
696 15
697 14
698 15
699 14
