0 32
1 34
2 27
3 32
4 33
5 42
6 27
7 36
8 34
9 30
10 34
11 35
12 34
13 28
14 38
15 35
16 39
17 37
18 39
19 45
20 39
21 38
22 36
23 26
24 37
25 32
26 41
27 39
28 32
29 26
30 36
31 44
32 28
33 36
34 29
35 32
36 34
37 30
38 28
39 40
40 44
41 31
42 30
43 34
44 50
45 34
46 31
47 24
48 41
49 38
50 31
51 29
52 42
53 32
54 33
55 28
56 30
57 31
58 34
59 39
60 33
61 30
62 33
63 28
64 39
65 35
66 36
67 40
68 29
69 30
70 37
71 32
72 34
73 31
74 35
75 35
76 28
77 47
78 33
79 29
80 41
81 30
82 32
83 34
84 25
85 35
86 32
87 43
88 30
89 34
90 31
91 41
92 42
93 37
94 32
95 32
96 38
97 34
98 30
99 36
100 44
101 30
102 39
103 32
104 36
105 31
106 29
107 29
108 37
109 33
110 36
111 37
112 31
113 23
114 39
115 29
116 36
117 30
118 40
119 40
120 37
121 37
122 39
123 30
124 31
125 35
126 27
127 35
128 39
129 23
130 41
131 47
132 29
133 35
134 42
135 38
136 36
137 41
138 36
139 32
140 26
141 31
142 31
143 31
144 38
145 35
146 39
147 32
148 27
149 32
150 38
151 46
152 42
153 31
154 34
155 40
156 34
157 33
158 33
159 38
160 30
161 26
162 25
163 38
164 30
165 29
166 45
167 35
168 39
169 29
170 31
171 34
172 48
173 36
174 41
175 29
176 39
177 35
178 40
179 32
180 36
181 36
182 38
183 33
184 28
185 39
186 40
187 38
188 33
189 38
190 31
191 37
192 34
193 38
194 37
195 37
196 43
197 49
198 34
199 34
200 42
201 21
202 32
203 32
204 35
205 31
206 34
207 24
208 37
209 32
210 41
211 38
212 31
213 31
214 34
215 30
216 31
217 34
218 31
219 33
220 37
221 39
222 31
223 36
224 41
225 31
226 33
227 30
228 36
229 33
230 35
231 32
232 34
233 32
234 31
235 29
236 41
237 32
238 42
239 37
240 39
241 33
242 33
243 38
244 34
245 37
246 32
247 36
248 39
249 25
250 41
251 35
252 44
253 41
254 38
255 32
256 36
257 33
258 33
259 28
260 34
261 34
262 32
263 34
264 24
265 35
266 31
267 31
268 38
269 34
270 27
271 25
272 32
273 32
274 49
275 34
276 33
277 40
278 37
279 31
280 30
281 32
282 39
283 36
284 41
285 40
286 42
287 36
288 39
289 37
290 29
291 35
292 35
293 30
294 35
295 32
296 36
297 32
298 34
299 37
300 29
301 32
302 33
303 33
304 40
305 32
306 36
307 34
308 37
309 32
310 33
311 27
312 40
313 31
314 34
315 41
316 43
317 40
318 28
319 42
320 33
321 40
322 38
323 34
324 30
325 34
326 35
327 37
328 27
329 33
330 34
331 34
332 33
333 28
334 47
335 42
336 37
337 32
338 37
339 27
340 30
341 31
342 40
343 35
344 35
345 34
346 24
347 31
348 36
349 32
350 35
351 34
352 39
353 35
354 31
355 33
356 42
357 37
358 42
359 38
360 43
361 29
362 27
363 31
364 34
365 35
366 37
367 26
368 40
369 37
370 40
371 37
372 35
373 28
374 33
375 29
376 35
377 39
378 31
379 32
380 27
381 28
382 35
383 40
384 38
385 37
386 42
387 35
388 42
389 39
390 34
391 34
392 40
393 33
394 32
395 31
396 35
397 34
398 28
399 38
400 29
401 40
402 35
403 32
404 36
405 45
406 36
407 39
408 32
409 43
410 30
411 35
412 35
413 38
414 36
415 40
416 32
417 33
418 35
419 30
420 34
421 36
422 25
423 24
424 24
425 38
426 38
427 36
428 31
429 35
430 35
431 28
432 36
433 43
434 28
435 30
436 42
437 36
438 43
439 41
440 30
441 38
442 35
443 33
444 41
445 34
446 37
447 40
448 31
449 33
450 31
451 35
452 34
453 37
454 32
455 34
456 31
457 26
458 35
459 40
460 33
461 27
462 45
463 33
464 37
465 36
466 32
467 30
468 35
469 29
470 29
471 39
472 41
473 24
474 32
475 33
476 30
477 46
478 32
479 27
480 38
481 27
482 35
483 34
484 36
485 33
486 38
487 38
488 36
489 25
490 35
491 34
492 36
493 28
494 38
495 38
496 33
497 37
498 28
499 35
500 33
501 24
502 38
503 34
504 27
505 46
506 36
507 37
508 29
509 42
510 34
511 31
512 31
513 45
514 36
515 35
516 33
517 31
518 32
519 42
520 33
521 38
522 44
523 32
524 41
525 34
526 29
527 35
528 42
529 36
530 44
531 38
532 41
533 35
534 38
535 35
536 36
537 36
538 33
539 35
540 41
541 35
542 29
543 35
544 36
545 29
546 31
547 31
548 36
549 29
550 35
551 35
552 35
553 47
554 35
555 35
556 34
557 38
558 35
559 37
560 36
561 32
562 22
563 26
564 33
565 30
566 29
567 38
568 31
569 34
570 35
571 36
572 31
573 32
574 32
575 29
576 32
577 28
578 33
579 43
580 32
581 32
582 32
583 29
584 31
585 35
586 26
587 25
588 37
589 32
590 35
591 38
592 35
593 33
594 27
595 26
596 44
597 32
598 36
599 32
600 35
601 41
602 33
603 33
604 43
605 26
606 35
607 34
608 36
609 36
610 29
611 41
612 26
613 35
614 36
615 33
616 32
617 30
618 37
619 34
620 29
621 37
622 37
623 42
624 44
625 38
626 30
627 41
628 38
629 44
630 40
631 31
632 34
633 38
634 28
635 32
636 45
637 42
638 39
639 39
640 37
641 40
642 41
643 34
644 35
645 28
646 31
647 31
648 31
649 25
650 34
651 40
652 29
653 32
654 39
655 27
656 40
657 35
658 35
659 31
660 41
661 38
662 32
663 32
664 32
665 36
666 37
667 32
668 33
669 39
670 35
671 30
672 37
673 28
674 44
675 37
676 34
677 38
678 30
679 39
680 26
681 41
682 31
683 38
684 31
685 42
686 29
687 38
688 55
689 36
690 36
691 31
692 37
693 45
694 39
695 32
696 32
697 34
698 32
699 37
700 25
701 35
702 30
703 31
704 29
705 33
706 35
707 44
708 31
709 32
710 34
711 35
712 32
713 30
714 38
715 42
716 32
717 33
718 35
719 35
720 39
721 40
722 28
723 35
724 42
725 33
726 31
727 22
728 36
729 37
730 39
731 44
732 29
733 34
734 34
735 31
736 38
737 42
738 49
739 29
740 27
741 28
742 38
743 27
744 32
745 33
746 38
747 30
748 31
749 33
750 33
751 38
752 36
753 32
754 35
755 37
756 37
757 38
758 30
759 31
760 31
761 41
762 35
763 31
764 41
765 28
766 44
767 32
768 39
769 37
770 35
771 40
772 38
773 38
774 33
775 42
776 36
777 42
778 41
779 25
780 29
781 38
782 32
783 42
784 37
785 26
786 36
787 49
788 30
789 44
790 37
791 29
792 41
793 40
794 39
795 29
796 29
797 35
798 32
799 31
