0 13
1 17
2 23
3 18
4 19
5 27
6 14
7 24
8 17
9 14
10 16
11 20
12 12
13 15
14 14
15 18
16 20
17 19
18 20
19 18
20 14
21 22
22 16
23 18
24 21
25 24
26 23
27 25
28 14
29 22
30 23
31 14
32 11
33 13
34 20
35 21
36 22
37 12
38 20
39 21
40 17
41 21
42 19
43 20
44 24
45 20
46 23
47 13
48 20
49 10
50 25
51 20
52 24
53 28
54 24
55 20
56 17
57 16
58 18
59 19
60 21
61 23
62 17
63 20
64 16
65 24
66 26
67 19
68 13
69 27
70 21
71 17
72 19
73 20
74 20
75 25
76 20
77 25
78 18
79 27
80 15
81 12
82 20
83 13
84 18
85 20
86 18
87 25
88 24
89 17
90 16
91 22
92 16
93 13
94 22
95 21
96 21
97 23
98 17
99 23
100 17
101 13
102 26
103 27
104 25
105 14
106 26
107 22
108 25
109 14
110 9
111 19
112 16
113 13
114 20
115 16
116 27
117 22
118 14
119 14
120 13
121 18
122 20
123 12
124 24
125 24
126 18
127 19
128 11
129 16
130 11
131 21
132 16
133 16
134 16
135 18
136 20
137 23
138 14
139 24
140 25
141 22
142 17
143 18
144 23
145 22
146 14
147 12
148 19
149 26
150 32
151 15
152 25
153 24
154 26
155 22
156 27
157 17
158 27
159 13
160 19
161 20
162 22
163 18
164 21
165 19
166 19
167 21
168 12
169 13
170 19
171 17
172 20
173 19
174 16
175 21
176 15
177 22
178 22
179 16
180 20
181 19
182 11
183 19
184 18
185 21
186 15
187 17
188 20
189 28
190 21
191 18
192 27
193 25
194 22
195 18
196 16
197 20
198 25
199 11
200 15
201 18
202 18
203 16
204 25
205 19
206 14
207 11
208 23
209 16
210 24
211 29
212 18
213 18
214 21
215 15
216 16
217 13
218 10
219 15
220 21
221 19
222 20
223 16
224 21
225 18
226 15
227 22
228 17
229 18
230 13
231 23
232 36
233 22
234 21
235 22
236 27
237 15
238 18
239 19
240 18
241 29
242 14
243 22
244 19
245 23
246 14
247 20
248 28
249 19
250 18
251 20
252 23
253 27
254 16
255 23
256 29
257 25
258 15
259 24
260 21
261 20
262 21
263 20
264 19
265 16
266 25
267 18
268 24
269 24
270 24
271 19
272 11
273 23
274 18
275 12
276 17
277 23
278 19
279 20
280 28
281 10
282 24
283 23
284 13
285 15
286 16
287 13
288 16
289 15
290 18
291 22
292 25
293 20
294 20
295 15
296 12
297 21
298 13
299 20
300 27
301 20
302 19
303 17
304 22
305 24
306 15
307 23
308 18
309 31
310 16
311 19
312 17
313 19
314 13
315 21
316 21
317 22
318 21
319 20
320 12
321 20
322 19
323 30
324 17
325 19
326 21
327 18
328 23
329 20
330 19
331 22
332 12
333 15
334 10
335 20
336 19
337 18
338 14
339 20
340 10
341 14
342 9
343 23
344 19
345 23
346 15
347 19
348 15
349 19
350 21
351 17
352 18
353 27
354 18
355 20
356 25
357 24
358 19
359 16
360 16
361 16
362 13
363 15
364 11
365 12
366 17
367 16
368 27
369 23
370 20
371 13
372 20
373 19
374 17
375 20
376 17
377 19
378 19
379 24
380 18
381 25
382 22
383 15
384 24
385 19
386 20
387 20
388 18
389 20
390 14
391 24
392 16
393 21
394 27
395 23
396 16
397 16
398 19
399 22
400 23
401 21
402 19
403 19
404 27
405 19
406 13
407 23
408 18
409 13
410 28
411 10
412 14
413 22
414 10
415 23
416 20
417 27
418 17
419 19
420 20
421 19
422 20
423 29
424 19
425 23
426 15
427 19
428 18
429 17
430 31
431 23
432 14
433 15
434 10
435 16
436 25
437 16
438 25
439 23
440 20
441 20
442 13
443 17
444 12
445 19
446 14
447 25
448 9
449 21
450 21
451 13
452 18
453 23
454 23
455 21
456 14
457 14
458 16
459 25
460 17
461 16
462 16
463 22
464 26
465 24
466 27
467 28
468 15
469 14
470 15
471 16
472 24
473 18
474 17
475 17
476 18
477 21
478 17
479 19
480 20
481 23
482 23
483 23
484 17
485 16
486 19
487 13
488 17
489 21
490 21
491 14
492 21
493 24
494 17
495 12
496 15
497 19
498 21
499 14
500 14
501 13
502 18
503 21
504 16
505 21
506 19
507 18
508 18
509 18
510 18
511 25
512 23
513 19
514 22
515 24
516 19
517 19
518 18
519 16
520 23
521 22
522 24
523 14
524 16
525 18
526 24
527 21
528 12
529 29
530 11
531 21
532 17
533 21
534 20
535 20
536 22
537 18
538 26
539 17
540 19
541 17
542 22
543 24
544 11
545 19
546 16
547 22
548 11
549 24
550 24
551 23
552 15
553 22
554 29
555 29
556 20
557 20
558 20
559 20
560 20
561 16
562 17
563 16
564 19
565 25
566 21
567 11
568 20
569 15
570 17
571 9
572 20
573 24
574 21
575 14
576 15
577 20
578 27
579 17
580 26
581 16
582 19
583 12
584 20
585 12
586 16
587 20
588 13
589 10
590 23
591 9
592 16
593 15
594 17
595 13
596 15
597 17
598 16
599 35
600 20
601 20
602 19
603 17
604 28
605 18
606 13
607 17
608 23
609 25
610 13
611 22
612 20
613 17
614 29
615 19
616 31
617 16
618 15
619 17
620 17
621 17
622 31
623 26
624 19
625 18
626 15
627 17
628 17
629 22
630 24
631 18
632 24
633 14
634 21
635 23
636 22
637 26
638 23
639 30
640 19
641 16
642 17
643 20
644 21
645 18
646 20
647 15
648 21
649 15
650 22
651 24
652 19
653 16
654 25
655 21
656 19
657 13
658 18
659 13
660 10
661 19
662 21
663 16
664 13
665 15
666 19
667 17
668 31
669 25
670 30
671 16
672 17
673 24
674 17
675 11
676 20
677 23
678 20
679 25
680 16
681 20
682 25
683 20
684 15
685 14
686 20
687 12
688 16
689 27
690 16
691 19
692 21
693 18
694 15
695 19
696 20
697 16
698 21
699 27
700 23
701 15
702 10
703 22
704 15
705 16
706 36
707 24
708 21
709 14
710 19
711 18
712 25
713 12
714 18
715 22
716 25
717 25
718 23
719 19
720 21
721 22
722 13
723 16
724 12
725 19
726 17
727 20
728 17
729 19
730 13
731 22
732 12
733 12
734 20
735 20
736 20
737 22
738 17
739 19
740 26
741 14
742 14
743 17
744 20
745 20
746 15
747 24
748 25
749 22
750 21
751 27
752 17
753 19
754 28
755 18
756 20
757 16
758 24
759 16
760 15
761 13
762 25
763 12
764 21
765 21
766 16
767 20
768 23
769 21
770 17
771 21
772 18
773 18
774 23
775 20
776 20
777 16
778 13
779 14
780 12
781 15
782 29
783 14
784 15
785 9
786 18
787 21
788 14
789 19
790 20
791 23
792 16
793 22
794 25
795 25
796 18
797 15
798 19
799 18
800 10
801 14
802 19
803 14
804 23
805 29
806 22
807 24
808 16
809 21
810 17
811 14
812 19
813 18
814 11
815 17
816 20
817 17
818 16
819 24
820 24
821 17
822 10
823 15
824 18
825 18
826 26
827 15
828 28
829 20
830 26
831 22
832 11
833 16
834 23
835 21
836 20
837 32
838 23
839 21
840 16
841 17
842 18
843 20
844 25
845 19
846 11
847 22
848 18
849 16
850 15
851 17
852 20
853 18
854 21
855 19
856 16
857 17
858 23
859 15
860 23
861 21
862 24
863 25
864 24
865 21
866 18
867 19
868 24
869 13
870 26
871 17
872 18
873 23
874 12
875 12
876 20
877 13
878 25
879 12
880 17
881 19
882 12
883 19
884 27
885 20
886 15
887 18
888 24
889 17
890 22
891 15
892 14
893 28
894 17
895 21
896 19
897 16
898 22
899 19
900 15
901 19
902 18
903 17
904 16
905 20
906 19
907 19
908 20
909 21
910 13
911 18
912 19
913 23
914 21
915 11
916 24
917 15
918 15
919 19
920 13
921 6
922 18
923 23
924 11
925 13
926 20
927 16
928 14
929 21
930 20
931 20
932 20
933 15
934 15
935 15
936 21
937 20
938 23
939 19
940 15
941 18
942 24
943 20
944 20
945 22
946 22
947 15
948 16
949 27
950 14
951 18
952 14
953 23
954 23
955 23
956 15
957 17
958 23
959 12
960 18
961 19
962 18
963 21
964 16
965 19
966 21
967 17
968 30
969 13
970 22
971 19
972 15
973 20
974 17
975 14
976 12
977 10
978 19
979 17
980 27
981 15
982 18
983 20
984 14
985 21
986 23
987 22
988 13
989 22
990 20
991 15
992 19
993 21
994 24
995 17
996 24
997 19
998 17
999 20
