0 23
1 24
2 31
3 33
4 27
5 28
6 26
7 27
8 28
9 21
10 30
11 24
12 24
13 25
14 28
15 27
16 25
17 22
18 29
19 27
20 18
21 32
22 24
23 26
24 24
25 28
26 27
27 30
28 28
29 18
30 21
31 27
32 24
33 30
34 33
35 23
36 27
37 28
38 22
39 24
40 28
41 27
42 30
43 29
44 21
45 19
46 23
47 28
48 22
49 29
50 20
51 27
52 32
53 31
54 28
55 21
56 19
57 29
58 21
59 23
60 23
61 27
62 29
63 20
64 26
65 23
66 29
67 28
68 23
69 23
70 26
71 25
72 16
73 23
74 26
75 28
76 27
77 30
78 27
79 25
80 18
81 28
82 29
83 25
84 29
85 25
86 32
87 25
88 26
89 26
90 27
91 26
92 23
93 27
94 31
95 20
96 22
97 26
98 30
99 22
100 30
101 19
102 30
103 25
104 29
105 30
106 24
107 33
108 31
109 20
110 26
111 27
112 25
113 22
114 20
115 29
116 23
117 30
118 26
119 28
120 31
121 30
122 31
123 22
124 26
125 23
126 26
127 28
128 24
129 23
130 23
131 26
132 32
133 30
134 26
135 22
136 26
137 25
138 29
139 29
140 23
141 24
142 24
143 26
144 21
145 27
146 31
147 27
148 24
149 31
150 20
151 29
152 24
153 26
154 28
155 25
156 25
157 23
158 27
159 22
160 24
161 32
162 23
163 26
164 28
165 25
166 26
167 27
168 34
169 27
170 26
171 26
172 30
173 26
174 22
175 25
176 26
177 28
178 26
179 34
180 27
181 28
182 29
183 32
184 25
185 25
186 27
187 23
188 25
189 31
190 34
191 22
192 31
193 29
194 28
195 24
196 25
197 20
198 22
199 31
200 27
201 24
202 22
203 28
204 29
205 24
206 27
207 30
208 27
209 20
210 26
211 23
212 19
213 20
214 21
215 23
216 29
217 18
218 29
219 29
220 27
221 28
222 26
223 26
224 29
225 23
226 22
227 23
228 24
229 22
230 27
231 19
232 28
233 25
234 27
235 28
236 26
237 30
238 26
239 24
240 28
241 26
242 20
243 22
244 24
245 24
246 27
247 27
248 31
249 17
250 28
251 27
252 25
253 28
254 31
255 23
256 20
257 21
258 23
259 24
260 27
261 23
262 24
263 26
264 25
265 18
266 28
267 31
268 30
269 27
270 26
271 26
272 27
273 21
274 21
275 26
276 27
277 25
278 26
279 32
280 31
281 22
282 36
283 31
284 28
285 19
286 25
287 32
288 24
289 27
290 22
291 25
292 24
293 28
294 22
295 26
296 30
297 28
298 23
299 32
300 26
301 24
302 27
303 26
304 29
305 28
306 23
307 24
308 36
309 34
310 18
311 29
312 28
313 23
314 23
315 29
316 26
317 30
318 28
319 20
320 26
321 25
322 24
323 23
324 30
325 24
326 34
327 24
328 22
329 25
330 28
331 22
332 21
333 25
334 24
335 24
336 25
337 18
338 25
339 25
340 26
341 27
342 26
343 20
344 27
345 23
346 27
347 29
348 26
349 29
350 26
351 26
352 28
353 24
354 26
355 17
356 23
357 23
358 26
359 28
360 26
361 32
362 24
363 27
364 24
365 25
366 27
367 31
368 31
369 22
370 27
371 25
372 27
373 25
374 32
375 25
376 22
377 27
378 24
379 34
380 19
381 26
382 26
383 26
384 21
385 25
386 29
387 22
388 34
389 28
390 25
391 30
392 17
393 26
394 25
395 23
396 25
397 31
398 25
399 29
400 25
401 29
402 25
403 22
404 28
405 29
406 20
407 22
408 27
409 23
410 21
411 26
412 26
413 23
414 30
415 20
416 26
417 29
418 26
419 39
420 25
421 27
422 23
423 23
424 26
425 24
426 22
427 27
428 26
429 24
430 20
431 29
432 26
433 23
434 29
435 29
436 21
437 21
438 24
439 25
440 20
441 24
442 24
443 30
444 25
445 24
446 20
447 23
448 30
449 24
450 23
451 26
452 27
453 29
454 31
455 26
456 29
457 30
458 30
459 25
460 27
461 27
462 29
463 33
464 21
465 26
466 32
467 22
468 28
469 27
470 28
471 28
472 30
473 30
474 27
475 25
476 20
477 33
478 22
479 26
480 24
481 30
482 26
483 23
484 32
485 21
486 26
487 22
488 29
489 24
490 33
491 21
492 25
493 34
494 32
495 22
496 24
497 28
498 27
499 24
500 26
501 31
502 31
503 33
504 28
505 23
506 30
507 20
508 24
509 27
510 22
511 20
512 32
513 26
514 25
515 25
516 25
517 28
518 23
519 25
520 29
521 25
522 28
523 28
524 33
525 27
526 25
527 27
528 23
529 28
530 24
531 23
532 31
533 31
534 32
535 24
536 32
537 26
538 24
539 19
540 22
541 21
542 25
543 23
544 19
545 30
546 30
547 23
548 27
549 22
550 21
551 30
552 32
553 28
554 24
555 22
556 28
557 30
558 25
559 28
560 22
561 30
562 27
563 26
564 30
565 22
566 24
567 24
568 25
569 31
570 25
571 26
572 21
573 25
574 28
575 32
576 25
577 23
578 24
579 24
580 25
581 25
582 25
583 30
584 27
585 33
586 16
587 22
588 27
589 21
590 19
591 21
592 33
593 28
594 29
595 24
596 27
597 18
598 26
599 28
600 27
601 25
602 27
603 26
604 23
605 25
606 26
607 20
608 26
609 25
610 25
611 32
612 32
613 30
614 27
615 26
616 38
617 31
618 26
619 18
620 25
621 28
622 23
623 26
624 26
625 25
626 26
627 14
628 25
629 21
630 29
631 25
632 25
633 34
634 27
635 24
636 18
637 27
638 34
639 31
640 25
641 28
642 23
643 27
644 26
645 25
646 32
647 28
648 28
649 25
650 25
651 28
652 36
653 27
654 25
655 22
656 27
657 29
658 24
659 20
660 30
661 27
662 25
663 26
664 32
665 25
666 26
667 25
668 25
669 28
670 30
671 27
672 27
673 27
674 25
675 26
676 23
677 27
678 21
679 25
680 21
681 33
682 24
683 20
684 27
685 21
686 30
687 30
688 24
689 25
690 27
691 26
692 23
693 26
694 20
695 23
696 29
697 19
698 30
699 23
