0 27
1 31
2 22
3 23
4 30
5 23
6 32
7 24
8 23
9 28
10 27
11 29
12 27
13 21
14 26
15 20
16 27
17 27
18 24
19 23
20 26
21 23
22 24
23 21
24 21
25 31
26 22
27 28
28 24
29 22
30 19
31 20
32 16
33 22
34 29
35 25
36 22
37 26
38 27
39 21
40 29
41 19
42 24
43 25
44 30
45 21
46 33
47 22
48 30
49 25
50 28
51 31
52 20
53 18
54 23
55 31
56 27
57 14
58 15
59 21
60 26
61 27
62 21
63 18
64 23
65 17
66 22
67 24
68 25
69 20
70 21
71 22
72 25
73 25
74 19
75 29
76 21
77 21
78 21
79 33
80 25
81 15
82 25
83 13
84 19
85 17
86 37
87 31
88 30
89 15
90 20
91 22
92 20
93 19
94 22
95 28
96 30
97 17
98 24
99 38
100 19
101 31
102 18
103 22
104 19
105 22
106 27
107 28
108 21
109 19
110 14
111 19
112 28
113 22
114 21
115 31
116 19
117 17
118 17
119 19
120 27
121 19
122 24
123 24
124 24
125 28
126 24
127 20
128 23
129 18
130 26
131 21
132 15
133 23
134 20
135 16
136 32
137 31
138 28
139 11
140 28
141 27
142 25
143 20
144 18
145 20
146 27
147 19
148 26
149 19
150 22
151 17
152 25
153 31
154 18
155 18
156 26
157 21
158 26
159 20
160 27
161 20
162 27
163 19
164 22
165 25
166 23
167 14
168 18
169 27
170 23
171 26
172 24
173 15
174 20
175 16
176 27
177 23
178 20
179 18
180 21
181 29
182 20
183 17
184 20
185 28
186 22
187 25
188 23
189 16
190 21
191 25
192 33
193 27
194 32
195 18
196 22
197 35
198 22
199 27
200 20
201 10
202 25
203 26
204 17
205 30
206 21
207 30
208 27
209 21
210 24
211 24
212 26
213 19
214 15
215 16
216 18
217 25
218 26
219 22
220 24
221 23
222 22
223 22
224 24
225 22
226 26
227 24
228 29
229 23
230 24
231 20
232 30
233 23
234 32
235 20
236 20
237 18
238 22
239 24
240 23
241 18
242 22
243 20
244 22
245 27
246 31
247 16
248 28
249 18
250 27
251 24
252 21
253 34
254 17
255 29
256 22
257 25
258 21
259 17
260 23
261 18
262 25
263 15
264 20
265 11
266 27
267 25
268 19
269 21
270 23
271 24
272 22
273 24
274 14
275 24
276 18
277 21
278 22
279 20
280 23
281 22
282 19
283 18
284 19
285 20
286 15
287 27
288 23
289 21
290 20
291 22
292 19
293 23
294 25
295 19
296 25
297 28
298 18
299 20
300 23
301 23
302 21
303 26
304 23
305 22
306 28
307 27
308 19
309 24
310 33
311 21
312 23
313 20
314 14
315 21
316 24
317 22
318 22
319 21
320 25
321 27
322 21
323 20
324 27
325 23
326 24
327 24
328 22
329 19
330 23
331 19
332 27
333 22
334 24
335 27
336 24
337 20
338 29
339 22
340 20
341 29
342 25
343 17
344 16
345 19
346 26
347 16
348 23
349 22
350 18
351 20
352 20
353 22
354 25
355 31
356 24
357 23
358 26
359 21
360 29
361 20
362 25
363 22
364 24
365 31
366 21
367 18
368 19
369 17
370 29
371 22
372 24
373 27
374 32
375 21
376 21
377 27
378 21
379 24
380 12
381 15
382 22
383 24
384 31
385 20
386 19
387 23
388 28
389 20
390 18
391 20
392 24
393 26
394 22
395 26
396 22
397 20
398 20
399 22
400 19
401 16
402 30
403 24
404 20
405 26
406 29
407 29
408 26
409 27
410 17
411 21
412 21
413 29
414 23
415 21
416 23
417 25
418 12
419 21
420 36
421 20
422 26
423 25
424 22
425 22
426 23
427 22
428 17
429 29
430 22
431 32
432 23
433 26
434 24
435 29
436 23
437 19
438 20
439 21
440 18
441 24
442 24
443 20
444 13
445 20
446 19
447 24
448 30
449 19
450 26
451 27
452 21
453 22
454 25
455 20
456 24
457 29
458 20
459 20
460 24
461 25
462 37
463 26
464 20
465 18
466 25
467 24
468 25
469 21
470 29
471 23
472 28
473 25
474 17
475 17
476 28
477 18
478 16
479 22
480 30
481 23
482 31
483 25
484 24
485 22
486 19
487 18
488 28
489 36
490 24
491 21
492 23
493 24
494 21
495 23
496 22
497 21
498 25
499 28
