0 25
1 24
2 24
3 26
4 27
5 28
6 23
7 21
8 33
9 25
10 35
11 34
12 30
13 25
14 24
15 30
16 22
17 30
18 20
19 23
20 27
21 22
22 25
23 32
24 24
25 35
26 33
27 20
28 32
29 29
30 38
31 27
32 25
33 27
34 23
35 22
36 34
37 25
38 18
39 31
40 37
41 23
42 27
43 24
44 23
45 27
46 21
47 33
48 24
49 24
50 39
51 24
52 20
53 25
54 29
55 30
56 23
57 19
58 24
59 31
60 17
61 31
62 28
63 29
64 26
65 29
66 30
67 24
68 27
69 31
70 29
71 22
72 18
73 25
74 26
75 24
76 35
77 28
78 21
79 26
80 26
81 27
82 29
83 28
84 36
85 31
86 26
87 31
88 26
89 30
90 27
91 23
92 22
93 21
94 31
95 21
96 26
97 24
98 29
99 28
100 29
101 26
102 26
103 24
104 24
105 24
106 27
107 33
108 24
109 28
110 27
111 27
112 23
113 31
114 27
115 26
116 21
117 29
118 34
119 24
120 34
121 28
122 22
123 25
124 24
125 24
126 41
127 33
128 31
129 26
130 29
131 20
132 27
133 21
134 29
135 30
136 25
137 32
138 29
139 25
140 32
141 24
142 23
143 17
144 23
145 23
146 20
147 32
148 22
149 39
150 26
151 28
152 38
153 29
154 29
155 25
156 19
157 25
158 32
159 31
160 32
161 30
162 23
163 22
164 26
165 26
166 24
167 20
168 31
169 37
170 29
171 28
172 24
173 26
174 27
175 30
176 33
177 22
178 31
179 24
180 28
181 35
182 21
183 32
184 22
185 32
186 27
187 28
188 26
189 15
190 27
191 25
192 24
193 34
194 26
195 29
196 24
197 17
198 22
199 28
200 22
201 22
202 31
203 26
204 26
205 22
206 28
207 33
208 21
209 25
210 23
211 24
212 27
213 32
214 26
215 21
216 28
217 27
218 31
219 27
220 28
221 26
222 26
223 22
224 27
225 27
226 23
227 27
228 25
229 28
230 35
231 34
232 25
233 21
234 26
235 26
236 23
237 26
238 26
239 30
240 30
241 19
242 24
243 27
244 22
245 31
246 25
247 23
248 25
249 29
250 29
251 28
252 24
253 31
254 33
255 31
256 24
257 23
258 28
259 27
260 27
261 33
262 41
263 33
264 21
265 24
266 26
267 33
268 24
269 27
270 31
271 30
272 30
273 24
274 26
275 34
276 21
277 22
278 24
279 24
280 26
281 34
282 31
283 21
284 21
285 19
286 30
287 26
288 23
289 30
290 33
291 32
292 28
293 27
294 23
295 26
296 20
297 30
298 35
299 26
300 24
301 22
302 34
303 28
304 23
305 29
306 29
307 24
308 27
309 22
310 29
311 35
312 26
313 22
314 28
315 27
316 26
317 28
318 29
319 33
320 28
321 27
322 29
323 26
324 18
325 26
326 25
327 35
328 27
329 26
330 24
331 24
332 25
333 23
334 21
335 25
336 22
337 29
338 25
339 32
340 21
341 25
342 20
343 32
344 25
345 26
346 27
347 24
348 30
349 24
350 26
351 28
352 28
353 22
354 19
355 26
356 30
357 22
358 23
359 34
360 27
361 19
362 35
363 28
364 27
365 28
366 13
367 26
368 23
369 30
370 35
371 24
372 31
373 34
374 23
375 24
376 18
377 37
378 21
379 36
380 27
381 36
382 21
383 28
384 34
385 25
386 18
387 27
388 29
389 28
390 27
391 28
392 23
393 24
394 37
395 27
396 31
397 26
398 27
399 21
400 29
401 25
402 35
403 32
404 29
405 27
406 26
407 23
408 23
409 37
410 31
411 31
412 23
413 31
414 18
415 30
416 31
417 31
418 28
419 28
420 28
421 30
422 24
423 36
424 24
425 28
426 35
427 23
428 30
429 28
430 31
431 29
432 32
433 30
434 26
435 26
436 43
437 28
438 28
439 25
440 27
441 26
442 38
443 29
444 22
445 34
446 23
447 25
448 22
449 22
450 26
451 34
452 30
453 27
454 22
455 30
456 28
457 35
458 27
459 19
460 33
461 30
462 23
463 33
464 23
465 27
466 28
467 24
468 21
469 29
470 28
471 23
472 30
473 26
474 26
475 27
476 25
477 28
478 32
479 29
480 24
481 25
482 28
483 21
484 29
485 26
486 34
487 25
488 22
489 32
490 20
491 19
492 19
493 27
494 25
495 31
496 21
497 29
498 26
499 32
500 22
501 26
502 27
503 24
504 18
505 28
506 32
507 24
508 26
509 27
510 26
511 25
512 27
513 28
514 23
515 24
516 30
517 29
518 29
519 18
520 29
521 20
522 21
523 20
524 24
525 26
526 28
527 23
528 28
529 24
530 23
531 27
532 19
533 26
534 25
535 29
536 18
537 33
538 25
539 29
540 26
541 24
542 24
543 24
544 28
545 27
546 27
547 27
548 42
549 28
550 29
551 28
552 23
553 21
554 31
555 24
556 29
557 33
558 32
559 29
560 20
561 35
562 28
563 27
564 22
565 28
566 24
567 26
568 27
569 15
570 22
571 28
572 32
573 29
574 20
575 30
576 32
577 23
578 24
579 26
580 30
581 28
582 30
583 26
584 36
585 24
586 33
587 33
588 18
589 26
590 16
591 28
592 30
593 31
594 25
595 28
596 32
597 24
598 24
599 29
600 21
601 27
602 28
603 29
604 31
605 25
606 27
607 32
608 28
609 35
610 33
611 29
612 22
613 21
614 27
615 24
616 28
617 25
618 20
619 24
620 34
621 29
622 23
623 23
624 36
625 27
626 22
627 27
628 31
629 24
630 24
631 25
632 23
633 35
634 26
635 25
636 25
637 23
638 23
639 28
640 23
641 25
642 30
643 34
644 28
645 28
646 32
647 20
648 25
649 23
650 23
651 28
652 27
653 37
654 25
655 33
656 28
657 29
658 26
659 27
660 33
661 30
662 33
663 25
664 28
665 30
666 35
667 23
668 33
669 32
670 24
671 23
672 32
673 25
674 33
675 29
676 40
677 29
678 31
679 25
680 28
681 29
682 24
683 25
684 22
685 26
686 23
687 18
688 32
689 26
690 30
691 20
692 27
693 34
694 31
695 19
696 22
697 26
698 22
699 35
700 21
701 25
702 19
703 33
704 28
705 32
706 23
707 27
708 36
709 24
710 31
711 32
712 25
713 27
714 28
715 26
716 25
717 23
718 22
719 24
720 20
721 22
722 32
723 27
724 23
725 30
726 35
727 27
728 33
729 32
730 20
731 27
732 31
733 26
734 38
735 33
736 24
737 35
738 27
739 30
740 31
741 31
742 18
743 36
744 23
745 24
746 31
747 30
748 27
749 23
750 32
751 19
752 28
753 29
754 31
755 32
756 30
757 33
758 32
759 33
760 33
761 19
762 30
763 29
764 26
765 21
766 27
767 25
768 29
769 25
770 31
771 24
772 32
773 29
774 24
775 17
776 24
777 29
778 32
779 26
780 27
781 25
782 35
783 40
784 27
785 25
786 31
787 31
788 24
789 24
790 22
791 23
792 31
793 26
794 28
795 30
796 22
797 30
798 18
799 27
