0 125
1 126
2 103
3 85
4 119
5 85
6 130
7 126
8 103
9 119
10 124
11 143
12 122
13 102
14 140
15 97
16 96
17 126
18 124
19 73
20 82
21 72
22 96
23 73
24 72
25 61
26 53
27 70
28 92
29 70
30 60
31 70
32 64
33 82
34 66
35 77
36 68
37 81
38 95
39 43
40 86
41 72
42 42
43 82
44 52
45 58
46 102
47 69
48 45
49 45
50 52
51 51
52 51
53 50
54 56
55 59
56 47
57 38
58 54
59 57
60 46
61 48
62 35
63 64
64 35
65 53
66 39
67 61
68 50
69 35
70 43
71 46
72 34
73 48
74 39
75 39
76 37
77 34
78 31
79 25
80 33
81 53
82 41
83 42
84 42
85 37
86 52
87 56
88 46
89 36
90 30
91 48
92 33
93 58
94 36
95 24
96 32
97 27
98 44
99 45
100 26
101 28
102 33
103 50
104 34
105 30
106 35
107 25
108 47
109 41
110 26
111 34
112 26
113 28
114 36
115 26
116 23
117 30
118 32
119 41
120 29
121 33
122 33
123 27
124 40
125 30
126 41
127 41
128 30
129 25
130 36
131 31
132 30
133 33
134 28
135 40
136 22
137 24
138 25
139 37
140 31
141 26
142 27
143 36
144 32
145 35
146 32
147 31
148 26
149 31
150 24
151 33
152 27
153 36
154 35
155 23
156 26
157 30
158 25
159 29
160 29
161 25
162 24
163 18
164 24
165 29
166 27
167 26
168 29
169 30
170 33
171 35
172 25
173 25
174 24
175 34
176 24
177 19
178 26
179 37
180 34
181 23
182 26
183 25
184 24
185 23
186 33
187 32
188 29
189 34
190 34
191 27
192 25
193 25
194 27
195 34
196 26
197 28
198 29
199 24
200 25
201 24
202 23
203 26
204 21
205 24
206 26
207 26
208 26
209 31
210 22
211 29
212 25
213 22
214 18
215 20
216 30
217 23
218 29
219 20
220 31
221 15
222 27
223 28
224 28
225 27
226 21
227 20
228 25
229 23
230 24
231 23
232 18
233 22
234 18
235 20
236 15
237 20
238 24
239 25
240 25
241 28
242 32
243 21
244 20
245 22
246 25
247 25
248 20
249 24
250 19
251 18
252 15
253 21
254 28
255 17
256 20
257 26
258 24
259 23
260 22
261 22
262 18
263 19
264 17
265 16
266 19
267 18
268 25
269 27
270 21
271 18
272 21
273 18
274 21
275 15
276 22
277 26
278 17
279 19
280 31
281 25
282 17
283 20
284 25
285 19
286 20
287 26
288 17
289 19
290 20
291 25
292 25
293 19
294 19
295 18
296 24
297 17
298 25
299 20
300 21
301 20
302 16
303 23
304 23
305 25
306 16
307 22
308 24
309 21
310 17
311 21
312 20
313 23
314 17
315 22
316 21
317 23
318 24
319 16
320 23
321 18
322 22
323 19
324 16
325 19
326 16
327 17
328 17
329 21
330 16
331 21
332 17
333 18
334 18
335 16
336 21
337 20
338 25
339 22
340 25
341 17
342 16
343 15
344 17
345 15
346 20
347 22
348 23
349 14
350 15
351 18
352 18
353 17
354 18
355 22
356 17
357 21
358 16
359 18
360 24
361 19
362 15
363 18
364 17
365 22
366 20
367 22
368 19
369 19
370 22
371 16
372 19
373 23
374 17
375 16
376 19
377 17
378 17
379 17
380 22
381 20
382 21
383 17
384 18
385 13
386 18
387 17
388 19
389 16
390 16
391 15
392 18
393 14
394 16
395 14
396 16
397 17
398 22
399 13
400 17
401 21
402 21
403 12
404 17
405 19
406 14
407 16
408 13
409 24
410 14
411 18
412 15
413 17
414 15
415 16
416 14
417 20
418 15
419 16
420 17
421 15
422 15
423 15
424 16
425 20
426 22
427 14
428 17
429 20
430 16
431 14
432 17
433 18
434 15
435 17
436 19
437 17
438 23
439 15
440 18
441 16
442 21
443 15
444 15
445 17
446 18
447 20
448 17
449 16
450 17
451 16
452 19
453 16
454 15
455 15
456 16
457 18
458 14
459 17
460 17
461 15
462 13
463 15
464 17
465 16
466 18
467 20
468 15
469 16
470 16
471 15
472 19
473 17
474 20
475 16
476 15
477 15
478 19
479 17
480 13
481 17
482 17
483 18
484 14
485 13
486 15
487 15
488 15
489 13
490 15
491 19
492 17
493 17
494 16
495 15
496 16
497 15
498 13
499 14
500 16
501 15
502 18
503 18
504 18
505 15
506 14
507 14
508 16
509 15
510 18
511 14
512 16
513 16
514 13
515 17
516 14
517 14
518 13
519 13
520 17
521 13
522 14
523 17
524 13
525 12
526 17
527 14
528 15
529 13
530 14
531 16
532 15
533 14
534 13
535 13
536 13
537 12
538 16
539 14
540 14
541 16
542 14
543 12
544 15
545 15
546 19
547 17
548 13
549 15
550 14
551 14
552 16
553 13
554 14
555 14
556 17
557 13
558 15
559 14
560 14
561 15
562 14
563 12
564 14
565 18
566 13
567 16
568 13
569 18
570 13
571 13
572 16
573 16
574 13
575 14
576 13
577 13
578 15
579 13
580 15
581 16
582 13
583 13
584 13
585 14
586 13
587 14
588 13
589 13
590 14
591 14
592 14
593 13
594 15
595 13
596 13
597 14
598 14
599 14
600 14
601 13
602 13
603 16
604 15
605 13
606 14
607 15
608 14
609 14
610 14
611 17
612 14
613 15
614 13
615 16
616 13
617 13
618 13
619 16
620 13
621 14
622 14
623 15
624 13
625 15
626 13
627 12
628 13
629 14
630 14
631 13
632 13
633 15
634 14
635 16
636 13
637 13
638 13
639 13
640 12
641 13
642 14
643 13
644 12
645 13
646 13
647 15
648 12
649 13
650 13
651 13
652 12
653 14
654 13
655 15
656 13
657 13
658 13
659 14
660 13
661 15
662 13
663 14
664 13
665 14
666 13
667 14
668 13
669 13
670 13
671 13
672 13
673 14
674 13
675 13
676 13
677 13
678 13
679 13
680 13
681 13
682 13
683 14
684 13
685 13
686 13
687 13
688 14
689 13
690 13
691 12
692 13
693 13
694 13
695 13
696 13
697 13
698 12
699 12
