0 24
1 17
2 33
3 30
4 33
5 21
6 32
7 29
8 28
9 22
10 21
11 35
12 30
13 20
14 33
15 34
16 18
17 35
18 24
19 20
20 33
21 29
22 24
23 21
24 23
25 21
26 32
27 22
28 28
29 25
30 24
31 27
32 24
33 27
34 29
35 21
36 26
37 36
38 30
39 25
40 31
41 25
42 26
43 18
44 22
45 23
46 26
47 28
48 27
49 32
50 29
51 28
52 27
53 28
54 27
55 27
56 18
57 23
58 29
59 28
60 22
61 31
62 29
63 24
64 24
65 24
66 31
67 31
68 25
69 26
70 30
71 31
72 22
73 23
74 32
75 26
76 29
77 17
78 24
79 25
80 37
81 19
82 25
83 26
84 31
85 24
86 21
87 19
88 24
89 23
90 21
91 29
92 23
93 21
94 27
95 31
96 35
97 18
98 22
99 25
100 24
101 28
102 26
103 26
104 29
105 31
106 25
107 24
108 32
109 23
110 34
111 22
112 24
113 31
114 29
115 24
116 21
117 27
118 23
119 28
120 27
121 28
122 21
123 19
124 20
125 15
126 29
127 34
128 19
129 28
130 29
131 20
132 21
133 27
134 39
135 26
136 32
137 23
138 30
139 27
140 27
141 35
142 26
143 34
144 28
145 29
146 29
147 24
148 24
149 29
150 27
151 16
152 27
153 31
154 23
155 31
156 30
157 31
158 27
159 26
160 25
161 27
162 35
163 27
164 22
165 21
166 24
167 28
168 30
169 27
170 26
171 25
172 25
173 26
174 26
175 26
176 29
177 28
178 26
179 21
180 22
181 40
182 21
183 17
184 23
185 24
186 23
187 24
188 24
189 35
190 32
191 23
192 25
193 26
194 22
195 18
196 31
197 29
198 23
199 28
200 30
201 39
202 30
203 29
204 36
205 25
206 19
207 24
208 27
209 21
210 42
211 32
212 28
213 21
214 21
215 29
216 29
217 28
218 35
219 26
220 27
221 32
222 24
223 24
224 30
225 25
226 27
227 27
228 23
229 29
230 28
231 32
232 25
233 22
234 17
235 23
236 30
237 31
238 30
239 22
240 28
241 34
242 23
243 35
244 24
245 24
246 26
247 25
248 25
249 30
250 26
251 25
252 29
253 27
254 26
255 24
256 27
257 27
258 28
259 31
260 31
261 31
262 23
263 23
264 27
265 33
266 30
267 26
268 22
269 31
270 27
271 28
272 32
273 24
274 27
275 32
276 33
277 27
278 27
279 28
280 27
281 36
282 25
283 21
284 30
285 23
286 32
287 24
288 33
289 25
290 29
291 39
292 30
293 34
294 30
295 31
296 23
297 34
298 25
299 24
300 28
301 18
302 24
303 29
304 29
305 29
306 20
307 31
308 27
309 32
310 29
311 21
312 36
313 28
314 31
315 17
316 26
317 32
318 22
319 25
320 27
321 25
322 27
323 24
324 34
325 22
326 19
327 21
328 22
329 29
330 31
331 28
332 25
333 22
334 24
335 27
336 20
337 29
338 31
339 30
340 28
341 29
342 26
343 26
344 20
345 31
346 28
347 30
348 27
349 20
350 28
351 28
352 25
353 24
354 18
355 33
356 26
357 24
358 24
359 33
360 27
361 32
362 31
363 26
364 21
365 25
366 26
367 23
368 25
369 33
370 28
371 37
372 25
373 23
374 26
375 32
376 34
377 25
378 18
379 23
380 26
381 26
382 21
383 21
384 23
385 21
386 34
387 27
388 27
389 36
390 28
391 29
392 19
393 28
394 25
395 30
396 20
397 28
398 27
399 18
400 21
401 30
402 24
403 26
404 24
405 33
406 33
407 30
408 28
409 30
410 30
411 21
412 18
413 36
414 25
415 31
416 24
417 28
418 33
419 22
420 25
421 29
422 30
423 29
424 27
425 30
426 27
427 31
428 35
429 19
430 34
431 26
432 34
433 31
434 29
435 21
436 25
437 24
438 33
439 25
440 28
441 28
442 24
443 28
444 27
445 30
446 27
447 25
448 31
449 26
450 21
451 33
452 30
453 20
454 21
455 17
456 26
457 24
458 34
459 27
460 23
461 29
462 27
463 30
464 26
465 30
466 31
467 28
468 32
469 17
470 33
471 27
472 24
473 31
474 26
475 26
476 23
477 26
478 23
479 28
480 24
481 23
482 22
483 23
484 17
485 22
486 27
487 30
488 32
489 29
490 25
491 31
492 24
493 29
494 21
495 29
496 27
497 26
498 25
499 29
