0 41
1 36
2 27
3 31
4 37
5 31
6 44
7 35
8 36
9 33
10 39
11 29
12 28
13 37
14 26
15 35
16 45
17 36
18 34
19 34
20 38
21 34
22 35
23 31
24 33
25 30
26 39
27 40
28 34
29 36
30 31
31 31
32 35
33 27
34 40
35 34
36 37
37 37
38 38
39 38
40 26
41 25
42 33
43 40
44 34
45 27
46 39
47 36
48 37
49 38
50 36
51 34
52 50
53 37
54 41
55 35
56 38
57 30
58 31
59 31
60 30
61 47
62 36
63 25
64 32
65 36
66 45
67 37
68 45
69 38
70 32
71 43
72 33
73 46
74 31
75 34
76 41
77 36
78 39
79 36
80 30
81 38
82 33
83 29
84 34
85 33
86 37
87 36
88 39
89 31
90 37
91 30
92 30
93 41
94 31
95 44
96 33
97 34
98 34
99 27
100 51
101 38
102 39
103 23
104 34
105 32
106 32
107 35
108 23
109 38
110 38
111 38
112 40
113 32
114 30
115 35
116 29
117 31
118 33
119 25
120 35
121 34
122 36
123 39
124 33
125 35
126 39
127 39
128 36
129 42
130 46
131 30
132 31
133 39
134 37
135 38
136 32
137 38
138 44
139 31
140 43
141 28
142 35
143 39
144 36
145 37
146 35
147 34
148 38
149 32
150 39
151 30
152 38
153 29
154 33
155 31
156 35
157 35
158 33
159 42
160 39
161 28
162 34
163 30
164 33
165 38
166 42
167 34
168 41
169 36
170 40
171 33
172 41
173 33
174 30
175 40
176 38
177 36
178 30
179 30
180 36
181 35
182 35
183 32
184 32
185 40
186 38
187 27
188 38
189 25
190 45
191 38
192 31
193 39
194 46
195 42
196 45
197 37
198 31
199 41
200 42
201 32
202 41
203 35
204 31
205 34
206 27
207 28
208 37
209 50
210 30
211 23
212 39
213 31
214 35
215 30
216 28
217 47
218 37
219 33
220 27
221 38
222 35
223 36
224 45
225 39
226 32
227 30
228 46
229 45
230 40
231 38
232 32
233 41
234 37
235 39
236 48
237 32
238 38
239 45
240 35
241 42
242 30
243 33
244 48
245 33
246 45
247 32
248 31
249 37
250 36
251 37
252 34
253 30
254 43
255 37
256 34
257 37
258 37
259 30
260 40
261 24
262 37
263 40
264 29
265 35
266 35
267 33
268 37
269 25
270 39
271 33
272 29
273 33
274 42
275 24
276 35
277 43
278 26
279 37
280 37
281 32
282 31
283 23
284 34
285 30
286 31
287 27
288 24
289 41
290 36
291 39
292 37
293 41
294 36
295 33
296 36
297 37
298 40
299 35
300 30
301 39
302 32
303 25
304 32
305 34
306 37
307 38
308 38
309 29
310 37
311 32
312 29
313 44
314 29
315 38
316 36
317 37
318 28
319 26
320 38
321 39
322 37
323 41
324 27
325 39
326 31
327 29
328 36
329 38
330 46
331 40
332 28
333 29
334 39
335 37
336 34
337 35
338 29
339 26
340 27
341 36
342 28
343 40
344 39
345 26
346 29
347 34
348 47
349 37
350 30
351 44
352 36
353 29
354 32
355 40
356 28
357 30
358 41
359 39
360 27
361 33
362 37
363 30
364 33
365 35
366 30
367 38
368 26
369 32
370 31
371 38
372 28
373 36
374 40
375 34
376 42
377 29
378 37
379 34
380 36
381 32
382 30
383 39
384 37
385 34
386 38
387 36
388 35
389 32
390 37
391 34
392 39
393 36
394 25
395 40
396 21
397 36
398 33
399 27
400 32
401 41
402 39
403 38
404 37
405 42
406 32
407 36
408 44
409 44
410 37
411 36
412 38
413 26
414 31
415 38
416 46
417 42
418 40
419 33
420 27
421 37
422 37
423 34
424 31
425 39
426 27
427 40
428 38
429 32
430 33
431 41
432 32
433 39
434 41
435 29
436 39
437 37
438 41
439 36
440 36
441 32
442 30
443 40
444 31
445 24
446 43
447 44
448 44
449 40
450 34
451 38
452 33
453 29
454 46
455 31
456 40
457 36
458 36
459 45
460 34
461 38
462 29
463 35
464 30
465 37
466 42
467 33
468 35
469 46
470 35
471 29
472 26
473 33
474 38
475 31
476 31
477 34
478 39
479 47
480 49
481 38
482 29
483 30
484 39
485 35
486 30
487 36
488 26
489 38
490 27
491 45
492 39
493 31
494 34
495 35
496 27
497 39
498 44
499 37
500 34
501 27
502 41
503 35
504 42
505 34
506 40
507 39
508 40
509 19
510 34
511 34
512 28
513 42
514 28
515 32
516 28
517 25
518 37
519 37
520 39
521 36
522 29
523 29
524 29
525 30
526 25
527 35
528 34
529 28
530 33
531 33
532 31
533 29
534 35
535 36
536 39
537 31
538 40
539 33
540 30
541 35
542 37
543 40
544 34
545 41
546 31
547 39
548 37
549 35
550 33
551 42
552 37
553 36
554 34
555 25
556 36
557 42
558 47
559 32
560 41
561 39
562 31
563 31
564 37
565 28
566 28
567 38
568 38
569 42
570 33
571 57
572 47
573 39
574 25
575 35
576 40
577 37
578 44
579 29
580 28
581 31
582 17
583 41
584 37
585 39
586 36
587 37
588 44
589 31
590 40
591 28
592 34
593 47
594 49
595 41
596 41
597 35
598 34
599 36
600 41
601 32
602 25
603 28
604 32
605 39
606 37
607 31
608 26
609 36
610 25
611 32
612 34
613 30
614 40
615 31
616 38
617 32
618 32
619 33
620 34
621 37
622 43
623 31
624 43
625 27
626 37
627 32
628 27
629 29
630 44
631 30
632 37
633 31
634 31
635 29
636 41
637 33
638 27
639 39
640 33
641 31
642 42
643 39
644 41
645 34
646 37
647 35
648 35
649 30
650 36
651 28
652 33
653 25
654 32
655 32
656 29
657 45
658 31
659 31
660 43
661 26
662 27
663 37
664 23
665 38
666 37
667 44
668 37
669 37
670 30
671 31
672 43
673 43
674 35
675 37
676 37
677 37
678 37
679 34
680 29
681 45
682 30
683 30
684 32
685 28
686 45
687 31
688 39
689 37
690 36
691 34
692 30
693 30
694 32
695 41
696 37
697 44
698 33
699 36
700 23
701 40
702 28
703 38
704 31
705 43
706 30
707 38
708 35
709 27
710 28
711 31
712 40
713 33
714 40
715 39
716 34
717 29
718 29
719 41
720 38
721 43
722 34
723 36
724 32
725 32
726 35
727 33
728 35
729 35
730 42
731 24
732 27
733 23
734 37
735 42
736 31
737 32
738 34
739 46
740 41
741 31
742 26
743 38
744 36
745 26
746 35
747 38
748 44
749 32
750 37
751 37
752 28
753 44
754 38
755 38
756 30
757 27
758 42
759 39
760 28
761 29
762 25
763 37
764 44
765 36
766 36
767 39
768 40
769 35
770 34
771 39
772 33
773 48
774 31
775 37
776 21
777 33
778 34
779 41
780 33
781 40
782 32
783 27
784 30
785 38
786 38
787 43
788 23
789 31
790 40
791 29
792 22
793 24
794 35
795 39
796 26
797 35
798 27
799 38
800 44
801 33
802 47
803 29
804 42
805 41
806 26
807 30
808 41
809 46
810 42
811 31
812 33
813 30
814 35
815 36
816 39
817 33
818 35
819 37
820 28
821 33
822 29
823 29
824 37
825 32
826 38
827 27
828 27
829 36
830 40
831 34
832 35
833 28
834 26
835 31
836 41
837 36
838 31
839 39
840 37
841 37
842 22
843 38
844 27
845 51
846 38
847 32
848 32
849 28
850 27
851 34
852 24
853 46
854 24
855 42
856 34
857 44
858 33
859 38
860 37
861 33
862 25
863 31
864 35
865 34
866 52
867 47
868 40
869 27
870 39
871 37
872 39
873 33
874 31
875 40
876 30
877 40
878 29
879 41
880 41
881 32
882 31
883 28
884 37
885 36
886 35
887 40
888 43
889 41
890 32
891 30
892 36
893 32
894 37
895 31
896 32
897 39
898 38
899 39
900 32
901 42
902 42
903 39
904 38
905 44
906 44
907 31
908 36
909 30
910 30
911 42
912 35
913 27
914 44
915 39
916 37
917 41
918 27
919 39
920 32
921 39
922 37
923 37
924 35
925 38
926 31
927 34
928 40
929 37
930 39
931 35
932 30
933 32
934 38
935 42
936 23
937 35
938 37
939 28
940 32
941 35
942 31
943 32
944 29
945 32
946 31
947 26
948 38
949 31
950 33
951 24
952 48
953 29
954 40
955 34
956 32
957 29
958 34
959 33
960 39
961 36
962 34
963 30
964 47
965 34
966 48
967 26
968 34
969 30
970 35
971 40
972 39
973 38
974 35
975 34
976 31
977 36
978 29
979 32
980 33
981 28
982 35
983 29
984 32
985 41
986 43
987 50
988 32
989 28
990 39
991 38
992 42
993 36
994 27
995 44
996 26
997 29
998 36
999 34
