0 34
1 41
2 39
3 42
4 26
5 29
6 31
7 36
8 42
9 23
10 37
11 41
12 33
13 36
14 36
15 42
16 31
17 44
18 36
19 37
20 33
21 37
22 37
23 37
24 34
25 35
26 34
27 30
28 31
29 36
30 27
31 33
32 37
33 46
34 34
35 40
36 29
37 36
38 37
39 41
40 35
41 45
42 35
43 32
44 35
45 33
46 30
47 31
48 32
49 39
50 38
51 41
52 33
53 38
54 35
55 30
56 47
57 37
58 37
59 33
60 32
61 30
62 35
63 30
64 29
65 33
66 39
67 33
68 33
69 27
70 38
71 39
72 38
73 39
74 28
75 29
76 39
77 39
78 38
79 40
80 39
81 32
82 33
83 26
84 31
85 33
86 35
87 35
88 36
89 38
90 40
91 30
92 31
93 40
94 41
95 45
96 40
97 38
98 34
99 31
100 50
101 34
102 47
103 45
104 39
105 36
106 35
107 36
108 32
109 33
110 34
111 38
112 34
113 38
114 38
115 31
116 37
117 34
118 39
119 37
120 33
121 29
122 31
123 44
124 33
125 39
126 33
127 34
128 38
129 22
130 39
131 39
132 31
133 37
134 37
135 22
136 30
137 47
138 33
139 27
140 30
141 23
142 38
143 31
144 30
145 28
146 29
147 42
148 48
149 21
150 33
151 42
152 31
153 37
154 34
155 28
156 35
157 33
158 37
159 29
160 37
161 31
162 32
163 31
164 34
165 40
166 40
167 29
168 45
169 28
170 28
171 31
172 28
173 30
174 34
175 38
176 30
177 38
178 34
179 39
180 39
181 35
182 37
183 35
184 24
185 31
186 30
187 29
188 41
189 37
190 36
191 34
192 40
193 31
194 34
195 39
196 36
197 39
198 34
199 28
200 27
201 43
202 22
203 31
204 39
205 26
206 35
207 38
208 32
209 44
210 29
211 36
212 28
213 35
214 32
215 39
216 39
217 27
218 25
219 43
220 29
221 41
222 34
223 41
224 38
225 42
226 37
227 34
228 33
229 38
230 38
231 31
232 30
233 35
234 42
235 35
236 36
237 35
238 30
239 23
240 44
241 38
242 30
243 30
244 34
245 39
246 38
247 39
248 29
249 25
250 31
251 24
252 39
253 30
254 44
255 35
256 29
257 37
258 28
259 40
260 40
261 33
262 24
263 25
264 36
265 35
266 35
267 34
268 37
269 27
270 44
271 43
272 31
273 38
274 37
275 39
276 46
277 30
278 32
279 25
280 29
281 29
282 38
283 36
284 38
285 27
286 38
287 37
288 40
289 33
290 35
291 33
292 30
293 32
294 31
295 33
296 37
297 34
298 34
299 50
300 34
301 33
302 29
303 35
304 34
305 28
306 23
307 29
308 35
309 34
310 39
311 36
312 30
313 38
314 34
315 33
316 39
317 33
318 33
319 31
320 37
321 31
322 36
323 44
324 31
325 32
326 36
327 36
328 32
329 33
330 40
331 30
332 32
333 31
334 34
335 28
336 47
337 38
338 31
339 42
340 33
341 26
342 27
343 48
344 37
345 33
346 36
347 43
348 45
349 42
350 35
351 34
352 38
353 27
354 30
355 35
356 40
357 36
358 31
359 37
360 49
361 36
362 41
363 32
364 37
365 29
366 33
367 41
368 38
369 29
370 21
371 37
372 28
373 31
374 28
375 34
376 42
377 31
378 31
379 40
380 38
381 34
382 31
383 36
384 32
385 36
386 26
387 36
388 26
389 32
390 25
391 41
392 38
393 33
394 23
395 32
396 38
397 35
398 29
399 30
400 33
401 26
402 36
403 35
404 36
405 24
406 26
407 38
408 34
409 45
410 36
411 41
412 38
413 32
414 31
415 28
416 38
417 39
418 31
419 36
420 42
421 30
422 31
423 29
424 32
425 26
426 35
427 31
428 35
429 44
430 35
431 32
432 37
433 31
434 31
435 40
436 32
437 34
438 41
439 28
440 32
441 31
442 34
443 31
444 38
445 35
446 31
447 29
448 28
449 38
450 36
451 36
452 48
453 46
454 36
455 32
456 36
457 40
458 29
459 36
460 44
461 36
462 40
463 37
464 38
465 42
466 30
467 33
468 37
469 35
470 34
471 35
472 35
473 30
474 40
475 38
476 38
477 38
478 33
479 41
480 31
481 33
482 30
483 45
484 37
485 41
486 31
487 40
488 43
489 38
490 28
491 39
492 30
493 28
494 28
495 34
496 37
497 37
498 35
499 30
500 33
501 36
502 33
503 34
504 35
505 31
506 39
507 36
508 43
509 35
510 45
511 29
512 28
513 38
514 38
515 34
516 32
517 43
518 26
519 41
520 32
521 43
522 35
523 35
524 32
525 32
526 27
527 39
528 28
529 45
530 40
531 35
532 37
533 26
534 25
535 33
536 31
537 40
538 37
539 36
540 40
541 31
542 37
543 31
544 34
545 32
546 33
547 32
548 39
549 40
550 34
551 35
552 44
553 38
554 38
555 37
556 35
557 37
558 41
559 38
560 36
561 42
562 40
563 35
564 36
565 30
566 24
567 37
568 33
569 37
570 35
571 33
572 41
573 33
574 28
575 28
576 29
577 40
578 33
579 40
580 40
581 29
582 29
583 27
584 39
585 44
586 34
587 31
588 40
589 38
590 35
591 34
592 31
593 38
594 34
595 33
596 36
597 27
598 26
599 36
600 36
601 30
602 27
603 44
604 45
605 31
606 34
607 37
608 32
609 43
610 27
611 32
612 37
613 30
614 37
615 39
616 44
617 36
618 45
619 33
620 37
621 36
622 31
623 33
624 35
625 28
626 33
627 27
628 28
629 40
630 28
631 42
632 30
633 34
634 36
635 34
636 39
637 35
638 31
639 40
640 43
641 35
642 35
643 31
644 29
645 39
646 42
647 49
648 35
649 31
650 41
651 43
652 36
653 39
654 44
655 46
656 35
657 43
658 40
659 44
660 26
661 32
662 44
663 34
664 31
665 45
666 32
667 40
668 33
669 36
670 37
671 32
672 27
673 38
674 38
675 41
676 41
677 39
678 37
679 33
680 36
681 47
682 27
683 30
684 38
685 31
686 40
687 44
688 29
689 40
690 36
691 40
692 34
693 37
694 31
695 37
696 34
697 35
698 32
699 44
700 33
701 28
702 37
703 33
704 36
705 42
706 33
707 32
708 35
709 28
710 26
711 37
712 32
713 36
714 36
715 28
716 32
717 38
718 42
719 30
720 22
721 39
722 35
723 33
724 33
725 35
726 32
727 32
728 33
729 45
730 37
731 40
732 40
733 33
734 28
735 33
736 29
737 37
738 40
739 32
740 32
741 29
742 38
743 44
744 42
745 32
746 36
747 50
748 28
749 32
750 31
751 38
752 34
753 29
754 46
755 32
756 36
757 35
758 35
759 36
760 27
761 42
762 40
763 38
764 25
765 35
766 33
767 39
768 30
769 37
770 35
771 35
772 27
773 40
774 38
775 46
776 39
777 46
778 40
779 30
780 40
781 35
782 39
783 31
784 24
785 27
786 33
787 27
788 35
789 32
790 31
791 39
792 38
793 26
794 28
795 37
796 36
797 45
798 35
799 23
800 39
801 37
802 30
803 32
804 31
805 27
806 40
807 36
808 34
809 30
810 35
811 30
812 31
813 29
814 34
815 35
816 31
817 32
818 31
819 23
820 40
821 34
822 28
823 30
824 38
825 42
826 33
827 35
828 38
829 31
830 27
831 25
832 37
833 32
834 32
835 34
836 27
837 39
838 37
839 26
840 42
841 27
842 35
843 29
844 38
845 44
846 36
847 50
848 36
849 32
850 32
851 30
852 42
853 37
854 29
855 32
856 34
857 37
858 36
859 31
860 35
861 41
862 36
863 33
864 33
865 30
866 31
867 36
868 33
869 28
870 34
871 32
872 33
873 39
874 32
875 40
876 38
877 32
878 29
879 38
880 35
881 33
882 39
883 34
884 41
885 35
886 41
887 31
888 44
889 31
890 25
891 38
892 36
893 32
894 31
895 39
896 29
897 47
898 27
899 32
