0 36
1 38
2 27
3 36
4 26
5 21
6 37
7 33
8 36
9 17
10 25
11 22
12 29
13 20
14 31
15 34
16 27
17 29
18 27
19 34
20 18
21 27
22 41
23 20
24 21
25 25
26 24
27 34
28 32
29 26
30 34
31 30
32 28
33 23
34 30
35 22
36 24
37 36
38 30
39 22
40 32
41 32
42 26
43 32
44 24
45 21
46 32
47 32
48 32
49 23
50 31
51 29
52 30
53 28
54 27
55 25
56 33
57 30
58 26
59 27
60 44
61 33
62 25
63 33
64 38
65 27
66 24
67 28
68 33
69 31
70 28
71 30
72 22
73 26
74 30
75 18
76 32
77 25
78 25
79 29
80 24
81 35
82 29
83 33
84 27
85 36
86 23
87 23
88 36
89 25
90 28
91 24
92 27
93 28
94 28
95 27
96 31
97 29
98 31
99 40
100 30
101 28
102 26
103 37
104 30
105 33
106 26
107 23
108 24
109 23
110 27
111 23
112 27
113 31
114 25
115 36
116 35
117 29
118 38
119 39
120 31
121 21
122 25
123 34
124 29
125 23
126 24
127 31
128 41
129 18
130 37
131 22
132 37
133 25
134 33
135 38
136 34
137 23
138 23
139 33
140 31
141 26
142 30
143 28
144 21
145 28
146 25
147 30
148 26
149 24
150 27
151 21
152 23
153 20
154 29
155 29
156 30
157 30
158 27
159 24
160 15
161 29
162 39
163 31
164 29
165 31
166 34
167 29
168 32
169 22
170 25
171 17
172 27
173 35
174 30
175 27
176 43
177 30
178 32
179 30
180 33
181 32
182 30
183 21
184 29
185 22
186 30
187 35
188 30
189 30
190 30
191 26
192 30
193 28
194 27
195 32
196 36
197 20
198 26
199 26
200 32
201 23
202 24
203 23
204 27
205 25
206 28
207 26
208 27
209 30
210 25
211 21
212 28
213 39
214 20
215 31
216 34
217 21
218 22
219 33
220 34
221 39
222 28
223 30
224 32
225 27
226 26
227 32
228 23
229 30
230 31
231 36
232 27
233 27
234 26
235 34
236 28
237 22
238 29
239 22
240 26
241 25
242 23
243 38
244 30
245 37
246 26
247 24
248 38
249 38
250 30
251 29
252 20
253 44
254 23
255 36
256 25
257 25
258 34
259 28
260 23
261 35
262 15
263 34
264 24
265 29
266 25
267 37
268 32
269 35
270 31
271 33
272 34
273 40
274 32
275 32
276 28
277 30
278 33
279 21
280 40
281 25
282 28
283 26
284 33
285 29
286 36
287 19
288 27
289 25
290 33
291 40
292 34
293 30
294 26
295 21
296 29
297 33
298 27
299 37
300 25
301 39
302 27
303 30
304 24
305 26
306 28
307 32
308 34
309 32
310 22
311 28
312 29
313 31
314 32
315 32
316 34
317 19
318 24
319 31
320 26
321 32
322 24
323 29
324 27
325 23
326 28
327 26
328 24
329 33
330 27
331 32
332 20
333 20
334 31
335 28
336 32
337 34
338 30
339 21
340 27
341 24
342 24
343 26
344 38
345 29
346 32
347 21
348 34
349 30
350 28
351 21
352 28
353 26
354 31
355 33
356 28
357 26
358 27
359 25
360 27
361 29
362 28
363 25
364 33
365 36
366 27
367 31
368 31
369 28
370 15
371 30
372 30
373 33
374 33
375 37
376 29
377 33
378 31
379 27
380 25
381 19
382 28
383 36
384 34
385 27
386 33
387 26
388 28
389 28
390 38
391 33
392 35
393 25
394 28
395 33
396 24
397 30
398 30
399 31
400 21
401 22
402 35
403 25
404 28
405 28
406 27
407 19
408 27
409 30
410 32
411 28
412 31
413 21
414 28
415 45
416 35
417 39
418 37
419 24
420 30
421 25
422 28
423 35
424 26
425 19
426 25
427 21
428 24
429 32
430 28
431 29
432 27
433 30
434 33
435 33
436 33
437 30
438 30
439 28
440 31
441 29
442 32
443 18
444 34
445 39
446 29
447 34
448 27
449 31
450 40
451 23
452 35
453 19
454 27
455 26
456 23
457 32
458 33
459 32
460 21
461 25
462 24
463 29
464 36
465 34
466 29
467 24
468 34
469 26
470 28
471 22
472 28
473 28
474 31
475 33
476 40
477 32
478 33
479 30
480 30
481 27
482 33
483 26
484 32
485 24
486 25
487 24
488 28
489 25
490 26
491 27
492 35
493 17
494 29
495 37
496 37
497 30
498 36
499 38
500 29
501 29
502 27
503 28
504 30
505 35
506 33
507 24
508 31
509 33
510 25
511 27
512 30
513 30
514 23
515 26
516 27
517 35
518 31
519 28
520 34
521 27
522 24
523 32
524 31
525 25
526 34
527 28
528 22
529 27
530 19
531 34
532 26
533 30
534 22
535 37
536 29
537 34
538 26
539 25
540 40
541 34
542 26
543 37
544 20
545 32
546 34
547 30
548 19
549 33
550 28
551 35
552 31
553 27
554 41
555 24
556 32
557 29
558 31
559 23
560 29
561 31
562 25
563 27
564 27
565 26
566 30
567 30
568 33
569 28
570 27
571 36
572 30
573 31
574 35
575 24
576 23
577 24
578 27
579 27
580 34
581 28
582 15
583 21
584 37
585 32
586 34
587 34
588 28
589 32
590 37
591 22
592 33
593 32
594 29
595 32
596 22
597 29
598 41
599 33
600 36
601 26
602 29
603 28
604 29
605 40
606 37
607 34
608 24
609 23
610 25
611 26
612 32
613 23
614 31
615 27
616 27
617 29
618 37
619 22
620 25
621 26
622 38
623 33
624 22
625 23
626 34
627 23
628 35
629 33
630 26
631 34
632 32
633 36
634 28
635 22
636 27
637 29
638 24
639 24
640 24
641 26
642 27
643 30
644 25
645 43
646 26
647 35
648 30
649 25
650 39
651 29
652 28
653 43
654 23
655 27
656 18
657 27
658 25
659 32
660 26
661 38
662 37
663 19
664 22
665 34
666 24
667 21
668 30
669 27
670 19
671 31
672 31
673 31
674 24
675 32
676 39
677 27
678 29
679 24
680 27
681 28
682 21
683 25
684 26
685 36
686 30
687 27
688 31
689 34
690 36
691 24
692 30
693 25
694 31
695 31
696 33
697 27
698 23
699 37
700 33
701 29
702 30
703 23
704 27
705 31
706 31
707 32
708 24
709 24
710 29
711 29
712 30
713 30
714 29
715 23
716 31
717 38
718 26
719 26
720 33
721 18
722 32
723 35
724 29
725 29
726 24
727 35
728 26
729 36
730 29
731 27
732 31
733 24
734 27
735 25
736 38
737 27
738 37
739 26
740 31
741 25
742 35
743 24
744 33
745 25
746 41
747 28
748 23
749 26
750 29
751 28
752 28
753 33
754 26
755 27
756 37
757 27
758 28
759 17
760 35
761 30
762 32
763 25
764 23
765 27
766 28
767 24
768 32
769 31
770 37
771 30
772 30
773 42
774 30
775 33
776 30
777 25
778 28
779 15
780 37
781 30
782 29
783 23
784 36
785 25
786 27
787 35
788 26
789 17
790 15
791 21
792 27
793 33
794 29
795 34
796 32
797 26
798 29
799 32
