0 25
1 25
2 33
3 30
4 26
5 20
6 29
7 31
8 29
9 29
10 27
11 33
12 26
13 21
14 33
15 30
16 27
17 32
18 25
19 29
20 23
21 28
22 29
23 27
24 27
25 35
26 23
27 34
28 27
29 31
30 23
31 27
32 26
33 37
34 25
35 20
36 26
37 21
38 23
39 23
40 26
41 25
42 30
43 28
44 25
45 26
46 35
47 24
48 30
49 27
50 29
51 31
52 26
53 30
54 32
55 23
56 24
57 34
58 20
59 27
60 33
61 22
62 30
63 27
64 30
65 27
66 35
67 23
68 26
69 19
70 32
71 27
72 31
73 29
74 22
75 25
76 31
77 21
78 19
79 27
80 27
81 27
82 29
83 24
84 29
85 28
86 25
87 26
88 33
89 30
90 30
91 29
92 27
93 30
94 20
95 25
96 25
97 29
98 19
99 24
100 27
101 31
102 21
103 28
104 30
105 25
106 27
107 26
108 28
109 16
110 26
111 33
112 32
113 23
114 28
115 28
116 35
117 22
118 32
119 36
120 25
121 28
122 25
123 29
124 33
125 29
126 20
127 28
128 26
129 28
130 26
131 27
132 20
133 21
134 28
135 20
136 23
137 22
138 27
139 21
140 29
141 32
142 24
143 30
144 18
145 33
146 28
147 29
148 28
149 31
150 24
151 33
152 37
153 23
154 19
155 32
156 31
157 25
158 30
159 27
160 23
161 13
162 28
163 21
164 32
165 26
166 31
167 33
168 28
169 25
170 36
171 28
172 30
173 29
174 21
175 27
176 23
177 29
178 31
179 27
180 25
181 35
182 24
183 28
184 23
185 21
186 24
187 25
188 31
189 19
190 25
191 24
192 32
193 24
194 29
195 27
196 27
197 19
198 24
199 27
200 30
201 29
202 26
203 21
204 24
205 25
206 30
207 32
208 22
209 17
210 25
211 26
212 30
213 28
214 29
215 28
216 20
217 34
218 25
219 26
220 20
221 17
222 22
223 27
224 25
225 29
226 29
227 23
228 23
229 23
230 20
231 32
232 30
233 23
234 28
235 25
236 25
237 28
238 20
239 26
240 23
241 31
242 24
243 17
244 27
245 30
246 27
247 33
248 25
249 30
250 31
251 28
252 20
253 24
254 21
255 22
256 33
257 20
258 35
259 28
260 24
261 29
262 27
263 21
264 27
265 33
266 24
267 20
268 28
269 32
270 34
271 28
272 26
273 26
274 22
275 22
276 24
277 21
278 27
279 24
280 18
281 25
282 34
283 29
284 41
285 30
286 34
287 26
288 33
289 25
290 22
291 28
292 30
293 24
294 28
295 23
296 30
297 21
298 26
299 36
300 29
301 25
302 25
303 24
304 30
305 30
306 26
307 26
308 28
309 28
310 22
311 27
312 24
313 28
314 24
315 27
316 32
317 29
318 33
319 31
320 19
321 29
322 24
323 21
324 24
325 25
326 29
327 28
328 21
329 28
330 24
331 26
332 29
333 28
334 25
335 32
336 25
337 30
338 25
339 19
340 20
341 24
342 23
343 23
344 23
345 20
346 27
347 17
348 35
349 36
350 23
351 30
352 31
353 22
354 27
355 30
356 24
357 22
358 23
359 26
360 25
361 25
362 28
363 29
364 25
365 32
366 26
367 22
368 29
369 27
370 29
371 26
372 30
373 25
374 25
375 24
376 30
377 30
378 25
379 27
380 24
381 32
382 19
383 31
384 24
385 27
386 27
387 23
388 33
389 24
390 36
391 27
392 29
393 24
394 29
395 32
396 24
397 26
398 20
399 28
400 34
401 30
402 26
403 29
404 28
405 25
406 28
407 29
408 21
409 27
410 27
411 26
412 22
413 29
414 24
415 33
416 28
417 28
418 26
419 26
420 31
421 30
422 24
423 21
424 32
425 35
426 33
427 35
428 20
429 18
430 26
431 23
432 26
433 30
434 27
435 30
436 29
437 22
438 30
439 25
440 27
441 22
442 31
443 24
444 31
445 27
446 30
447 26
448 34
449 34
450 30
451 28
452 24
453 25
454 28
455 25
456 22
457 32
458 29
459 26
460 29
461 23
462 24
463 29
464 35
465 36
466 26
467 24
468 25
469 31
470 18
471 20
472 27
473 28
474 27
475 24
476 37
477 25
478 30
479 29
480 25
481 29
482 27
483 27
484 34
485 29
486 35
487 31
488 35
489 34
490 35
491 28
492 33
493 24
494 31
495 26
496 25
497 30
498 27
499 25
500 25
501 24
502 34
503 28
504 23
505 33
506 25
507 35
508 30
509 25
510 24
511 21
512 28
513 25
514 17
515 23
516 23
517 22
518 28
519 25
520 25
521 24
522 23
523 26
524 22
525 28
526 28
527 27
528 31
529 30
530 27
531 24
532 26
533 32
534 26
535 24
536 27
537 25
538 29
539 31
540 33
541 25
542 25
543 21
544 27
545 31
546 21
547 32
548 31
549 31
550 26
551 24
552 28
553 23
554 24
555 26
556 29
557 23
558 26
559 32
560 34
561 27
562 25
563 24
564 19
565 23
566 31
567 29
568 30
569 27
570 25
571 25
572 29
573 33
574 24
575 38
576 23
577 34
578 26
579 25
580 28
581 28
582 23
583 33
584 35
585 27
586 21
587 28
588 31
589 31
590 21
591 28
592 22
593 32
594 27
595 24
596 30
597 24
598 28
599 29
