0 96
1 98
2 86
3 120
4 124
5 102
6 92
7 103
8 139
9 108
10 97
11 126
12 108
13 121
14 119
15 84
16 105
17 76
18 62
19 72
20 89
21 74
22 92
23 62
24 106
25 49
26 54
27 104
28 70
29 65
30 68
31 57
32 47
33 67
34 72
35 43
36 48
37 73
38 70
39 67
40 59
41 83
42 66
43 63
44 57
45 53
46 61
47 50
48 50
49 76
50 65
51 36
52 54
53 46
54 30
55 50
56 46
57 52
58 58
59 59
60 50
61 41
62 43
63 38
64 42
65 41
66 36
67 37
68 49
69 52
70 39
71 41
72 47
73 31
74 51
75 28
76 35
77 42
78 54
79 35
80 32
81 38
82 38
83 31
84 30
85 39
86 37
87 23
88 25
89 28
90 33
91 28
92 64
93 38
94 46
95 39
96 34
97 27
98 40
99 41
100 42
101 32
102 32
103 32
104 25
105 27
106 39
107 26
108 29
109 33
110 40
111 33
112 38
113 35
114 38
115 27
116 29
117 32
118 28
119 25
120 36
121 25
122 23
123 30
124 30
125 26
126 31
127 27
128 23
129 26
130 32
131 29
132 30
133 31
134 29
135 29
136 28
137 21
138 32
139 27
140 27
141 35
142 26
143 30
144 37
145 22
146 31
147 23
148 27
149 18
150 33
151 27
152 18
153 29
154 28
155 27
156 21
157 20
158 25
159 25
160 17
161 26
162 22
163 29
164 27
165 30
166 30
167 23
168 22
169 19
170 25
171 27
172 28
173 24
174 18
175 23
176 19
177 24
178 37
179 31
180 34
181 32
182 30
183 34
184 18
185 21
186 28
187 19
188 22
189 28
190 29
191 20
192 21
193 22
194 28
195 24
196 17
197 19
198 26
199 27
200 24
201 18
202 20
203 20
204 23
205 24
206 19
207 22
208 15
209 20
210 19
211 20
212 20
213 19
214 19
215 22
216 16
217 31
218 22
219 22
220 26
221 26
222 19
223 21
224 18
225 24
226 19
227 22
228 26
229 20
230 21
231 18
232 23
233 20
234 21
235 22
236 20
237 20
238 15
239 26
240 17
241 16
242 16
243 14
244 22
245 23
246 18
247 15
248 24
249 19
250 31
251 20
252 23
253 21
254 21
255 21
256 18
257 18
258 22
259 25
260 23
261 23
262 22
263 17
264 15
265 22
266 19
267 15
268 20
269 15
270 15
271 19
272 21
273 19
274 17
275 19
276 13
277 20
278 19
279 20
280 27
281 15
282 26
283 17
284 20
285 20
286 18
287 22
288 16
289 20
290 16
291 19
292 20
293 18
294 18
295 18
296 21
297 19
298 19
299 17
300 20
301 16
302 16
303 19
304 20
305 20
306 19
307 18
308 19
309 17
310 23
311 22
312 16
313 14
314 17
315 30
316 15
317 15
318 19
319 21
320 18
321 16
322 16
323 14
324 21
325 17
326 14
327 21
328 16
329 17
330 20
331 18
332 15
333 15
334 18
335 16
336 15
337 17
338 17
339 17
340 15
341 17
342 16
343 15
344 19
345 17
346 21
347 15
348 19
349 17
350 16
351 22
352 21
353 16
354 21
355 21
356 17
357 18
358 13
359 20
360 14
361 16
362 17
363 20
364 16
365 20
366 14
367 17
368 16
369 16
370 11
371 16
372 17
373 17
374 15
375 19
376 16
377 16
378 19
379 17
380 12
381 15
382 15
383 23
384 17
385 12
386 17
387 14
388 18
389 16
390 14
391 18
392 15
393 15
394 18
395 16
396 14
397 17
398 16
399 16
400 16
401 15
402 20
403 18
404 15
405 12
406 14
407 14
408 13
409 15
410 14
411 15
412 14
413 17
414 16
415 13
416 14
417 19
418 16
419 15
420 12
421 16
422 15
423 17
424 18
425 14
426 18
427 18
428 17
429 15
430 15
431 15
432 16
433 15
434 15
435 16
436 12
437 17
438 14
439 16
440 12
441 14
442 13
443 16
444 15
445 15
446 14
447 18
448 14
449 15
450 14
451 13
452 14
453 16
454 16
455 16
456 14
457 13
458 14
459 15
460 12
461 15
462 15
463 13
464 19
465 15
466 15
467 14
468 14
469 15
470 15
471 11
472 15
473 15
474 15
475 16
476 17
477 14
478 16
479 13
480 14
481 14
482 15
483 14
484 12
485 19
486 16
487 13
488 15
489 16
490 15
491 15
492 13
493 13
494 13
495 17
496 15
497 13
498 14
499 14
500 14
501 14
502 13
503 14
504 12
505 15
506 14
507 12
508 15
509 13
510 15
511 13
512 13
513 19
514 14
515 14
516 15
517 13
518 12
519 13
520 12
521 14
522 15
523 13
524 14
525 14
526 13
527 12
528 13
529 14
530 13
531 14
532 14
533 14
534 12
535 13
536 16
537 13
538 14
539 13
540 14
541 13
542 13
543 14
544 14
545 14
546 13
547 16
548 15
549 15
550 13
551 13
552 13
553 13
554 12
555 13
556 14
557 13
558 14
559 12
560 12
561 13
562 13
563 13
564 13
565 13
566 13
567 13
568 12
569 13
570 13
571 11
572 13
573 13
574 13
575 13
576 13
577 14
578 13
579 13
580 14
581 13
582 13
583 13
584 12
585 13
586 15
587 13
588 13
589 12
590 13
591 12
592 13
593 14
594 13
595 13
596 13
597 13
598 13
599 13
