0 53
1 41
2 35
3 34
4 41
5 53
6 55
7 54
8 60
9 46
10 48
11 47
12 45
13 37
14 39
15 40
16 66
17 41
18 63
19 41
20 49
21 45
22 49
23 44
24 63
25 55
26 53
27 55
28 46
29 53
30 40
31 41
32 58
33 39
34 58
35 45
36 61
37 46
38 47
39 56
40 61
41 59
42 47
43 36
44 42
45 55
46 59
47 60
48 55
49 46
50 46
51 53
52 61
53 49
54 51
55 54
56 57
57 52
58 43
59 52
60 49
61 56
62 48
63 52
64 48
65 53
66 51
67 48
68 46
69 47
70 52
71 49
72 55
73 56
74 48
75 41
76 40
77 47
78 51
79 52
80 62
81 52
82 51
83 51
84 43
85 50
86 53
87 41
88 33
89 54
90 47
91 32
92 43
93 44
94 45
95 43
96 48
97 50
98 41
99 55
100 48
101 56
102 48
103 38
104 46
105 45
106 37
107 41
108 44
109 36
110 44
111 57
112 64
113 51
114 55
115 67
116 51
117 50
118 48
119 44
120 49
121 32
122 47
123 43
124 49
125 50
126 36
127 38
128 47
129 50
130 31
131 72
132 50
133 46
134 45
135 48
136 47
137 43
138 41
139 42
140 43
141 52
142 39
143 49
144 36
145 48
146 55
147 44
148 33
149 48
150 49
151 40
152 38
153 42
154 42
155 40
156 39
157 61
158 37
159 54
160 47
161 53
162 50
163 38
164 44
165 45
166 36
167 44
168 62
169 44
170 48
171 64
172 38
173 51
174 47
175 46
176 48
177 43
178 43
179 54
180 40
181 39
182 47
183 50
184 46
185 46
186 43
187 34
188 40
189 57
190 58
191 42
192 39
193 44
194 43
195 55
196 52
197 40
198 47
199 56
200 54
201 49
202 52
203 50
204 38
205 45
206 41
207 46
208 43
209 47
210 38
211 47
212 48
213 50
214 37
215 45
216 54
217 51
218 47
219 55
220 42
221 53
222 54
223 50
224 53
225 55
226 57
227 49
228 50
229 58
230 58
231 51
232 57
233 39
234 50
235 43
236 45
237 44
238 47
239 50
240 56
241 47
242 43
243 52
244 46
245 46
246 51
247 49
248 48
249 45
250 44
251 47
252 44
253 53
254 62
255 51
256 43
257 48
258 61
259 43
260 40
261 51
262 55
263 45
264 36
265 44
266 42
267 55
268 46
269 44
270 38
271 46
272 44
273 42
274 46
275 61
276 41
277 43
278 50
279 52
280 73
281 55
282 40
283 33
284 45
285 48
286 53
287 59
288 55
289 53
290 40
291 45
292 37
293 51
294 46
295 42
296 40
297 51
298 51
299 45
300 45
301 42
302 46
303 42
304 45
305 46
306 44
307 53
308 43
309 46
310 42
311 69
312 50
313 48
314 59
315 38
316 49
317 45
318 52
319 43
320 55
321 53
322 40
323 48
324 63
325 46
326 61
327 53
328 43
329 46
330 53
331 37
332 44
333 52
334 45
335 55
336 49
337 49
338 54
339 44
340 54
341 48
342 43
343 51
344 42
345 40
346 39
347 39
348 54
349 47
350 52
351 62
352 53
353 45
354 41
355 61
356 43
357 36
358 41
359 45
360 44
361 51
362 35
363 53
364 50
365 51
366 47
367 49
368 45
369 50
370 46
371 38
372 46
373 56
374 43
375 56
376 36
377 53
378 46
379 46
380 39
381 43
382 65
383 46
384 45
385 38
386 43
387 53
388 50
389 52
390 56
391 44
392 45
393 57
394 34
395 42
396 56
397 54
398 65
399 37
400 46
401 51
402 48
403 53
404 54
405 46
406 59
407 52
408 43
409 49
410 53
411 49
412 47
413 52
414 49
415 43
416 34
417 41
418 43
419 54
420 45
421 47
422 51
423 55
424 47
425 47
426 35
427 52
428 48
429 50
430 47
431 45
432 53
433 48
434 50
435 47
436 45
437 45
438 52
439 49
440 48
441 42
442 35
443 48
444 55
445 39
446 55
447 53
448 53
449 43
450 54
451 46
452 53
453 43
454 50
455 57
456 45
457 43
458 40
459 43
460 46
461 38
462 44
463 50
464 45
465 45
466 45
467 53
468 53
469 49
470 50
471 58
472 52
473 46
474 44
475 48
476 55
477 43
478 45
479 43
480 52
481 57
482 53
483 45
484 41
485 37
486 52
487 44
488 49
489 35
490 33
491 50
492 45
493 53
494 58
495 53
496 49
497 53
498 32
499 45
500 57
501 48
502 62
503 38
504 46
505 37
506 43
507 49
508 53
509 46
510 47
511 46
512 50
513 49
514 56
515 51
516 40
517 52
518 52
519 40
520 49
521 51
522 36
523 50
524 36
525 46
526 47
527 54
528 46
529 63
530 46
531 46
532 52
533 54
534 54
535 48
536 58
537 46
538 40
539 48
540 43
541 57
542 51
543 51
544 42
545 41
546 43
547 37
548 34
549 53
550 58
551 53
552 46
553 49
554 43
555 47
556 51
557 43
558 53
559 53
560 53
561 53
562 44
563 51
564 46
565 44
566 53
567 45
568 55
569 52
570 50
571 43
572 45
573 58
574 45
575 43
576 39
577 42
578 40
579 54
580 44
581 42
582 51
583 49
584 48
585 39
586 53
587 45
588 43
589 42
590 43
591 43
592 50
593 41
594 42
595 59
596 56
597 44
598 44
599 57
600 44
601 59
602 49
603 48
604 58
605 47
606 33
607 34
608 54
609 50
610 49
611 40
612 53
613 48
614 49
615 46
616 50
617 44
618 50
619 50
620 43
621 43
622 43
623 41
624 57
625 40
626 57
627 35
628 59
629 53
630 50
631 38
632 57
633 61
634 46
635 50
636 45
637 55
638 43
639 48
640 45
641 40
642 44
643 43
644 47
645 41
646 43
647 52
648 41
649 44
650 43
651 62
652 54
653 42
654 54
655 33
656 46
657 46
658 48
659 37
660 45
661 40
662 49
663 53
664 45
665 52
666 40
667 41
668 42
669 48
670 38
671 58
672 43
673 51
674 44
675 51
676 62
677 36
678 43
679 50
680 49
681 39
682 48
683 42
684 48
685 46
686 53
687 70
688 49
689 47
690 50
691 43
692 42
693 47
694 46
695 54
696 57
697 53
698 41
699 35
700 56
701 48
702 44
703 48
704 46
705 51
706 44
707 48
708 37
709 44
710 37
711 33
712 51
713 50
714 40
715 48
716 56
717 51
718 47
719 52
720 45
721 50
722 49
723 46
724 43
725 49
726 57
727 63
728 58
729 46
730 49
731 61
732 43
733 47
734 56
735 43
736 38
737 49
738 45
739 43
740 50
741 55
742 44
743 50
744 46
745 54
746 57
747 41
748 54
749 41
750 46
751 47
752 59
753 50
754 47
755 36
756 45
757 43
758 52
759 44
760 58
761 46
762 41
763 42
764 48
765 56
766 55
767 49
768 51
769 48
770 44
771 59
772 37
773 52
774 40
775 36
776 45
777 49
778 51
779 53
780 57
781 57
782 58
783 57
784 44
785 47
786 45
787 54
788 46
789 49
790 45
791 50
792 62
793 47
794 41
795 50
796 47
797 40
798 59
799 43
800 55
801 48
802 45
803 38
804 54
805 62
806 52
807 54
808 50
809 40
810 55
811 49
812 33
813 40
814 55
815 49
816 53
817 45
818 59
819 51
820 61
821 54
822 47
823 42
824 42
825 44
826 48
827 48
828 49
829 48
830 52
831 38
832 44
833 49
834 51
835 45
836 51
837 46
838 53
839 41
840 54
841 41
842 47
843 39
844 46
845 42
846 45
847 40
848 46
849 43
850 49
851 41
852 44
853 53
854 39
855 49
856 45
857 48
858 43
859 50
860 49
861 36
862 48
863 54
864 33
865 39
866 62
867 49
868 51
869 46
870 44
871 47
872 44
873 39
874 42
875 53
876 53
877 54
878 51
879 48
880 48
881 47
882 54
883 43
884 52
885 45
886 56
887 49
888 42
889 55
890 45
891 52
892 62
893 41
894 54
895 58
896 44
897 50
898 49
899 46
