0 134
1 124
2 133
3 148
4 161
5 136
6 141
7 142
8 98
9 130
10 115
11 133
12 131
13 126
14 94
15 158
16 129
17 134
18 145
19 101
20 97
21 92
22 108
23 117
24 119
25 119
26 96
27 112
28 89
29 92
30 97
31 80
32 88
33 82
34 102
35 68
36 66
37 94
38 71
39 74
40 89
41 63
42 54
43 73
44 76
45 53
46 88
47 70
48 67
49 68
50 77
51 86
52 75
53 64
54 69
55 41
56 55
57 52
58 78
59 75
60 77
61 62
62 62
63 50
64 59
65 48
66 58
67 44
68 71
69 52
70 40
71 62
72 73
73 59
74 35
75 51
76 78
77 69
78 39
79 28
80 43
81 41
82 51
83 45
84 52
85 58
86 47
87 49
88 49
89 50
90 68
91 42
92 51
93 54
94 49
95 56
96 50
97 53
98 51
99 35
100 35
101 71
102 40
103 36
104 40
105 41
106 44
107 45
108 39
109 48
110 37
111 32
112 46
113 53
114 42
115 41
116 59
117 51
118 34
119 32
120 34
121 46
122 44
123 26
124 38
125 38
126 34
127 37
128 50
129 32
130 42
131 38
132 48
133 34
134 41
135 32
136 28
137 35
138 32
139 55
140 40
141 30
142 46
143 36
144 22
145 45
146 46
147 36
148 24
149 29
150 31
151 43
152 41
153 33
154 33
155 40
156 31
157 32
158 47
159 41
160 25
161 50
162 51
163 20
164 37
165 35
166 31
167 28
168 25
169 36
170 39
171 27
172 34
173 27
174 31
175 34
176 36
177 34
178 25
179 39
180 28
181 42
182 29
183 29
184 43
185 30
186 37
187 25
188 21
189 46
190 34
191 22
192 32
193 31
194 39
195 25
196 24
197 28
198 30
199 23
200 37
201 31
202 30
203 22
204 37
205 33
206 27
207 20
208 40
209 26
210 32
211 22
212 44
213 33
214 27
215 33
216 31
217 29
218 39
219 25
220 35
221 28
222 33
223 25
224 35
225 30
226 33
227 29
228 30
229 27
230 27
231 39
232 25
233 24
234 32
235 39
236 24
237 29
238 29
239 37
240 24
241 23
242 29
243 29
244 31
245 28
246 28
247 24
248 27
249 27
250 23
251 30
252 24
253 31
254 24
255 27
256 27
257 31
258 28
259 28
260 21
261 38
262 31
263 31
264 26
265 24
266 29
267 25
268 33
269 20
270 25
271 34
272 22
273 23
274 22
275 21
276 29
277 18
278 27
279 23
280 28
281 26
282 31
283 25
284 23
285 25
286 23
287 20
288 26
289 27
290 28
291 23
292 26
293 20
294 21
295 26
296 21
297 29
298 28
299 30
300 24
301 22
302 17
303 23
304 26
305 27
306 23
307 25
308 22
309 26
310 20
311 17
312 19
313 29
314 27
315 28
316 30
317 22
318 21
319 24
320 22
321 24
322 22
323 28
324 21
325 21
326 25
327 16
328 26
329 22
330 26
331 22
332 25
333 18
334 34
335 31
336 21
337 24
338 40
339 33
340 22
341 20
342 25
343 24
344 26
345 25
346 25
347 29
348 23
349 23
350 27
351 18
352 26
353 23
354 19
355 18
356 28
357 22
358 17
359 23
360 21
361 21
362 24
363 24
364 18
365 20
366 26
367 33
368 20
369 22
370 20
371 19
372 19
373 23
374 21
375 19
376 21
377 23
378 19
379 27
380 22
381 17
382 22
383 21
384 19
385 20
386 28
387 23
388 22
389 24
390 27
391 21
392 18
393 22
394 18
395 20
396 16
397 18
398 21
399 20
400 19
401 21
402 27
403 22
404 22
405 25
406 22
407 21
408 19
409 21
410 23
411 26
412 20
413 23
414 20
415 19
416 19
417 20
418 22
419 21
420 27
421 28
422 22
423 19
424 20
425 16
426 20
427 17
428 23
429 17
430 21
431 18
432 21
433 20
434 23
435 18
436 20
437 20
438 22
439 25
440 18
441 23
442 24
443 21
444 17
445 20
446 21
447 22
448 21
449 23
450 22
451 18
452 18
453 27
454 22
455 20
456 18
457 18
458 18
459 19
460 22
461 23
462 20
463 19
464 22
465 21
466 20
467 14
468 23
469 24
470 23
471 14
472 20
473 19
474 18
475 15
476 24
477 24
478 18
479 18
480 17
481 18
482 20
483 23
484 19
485 20
486 18
487 20
488 18
489 16
490 20
491 20
492 20
493 20
494 16
495 22
496 20
497 18
498 19
499 17
500 25
501 19
502 20
503 19
504 21
505 17
506 20
507 18
508 19
509 18
510 17
511 17
512 19
513 20
514 17
515 19
516 19
517 20
518 16
519 23
520 18
521 20
522 17
523 15
524 18
525 18
526 15
527 22
528 20
529 17
530 18
531 18
532 18
533 18
534 14
535 17
536 18
537 15
538 19
539 19
540 21
541 21
542 18
543 21
544 19
545 17
546 18
547 18
548 17
549 16
550 21
551 17
552 15
553 17
554 18
555 15
556 14
557 20
558 20
559 16
560 19
561 17
562 21
563 17
564 20
565 17
566 18
567 17
568 15
569 16
570 17
571 19
572 15
573 23
574 16
575 20
576 14
577 18
578 17
579 21
580 17
581 19
582 16
583 16
584 17
585 19
586 15
587 17
588 16
589 15
590 15
591 21
592 18
593 16
594 17
595 20
596 18
597 16
598 16
599 18
600 18
601 17
602 16
603 15
604 18
605 18
606 17
607 18
608 17
609 15
610 17
611 16
612 16
613 15
614 16
615 20
616 16
617 16
618 20
619 15
620 15
621 18
622 18
623 18
624 18
625 17
626 17
627 17
628 16
629 15
630 16
631 17
632 17
633 17
634 17
635 17
636 17
637 17
638 16
639 16
640 15
641 16
642 16
643 16
644 18
645 17
646 15
647 15
648 19
649 18
650 16
651 16
652 17
653 17
654 16
655 15
656 16
657 16
658 17
659 17
660 15
661 15
662 16
663 17
664 16
665 15
666 17
667 14
668 16
669 17
670 19
671 14
672 15
673 18
674 17
675 16
676 15
677 18
678 13
679 15
680 15
681 15
682 17
683 16
684 16
685 17
686 17
687 15
688 15
689 14
690 16
691 14
692 20
693 17
694 15
695 16
696 16
697 15
698 18
699 18
700 16
701 15
702 15
703 17
704 16
705 15
706 15
707 16
708 15
709 15
710 18
711 15
712 16
713 17
714 16
715 15
716 15
717 16
718 16
719 15
720 16
721 16
722 14
723 16
724 15
725 15
726 16
727 15
728 16
729 16
730 15
731 16
732 16
733 14
734 16
735 16
736 16
737 15
738 14
739 16
740 16
741 16
742 17
743 15
744 15
745 15
746 15
747 14
748 16
749 15
750 16
751 16
752 18
753 16
754 15
755 16
756 14
757 15
758 15
759 15
760 16
761 15
762 15
763 14
764 15
765 15
766 15
767 14
768 14
769 15
770 16
771 15
772 14
773 15
774 15
775 15
776 16
777 15
778 15
779 15
780 15
781 15
782 14
783 16
784 15
785 15
786 15
787 15
788 15
789 16
790 15
791 15
792 14
793 15
794 16
795 15
796 15
797 15
798 14
799 14
