0 45
1 50
2 55
3 53
4 48
5 39
6 42
7 43
8 41
9 51
10 42
11 46
12 35
13 54
14 36
15 59
16 58
17 51
18 49
19 40
20 46
21 54
22 50
23 44
24 47
25 45
26 41
27 48
28 53
29 59
30 39
31 51
32 50
33 42
34 52
35 49
36 50
37 52
38 62
39 48
40 43
41 58
42 43
43 46
44 44
45 58
46 43
47 48
48 56
49 37
50 43
51 42
52 40
53 55
54 48
55 38
56 51
57 48
58 34
59 54
60 41
61 52
62 47
63 41
64 55
65 41
66 43
67 50
68 37
69 45
70 45
71 47
72 43
73 42
74 42
75 42
76 46
77 62
78 59
79 45
80 57
81 39
82 53
83 53
84 44
85 40
86 50
87 39
88 47
89 49
90 48
91 49
92 35
93 62
94 63
95 44
96 60
97 46
98 36
99 33
100 45
101 44
102 45
103 37
104 46
105 48
106 50
107 58
108 40
109 44
110 47
111 39
112 35
113 50
114 38
115 46
116 38
117 56
118 47
119 58
120 40
121 54
122 40
123 50
124 64
125 45
126 50
127 53
128 46
129 44
130 45
131 48
132 44
133 40
134 50
135 45
136 48
137 48
138 47
139 50
140 38
141 47
142 46
143 41
144 54
145 51
146 37
147 53
148 56
149 59
150 58
151 54
152 38
153 60
154 57
155 49
156 55
157 47
158 45
159 36
160 42
161 53
162 40
163 43
164 46
165 65
166 40
167 44
168 65
169 61
170 33
171 42
172 58
173 57
174 49
175 50
176 51
177 47
178 40
179 49
180 54
181 46
182 54
183 47
184 55
185 34
186 64
187 56
188 51
189 46
190 46
191 39
192 50
193 49
194 37
195 42
196 55
197 41
198 59
199 48
200 44
201 45
202 50
203 46
204 39
205 58
206 40
207 50
208 43
209 44
210 56
211 71
212 40
213 52
214 49
215 40
216 44
217 50
218 46
219 45
220 39
221 65
222 46
223 56
224 55
225 45
226 53
227 46
228 49
229 46
230 68
231 45
232 52
233 35
234 60
235 43
236 49
237 54
238 40
239 55
240 47
241 49
242 61
243 53
244 58
245 44
246 50
247 50
248 49
249 41
250 46
251 52
252 43
253 56
254 56
255 57
256 41
257 35
258 61
259 32
260 48
261 41
262 40
263 57
264 47
265 42
266 52
267 47
268 59
269 50
270 45
271 45
272 51
273 55
274 52
275 58
276 37
277 44
278 56
279 49
280 44
281 40
282 44
283 47
284 43
285 55
286 53
287 44
288 40
289 51
290 54
291 49
292 42
293 44
294 44
295 55
296 56
297 52
298 36
299 51
300 53
301 48
302 44
303 51
304 60
305 44
306 47
307 54
308 45
309 50
310 52
311 42
312 37
313 49
314 49
315 54
316 49
317 40
318 34
319 53
320 47
321 46
322 38
323 56
324 54
325 56
326 47
327 40
328 49
329 51
330 52
331 46
332 39
333 53
334 40
335 40
336 51
337 52
338 43
339 51
340 47
341 52
342 48
343 56
344 50
345 62
346 40
347 46
348 50
349 55
350 49
351 48
352 49
353 54
354 45
355 53
356 43
357 45
358 43
359 35
360 41
361 39
362 46
363 48
364 52
365 45
366 46
367 42
368 43
369 49
370 43
371 56
372 41
373 52
374 61
375 53
376 46
377 55
378 46
379 41
380 52
381 57
382 37
383 39
384 39
385 45
386 39
387 43
388 46
389 40
390 42
391 43
392 54
393 58
394 40
395 44
396 49
397 44
398 53
399 47
400 53
401 45
402 41
403 43
404 45
405 44
406 44
407 46
408 53
409 46
410 52
411 63
412 41
413 48
414 39
415 44
416 53
417 47
418 39
419 58
420 58
421 41
422 45
423 54
424 51
425 56
426 46
427 40
428 48
429 45
430 45
431 48
432 45
433 52
434 45
435 42
436 43
437 50
438 48
439 44
440 46
441 47
442 42
443 36
444 41
445 39
446 43
447 41
448 46
449 51
450 52
451 56
452 45
453 46
454 44
455 55
456 38
457 54
458 53
459 63
460 52
461 46
462 40
463 40
464 41
465 50
466 51
467 50
468 52
469 59
470 46
471 51
472 40
473 47
474 50
475 49
476 50
477 45
478 56
479 41
480 37
481 48
482 45
483 51
484 56
485 56
486 41
487 59
488 42
489 62
490 68
491 50
492 42
493 48
494 54
495 46
496 53
497 46
498 67
499 42
500 59
501 48
502 55
503 53
504 41
505 49
506 46
507 40
508 53
509 62
510 43
511 54
512 35
513 38
514 44
515 50
516 42
517 45
518 51
519 40
520 50
521 50
522 50
523 56
524 48
525 54
526 53
527 43
528 52
529 40
530 50
531 43
532 51
533 58
534 61
535 41
536 57
537 47
538 57
539 41
540 56
541 64
542 50
543 44
544 52
545 49
546 45
547 62
548 49
549 49
550 48
551 48
552 51
553 47
554 55
555 54
556 51
557 37
558 50
559 47
560 51
561 45
562 46
563 55
564 47
565 50
566 47
567 49
568 63
569 54
570 54
571 40
572 52
573 51
574 45
575 39
576 58
577 50
578 59
579 37
580 49
581 45
582 39
583 47
584 42
585 47
586 54
587 48
588 61
589 57
590 52
591 47
592 55
593 48
594 53
595 49
596 52
597 55
598 46
599 51
600 48
601 63
602 46
603 46
604 41
605 45
606 47
607 52
608 35
609 53
610 35
611 38
612 57
613 44
614 51
615 45
616 59
617 46
618 44
619 50
620 49
621 50
622 58
623 33
624 52
625 44
626 48
627 40
628 51
629 38
630 41
631 54
632 43
633 43
634 44
635 59
636 45
637 42
638 55
639 50
640 48
641 41
642 57
643 55
644 41
645 43
646 49
647 43
648 44
649 35
650 48
651 43
652 47
653 38
654 45
655 41
656 47
657 54
658 56
659 45
660 55
661 48
662 57
663 43
664 61
665 40
666 47
667 68
668 39
669 47
670 53
671 57
672 44
673 55
674 41
675 35
676 45
677 61
678 47
679 44
680 51
681 63
682 39
683 50
684 50
685 46
686 47
687 51
688 55
689 45
690 56
691 54
692 40
693 44
694 45
695 46
696 44
697 57
698 49
699 47
700 58
701 44
702 51
703 54
704 46
705 47
706 44
707 43
708 36
709 45
710 44
711 46
712 49
713 60
714 45
715 52
716 49
717 46
718 56
719 51
720 47
721 43
722 46
723 42
724 48
725 53
726 51
727 52
728 43
729 45
730 45
731 45
732 56
733 60
734 55
735 40
736 41
737 57
738 36
739 51
740 44
741 47
742 48
743 53
744 59
745 57
746 45
747 50
748 38
749 49
750 49
751 30
752 63
753 48
754 40
755 57
756 39
757 49
758 55
759 50
760 44
761 44
762 40
763 47
764 46
765 34
766 37
767 52
768 35
769 39
770 39
771 42
772 43
773 58
774 42
775 40
776 46
777 54
778 51
779 45
780 54
781 48
782 51
783 41
784 50
785 40
786 49
787 48
788 56
789 56
790 65
791 43
792 45
793 68
794 50
795 50
796 56
797 45
798 53
799 52
800 55
801 40
802 48
803 49
804 57
805 45
806 40
807 52
808 44
809 42
810 49
811 38
812 38
813 47
814 53
815 44
816 43
817 61
818 48
819 44
820 43
821 48
822 47
823 48
824 44
825 55
826 47
827 53
828 42
829 60
830 43
831 59
832 41
833 58
834 55
835 43
836 48
837 40
838 61
839 33
840 52
841 41
842 52
843 47
844 46
845 40
846 50
847 40
848 41
849 41
850 40
851 44
852 53
853 50
854 60
855 48
856 43
857 47
858 48
859 39
860 52
861 48
862 58
863 57
864 48
865 55
866 46
867 48
868 48
869 56
870 42
871 40
872 43
873 42
874 36
875 54
876 52
877 56
878 54
879 55
880 55
881 49
882 36
883 41
884 53
885 58
886 46
887 44
888 45
889 36
890 49
891 52
892 49
893 52
894 49
895 52
896 50
897 45
898 47
899 39
900 44
901 49
902 43
903 43
904 58
905 65
906 53
907 57
908 51
909 50
910 48
911 41
912 46
913 59
914 44
915 44
916 49
917 45
918 53
919 44
920 45
921 43
922 49
923 40
924 46
925 44
926 53
927 59
928 52
929 56
930 36
931 57
932 54
933 30
934 39
935 53
936 56
937 47
938 42
939 43
940 37
941 46
942 45
943 45
944 54
945 41
946 54
947 43
948 63
949 49
950 51
951 44
952 48
953 47
954 48
955 65
956 35
957 44
958 44
959 52
960 42
961 42
962 45
963 49
964 48
965 44
966 49
967 55
968 43
969 57
970 58
971 47
972 53
973 31
974 42
975 49
976 50
977 49
978 54
979 49
980 48
981 40
982 36
983 39
984 51
985 48
986 45
987 48
988 39
989 58
990 49
991 60
992 39
993 48
994 46
995 39
996 52
997 58
998 42
999 56
