0 155
1 141
2 169
3 110
4 150
5 135
6 148
7 141
8 133
9 119
10 99
11 157
12 104
13 151
14 123
15 119
16 151
17 81
18 51
19 128
20 59
21 93
22 73
23 63
24 113
25 100
26 119
27 105
28 63
29 62
30 54
31 83
32 52
33 74
34 86
35 93
36 60
37 64
38 63
39 44
40 40
41 57
42 67
43 53
44 58
45 33
46 35
47 29
48 48
49 84
50 66
51 68
52 64
53 47
54 38
55 74
56 34
57 50
58 76
59 58
60 46
61 48
62 53
63 44
64 39
65 44
66 48
67 56
68 54
69 55
70 46
71 22
72 53
73 37
74 32
75 57
76 49
77 53
78 35
79 48
80 38
81 38
82 31
83 16
84 39
85 32
86 25
87 53
88 28
89 30
90 43
91 41
92 36
93 31
94 36
95 45
96 43
97 34
98 53
99 44
100 40
101 49
102 47
103 43
104 36
105 26
106 32
107 24
108 25
109 53
110 46
111 45
112 52
113 42
114 33
115 29
116 36
117 44
118 23
119 39
120 26
121 25
122 30
123 53
124 48
125 36
126 27
127 29
128 27
129 29
130 29
131 21
132 27
133 26
134 22
135 35
136 26
137 22
138 49
139 46
140 30
141 25
142 32
143 39
144 22
145 32
146 33
147 25
148 37
149 28
150 36
151 45
152 25
153 35
154 27
155 36
156 35
157 29
158 18
159 31
160 36
161 37
162 26
163 38
164 33
165 21
166 20
167 30
168 22
169 28
170 29
171 32
172 42
173 20
174 28
175 35
176 27
177 23
178 27
179 34
180 27
181 35
182 29
183 22
184 31
185 27
186 23
187 25
188 14
189 23
190 31
191 23
192 22
193 25
194 26
195 27
196 26
197 27
198 38
199 19
200 30
201 30
202 23
203 28
204 16
205 24
206 27
207 28
208 18
209 18
210 20
211 26
212 18
213 33
214 38
215 25
216 34
217 23
218 27
219 24
220 16
221 23
222 23
223 25
224 29
225 25
226 20
227 29
228 22
229 25
230 26
231 27
232 22
233 15
234 21
235 26
236 23
237 15
238 22
239 16
240 20
241 32
242 21
243 22
244 23
245 35
246 26
247 24
248 27
249 27
250 22
251 18
252 21
253 20
254 30
255 19
256 14
257 23
258 26
259 24
260 15
261 16
262 18
263 24
264 30
265 22
266 25
267 19
268 26
269 22
270 18
271 34
272 26
273 20
274 24
275 28
276 20
277 27
278 19
279 22
280 25
281 20
282 28
283 21
284 19
285 20
286 20
287 24
288 16
289 23
290 22
291 29
292 19
293 31
294 14
295 21
296 26
297 14
298 15
299 17
300 18
301 22
302 26
303 21
304 19
305 24
306 22
307 22
308 31
309 18
310 24
311 18
312 18
313 21
314 17
315 22
316 27
317 17
318 18
319 22
320 27
321 17
322 15
323 24
324 22
325 23
326 24
327 26
328 30
329 23
330 17
331 21
332 29
333 14
334 18
335 19
336 16
337 14
338 29
339 24
340 21
341 16
342 14
343 20
344 21
345 13
346 21
347 25
348 18
349 17
350 17
351 18
352 23
353 30
354 21
355 19
356 17
357 26
358 14
359 17
360 14
361 25
362 18
363 23
364 17
365 23
366 18
367 20
368 20
369 18
370 18
371 18
372 21
373 20
374 19
375 17
376 13
377 18
378 15
379 25
380 22
381 27
382 20
383 21
384 16
385 19
386 14
387 18
388 16
389 17
390 15
391 17
392 21
393 19
394 12
395 21
396 16
397 21
398 13
399 20
400 21
401 16
402 17
403 25
404 14
405 13
406 14
407 20
408 13
409 23
410 18
411 15
412 22
413 22
414 20
415 15
416 16
417 15
418 16
419 15
420 18
421 20
422 14
423 24
424 15
425 15
426 23
427 22
428 20
429 21
430 15
431 24
432 15
433 16
434 16
435 12
436 13
437 23
438 18
439 16
440 26
441 14
442 16
443 23
444 16
445 22
446 17
447 15
448 21
449 16
450 14
451 19
452 15
453 18
454 22
455 19
456 16
457 20
458 19
459 18
460 11
461 17
462 19
463 15
464 15
465 17
466 16
467 16
468 13
469 18
470 18
471 18
472 16
473 17
474 14
475 14
476 14
477 16
478 17
479 15
480 14
481 16
482 17
483 20
484 14
485 12
486 14
487 19
488 15
489 15
490 17
491 20
492 20
493 15
494 15
495 14
496 12
497 14
498 17
499 16
500 12
501 23
502 16
503 13
504 13
505 14
506 13
507 16
508 14
509 16
510 17
511 15
512 14
513 12
514 15
515 15
516 15
517 14
518 14
519 20
520 14
521 10
522 18
523 12
524 12
525 23
526 15
527 14
528 16
529 18
530 14
531 14
532 15
533 18
534 18
535 13
536 13
537 10
538 15
539 20
540 12
541 13
542 15
543 14
544 12
545 16
546 12
547 21
548 14
549 13
550 13
551 17
552 14
553 19
554 17
555 17
556 16
557 14
558 18
559 16
560 17
561 15
562 13
563 13
564 16
565 18
566 12
567 15
568 17
569 17
570 18
571 14
572 18
573 17
574 12
575 13
576 17
577 17
578 15
579 16
580 14
581 17
582 18
583 13
584 13
585 11
586 14
587 17
588 13
589 14
590 15
591 11
592 13
593 16
594 15
595 14
596 16
597 13
598 11
599 17
600 13
601 15
602 12
603 12
604 14
605 14
606 13
607 12
608 15
609 15
610 15
611 16
612 14
613 19
614 14
615 12
616 13
617 14
618 12
619 12
620 15
621 15
622 15
623 14
624 16
625 14
626 16
627 14
628 15
629 14
630 13
631 12
632 12
633 13
634 18
635 14
636 12
637 14
638 15
639 14
640 15
641 11
642 12
643 18
644 14
645 13
646 12
647 13
648 16
649 16
650 17
651 13
652 16
653 14
654 14
655 15
656 15
657 16
658 17
659 16
660 13
661 16
662 16
663 13
664 12
665 12
666 14
667 16
668 11
669 12
670 14
671 15
672 13
673 12
674 11
675 11
676 12
677 12
678 13
679 12
680 16
681 17
682 12
683 16
684 12
685 17
686 12
687 15
688 13
689 14
690 12
691 12
692 15
693 12
694 14
695 13
696 12
697 11
698 11
699 12
700 11
701 12
702 14
703 12
704 16
705 16
706 13
707 12
708 13
709 13
710 13
711 12
712 14
713 17
714 12
715 13
716 13
717 16
718 16
719 14
720 15
721 14
722 13
723 12
724 13
725 16
726 11
727 13
728 11
729 11
730 12
731 14
732 14
733 14
734 14
735 13
736 13
737 11
738 14
739 12
740 11
741 12
742 13
743 15
744 10
745 13
746 15
747 13
748 14
749 15
750 13
751 14
752 13
753 12
754 15
755 12
756 12
757 15
758 12
759 11
760 16
761 13
762 12
763 13
764 13
765 12
766 12
767 12
768 14
769 13
770 11
771 15
772 13
773 12
774 11
775 11
776 12
777 14
778 15
779 13
780 14
781 15
782 15
783 12
784 12
785 13
786 11
787 14
788 15
789 13
790 11
791 13
792 14
793 11
794 11
795 12
796 13
797 12
798 12
799 12
800 11
801 12
802 11
803 13
804 12
805 12
806 14
807 12
808 12
809 11
810 12
811 12
812 11
813 12
814 13
815 13
816 12
817 11
818 13
819 12
820 13
821 14
822 11
823 16
824 12
825 13
826 11
827 13
828 11
829 12
830 15
831 11
832 12
833 12
834 12
835 12
836 13
837 13
838 12
839 11
840 11
841 13
842 11
843 11
844 10
845 11
846 14
847 12
848 13
849 12
850 11
851 11
852 11
853 11
854 11
855 12
856 13
857 11
858 13
859 15
860 12
861 11
862 11
863 11
864 12
865 11
866 12
867 12
868 13
869 11
870 11
871 11
872 11
873 11
874 13
875 13
876 12
877 14
878 11
879 12
880 11
881 13
882 11
883 12
884 14
885 11
886 11
887 13
888 11
889 11
890 12
891 13
892 11
893 11
894 12
895 10
896 13
897 11
898 13
899 11
900 13
901 12
902 13
903 11
904 11
905 12
906 11
907 11
908 12
909 12
910 12
911 11
912 13
913 12
914 12
915 11
916 11
917 12
918 11
919 11
920 12
921 12
922 11
923 11
924 12
925 11
926 11
927 15
928 12
929 11
930 11
931 12
932 11
933 11
934 11
935 11
936 11
937 11
938 11
939 12
940 11
941 12
942 11
943 11
944 10
945 11
946 12
947 11
948 11
949 13
950 11
951 12
952 12
953 11
954 11
955 11
956 11
957 11
958 11
959 12
960 11
961 11
962 12
963 10
964 12
965 11
966 11
967 11
968 12
969 11
970 12
971 11
972 11
973 11
974 11
975 11
976 11
977 11
978 12
979 12
980 11
981 11
982 10
983 12
984 11
985 11
986 11
987 11
988 12
989 11
990 12
991 11
992 11
993 10
994 12
995 11
996 11
997 11
998 11
999 11
