0 24
1 34
2 28
3 30
4 27
5 31
6 27
7 30
8 28
9 30
10 30
11 30
12 28
13 31
14 27
15 31
16 30
17 33
18 24
19 29
20 27
21 41
22 33
23 26
24 32
25 33
26 20
27 43
28 32
29 32
30 31
31 20
32 25
33 35
34 22
35 26
36 34
37 24
38 29
39 41
40 23
41 33
42 32
43 32
44 29
45 32
46 30
47 28
48 23
49 24
50 35
51 37
52 32
53 27
54 31
55 24
56 24
57 24
58 33
59 39
60 36
61 24
62 27
63 31
64 34
65 36
66 38
67 37
68 23
69 29
70 26
71 36
72 40
73 24
74 27
75 31
76 29
77 29
78 33
79 34
80 31
81 32
82 37
83 28
84 32
85 29
86 27
87 29
88 32
89 33
90 28
91 26
92 35
93 38
94 35
95 25
96 34
97 30
98 29
99 33
100 35
101 36
102 30
103 36
104 27
105 31
106 31
107 27
108 43
109 31
110 35
111 37
112 25
113 38
114 32
115 36
116 26
117 40
118 37
119 33
120 30
121 30
122 31
123 35
124 26
125 31
126 29
127 38
128 24
129 35
130 30
131 33
132 31
133 34
134 33
135 18
136 35
137 36
138 24
139 29
140 35
141 31
142 34
143 25
144 34
145 27
146 32
147 26
148 23
149 31
150 28
151 23
152 30
153 39
154 42
155 28
156 28
157 29
158 34
159 34
160 32
161 29
162 36
163 34
164 24
165 42
166 32
167 27
168 35
169 32
170 23
171 38
172 40
173 28
174 34
175 30
176 35
177 30
178 37
179 33
180 27
181 26
182 30
183 38
184 36
185 35
186 25
187 41
188 28
189 27
190 27
191 22
192 31
193 40
194 33
195 43
196 28
197 38
198 29
199 26
200 33
201 22
202 28
203 23
204 28
205 29
206 27
207 28
208 36
209 33
210 29
211 26
212 25
213 28
214 34
215 33
216 25
217 28
218 33
219 21
220 28
221 35
222 20
223 31
224 27
225 33
226 29
227 35
228 33
229 29
230 30
231 36
232 27
233 36
234 32
235 38
236 31
237 40
238 30
239 24
240 23
241 31
242 34
243 32
244 31
245 25
246 29
247 30
248 32
249 23
250 31
251 32
252 34
253 37
254 28
255 23
256 29
257 38
258 28
259 33
260 38
261 34
262 34
263 37
264 28
265 34
266 29
267 28
268 33
269 39
270 30
271 23
272 35
273 29
274 38
275 24
276 36
277 31
278 26
279 33
280 34
281 25
282 39
283 24
284 27
285 34
286 34
287 30
288 27
289 28
290 26
291 29
292 33
293 33
294 36
295 42
296 34
297 25
298 40
299 32
300 34
301 29
302 26
303 29
304 28
305 33
306 31
307 37
308 26
309 31
310 39
311 33
312 29
313 31
314 32
315 32
316 36
317 27
318 31
319 29
320 33
321 31
322 33
323 29
324 32
325 32
326 37
327 31
328 26
329 29
330 23
331 28
332 33
333 30
334 26
335 27
336 32
337 35
338 32
339 30
340 29
341 31
342 20
343 26
344 35
345 35
346 31
347 26
348 35
349 35
350 42
351 26
352 31
353 30
354 30
355 29
356 26
357 32
358 34
359 30
360 30
361 34
362 26
363 30
364 29
365 22
366 28
367 33
368 31
369 33
370 26
371 34
372 30
373 35
374 30
375 26
376 28
377 27
378 26
379 24
380 30
381 25
382 31
383 35
384 25
385 28
386 30
387 25
388 27
389 30
390 35
391 31
392 30
393 33
394 29
395 33
396 28
397 32
398 24
399 26
400 35
401 22
402 31
403 31
404 28
405 25
406 38
407 32
408 38
409 32
410 24
411 32
412 28
413 35
414 37
415 32
416 35
417 34
418 27
419 25
420 32
421 36
422 28
423 33
424 23
425 27
426 25
427 38
428 33
429 31
430 31
431 32
432 23
433 25
434 36
435 31
436 32
437 30
438 38
439 32
440 36
441 31
442 29
443 30
444 32
445 29
446 30
447 25
448 29
449 28
450 36
451 39
452 19
453 29
454 41
455 37
456 23
457 30
458 30
459 32
460 30
461 39
462 28
463 31
464 33
465 35
466 35
467 24
468 28
469 22
470 19
471 29
472 30
473 35
474 31
475 27
476 35
477 29
478 33
479 25
480 32
481 34
482 34
483 31
484 31
485 34
486 31
487 27
488 26
489 33
490 29
491 30
492 34
493 35
494 27
495 32
496 34
497 30
498 32
499 31
500 27
501 40
502 34
503 31
504 19
505 43
506 39
507 45
508 31
509 32
510 32
511 34
512 24
513 35
514 37
515 30
516 26
517 25
518 40
519 28
520 28
521 32
522 33
523 26
524 34
525 30
526 40
527 23
528 27
529 27
530 36
531 27
532 33
533 33
534 30
535 28
536 30
537 28
538 28
539 36
540 29
541 38
542 31
543 33
544 31
545 31
546 24
547 31
548 27
549 35
550 38
551 24
552 25
553 29
554 29
555 25
556 24
557 32
558 32
559 29
560 33
561 27
562 38
563 25
564 25
565 23
566 32
567 40
568 30
569 26
570 30
571 33
572 34
573 35
574 27
575 32
576 31
577 30
578 31
579 29
580 31
581 34
582 31
583 30
584 28
585 36
586 38
587 29
588 34
589 32
590 31
591 31
592 32
593 43
594 33
595 34
596 31
597 33
598 26
599 27
600 31
601 31
602 30
603 32
604 31
605 37
606 26
607 28
608 27
609 35
610 26
611 28
612 33
613 24
614 34
615 36
616 25
617 31
618 34
619 38
620 35
621 33
622 26
623 35
624 31
625 31
626 33
627 23
628 31
629 28
630 30
631 26
632 32
633 25
634 36
635 36
636 41
637 25
638 26
639 29
640 35
641 30
642 32
643 31
644 27
645 28
646 31
647 30
648 38
649 26
650 30
651 28
652 44
653 33
654 24
655 31
656 30
657 29
658 33
659 27
660 32
661 31
662 34
663 33
664 28
665 29
666 33
667 29
668 32
669 29
670 28
671 38
672 33
673 27
674 29
675 32
676 33
677 36
678 38
679 36
680 35
681 30
682 22
683 24
684 32
685 33
686 26
687 31
688 34
689 39
690 29
691 35
692 33
693 34
694 26
695 32
696 30
697 26
698 32
699 26
700 34
701 29
702 39
703 35
704 28
705 33
706 30
707 27
708 30
709 32
710 35
711 26
712 36
713 31
714 33
715 27
716 20
717 31
718 40
719 25
720 39
721 25
722 33
723 31
724 33
725 32
726 34
727 31
728 26
729 37
730 31
731 38
732 31
733 23
734 30
735 33
736 39
737 33
738 31
739 32
740 36
741 25
742 26
743 28
744 25
745 36
746 17
747 37
748 26
749 24
750 34
751 34
752 31
753 27
754 27
755 38
756 37
757 38
758 31
759 29
760 29
761 29
762 36
763 27
764 35
765 37
766 30
767 34
768 28
769 34
770 29
771 39
772 35
773 32
774 24
775 30
776 25
777 25
778 25
779 35
780 33
781 35
782 37
783 36
784 30
785 31
786 37
787 34
788 37
789 38
790 32
791 37
792 27
793 34
794 29
795 27
796 25
797 31
798 34
799 26
