0 18
1 19
2 21
3 14
4 14
5 18
6 15
7 16
8 23
9 16
10 14
11 21
12 17
13 11
14 22
15 21
16 24
17 19
18 15
19 15
20 12
21 22
22 19
23 16
24 12
25 16
26 19
27 20
28 12
29 27
30 19
31 19
32 18
33 24
34 18
35 12
36 16
37 17
38 23
39 31
40 19
41 15
42 22
43 18
44 21
45 19
46 27
47 22
48 25
49 22
50 19
51 12
52 20
53 19
54 16
55 19
56 17
57 20
58 24
59 9
60 11
61 18
62 20
63 17
64 15
65 18
66 22
67 12
68 23
69 20
70 18
71 28
72 16
73 15
74 16
75 15
76 20
77 19
78 25
79 20
80 31
81 13
82 19
83 16
84 15
85 10
86 12
87 18
88 18
89 19
90 8
91 22
92 18
93 13
94 25
95 15
96 17
97 23
98 13
99 20
100 22
101 10
102 6
103 17
104 22
105 16
106 19
107 20
108 20
109 13
110 14
111 8
112 18
113 13
114 15
115 23
116 23
117 23
118 20
119 14
120 19
121 17
122 21
123 16
124 16
125 10
126 7
127 23
128 24
129 16
130 19
131 27
132 15
133 7
134 22
135 15
136 24
137 20
138 19
139 16
140 18
141 21
142 18
143 15
144 21
145 22
146 17
147 17
148 21
149 12
150 17
151 11
152 20
153 20
154 21
155 15
156 18
157 16
158 16
159 16
160 13
161 24
162 20
163 16
164 16
165 12
166 17
167 22
168 20
169 13
170 21
171 20
172 22
173 22
174 17
175 21
176 17
177 21
178 14
179 29
180 18
181 16
182 12
183 16
184 19
185 19
186 18
187 26
188 19
189 20
190 18
191 12
192 13
193 21
194 15
195 21
196 15
197 23
198 26
199 23
200 22
201 14
202 25
203 28
204 13
205 22
206 27
207 20
208 27
209 19
210 15
211 23
212 15
213 16
214 14
215 26
216 21
217 19
218 23
219 15
220 20
221 21
222 16
223 23
224 20
225 26
226 21
227 21
228 16
229 12
230 17
231 17
232 32
233 18
234 18
235 27
236 20
237 14
238 28
239 19
240 27
241 20
242 13
243 13
244 22
245 21
246 26
247 19
248 14
249 20
250 29
251 17
252 28
253 18
254 22
255 15
256 17
257 14
258 18
259 13
260 21
261 14
262 21
263 13
264 17
265 21
266 17
267 22
268 15
269 21
270 17
271 17
272 25
273 18
274 18
275 22
276 19
277 18
278 19
279 21
280 18
281 14
282 19
283 16
284 17
285 16
286 28
287 28
288 21
289 21
290 20
291 14
292 12
293 19
294 14
295 18
296 19
297 24
298 14
299 12
300 19
301 21
302 24
303 18
304 16
305 19
306 17
307 22
308 15
309 15
310 15
311 22
312 11
313 31
314 19
315 21
316 20
317 18
318 28
319 19
320 19
321 23
322 13
323 19
324 16
325 15
326 18
327 17
328 18
329 16
330 21
331 24
332 21
333 27
334 18
335 26
336 17
337 24
338 23
339 21
340 20
341 18
342 23
343 17
344 10
345 15
346 21
347 15
348 21
349 12
350 13
351 26
352 19
353 14
354 18
355 12
356 19
357 22
358 14
359 19
360 17
361 15
362 20
363 20
364 19
365 16
366 20
367 17
368 20
369 18
370 21
371 21
372 16
373 13
374 17
375 19
376 25
377 26
378 13
379 26
380 23
381 18
382 17
383 19
384 13
385 22
386 18
387 19
388 19
389 27
390 14
391 17
392 12
393 16
394 18
395 23
396 24
397 14
398 10
399 21
400 23
401 25
402 23
403 18
404 23
405 29
406 25
407 20
408 14
409 15
410 9
411 19
412 15
413 22
414 21
415 18
416 23
417 22
418 13
419 18
420 20
421 27
422 21
423 10
424 18
425 19
426 16
427 18
428 19
429 16
430 15
431 23
432 21
433 22
434 13
435 11
436 21
437 15
438 15
439 15
440 16
441 23
442 23
443 21
444 25
445 17
446 19
447 23
448 17
449 18
450 26
451 29
452 18
453 10
454 13
455 18
456 18
457 19
458 18
459 20
460 22
461 23
462 28
463 21
464 17
465 13
466 19
467 19
468 19
469 17
470 18
471 23
472 29
473 22
474 23
475 17
476 20
477 11
478 22
479 14
480 20
481 21
482 19
483 17
484 21
485 13
486 15
487 18
488 16
489 19
490 26
491 21
492 14
493 23
494 23
495 24
496 14
497 20
498 21
499 23
500 18
501 20
502 16
503 16
504 22
505 20
506 16
507 21
508 18
509 14
510 23
511 18
512 20
513 16
514 22
515 18
516 17
517 20
518 20
519 25
520 17
521 21
522 18
523 19
524 18
525 21
526 23
527 17
528 14
529 11
530 17
531 19
532 22
533 23
534 17
535 18
536 18
537 20
538 15
539 20
540 16
541 27
542 15
543 27
544 24
545 24
546 18
547 16
548 18
549 20
550 17
551 14
552 18
553 10
554 22
555 20
556 21
557 19
558 18
559 19
560 21
561 18
562 24
563 21
564 16
565 26
566 15
567 20
568 15
569 12
570 20
571 16
572 21
573 15
574 21
575 24
576 12
577 22
578 16
579 17
580 17
581 19
582 8
583 23
584 16
585 17
586 19
587 15
588 24
589 22
590 16
591 22
592 16
593 22
594 14
595 18
596 17
597 20
598 16
599 11
600 27
601 18
602 21
603 20
604 11
605 14
606 20
607 20
608 17
609 16
610 19
611 15
612 22
613 22
614 15
615 20
616 17
617 25
618 11
619 22
620 16
621 24
622 20
623 23
624 13
625 27
626 23
627 15
628 15
629 14
630 20
631 19
632 18
633 19
634 16
635 14
636 24
637 17
638 21
639 13
640 18
641 20
642 18
643 16
644 27
645 20
646 11
647 21
648 22
649 17
650 23
651 15
652 19
653 19
654 17
655 14
656 21
657 16
658 22
659 18
660 26
661 27
662 23
663 16
664 13
665 17
666 16
667 21
668 12
669 15
670 18
671 22
672 19
673 24
674 17
675 20
676 21
677 20
678 17
679 17
680 15
681 21
682 21
683 18
684 17
685 18
686 22
687 20
688 17
689 26
690 22
691 23
692 18
693 28
694 22
695 16
696 19
697 29
698 19
699 15
