0 46
1 44
2 53
3 56
4 42
5 51
6 58
7 42
8 42
9 37
10 44
11 55
12 59
13 55
14 59
15 54
16 40
17 44
18 45
19 46
20 32
21 48
22 60
23 56
24 49
25 51
26 44
27 53
28 47
29 47
30 41
31 45
32 53
33 46
34 52
35 47
36 41
37 67
38 44
39 60
40 40
41 47
42 54
43 47
44 44
45 60
46 39
47 55
48 59
49 43
50 44
51 57
52 44
53 48
54 46
55 48
56 62
57 56
58 41
59 45
60 50
61 40
62 52
63 55
64 41
65 33
66 51
67 45
68 47
69 44
70 54
71 41
72 45
73 71
74 42
75 58
76 40
77 49
78 45
79 53
80 46
81 46
82 42
83 47
84 51
85 54
86 41
87 39
88 42
89 52
90 60
91 50
92 57
93 40
94 51
95 51
96 41
97 57
98 45
99 33
100 49
101 57
102 42
103 50
104 43
105 44
106 50
107 44
108 52
109 63
110 42
111 50
112 41
113 46
114 46
115 48
116 43
117 44
118 42
119 54
120 44
121 48
122 59
123 34
124 41
125 45
126 58
127 41
128 49
129 53
130 46
131 45
132 52
133 51
134 49
135 40
136 41
137 45
138 58
139 46
140 57
141 48
142 31
143 40
144 49
145 41
146 52
147 60
148 45
149 52
150 53
151 45
152 47
153 49
154 38
155 52
156 50
157 50
158 53
159 47
160 51
161 67
162 50
163 40
164 45
165 56
166 58
167 47
168 56
169 47
170 51
171 46
172 49
173 51
174 54
175 42
176 42
177 53
178 49
179 46
180 52
181 47
182 47
183 48
184 41
185 46
186 46
187 44
188 60
189 41
190 61
191 49
192 58
193 38
194 50
195 46
196 48
197 39
198 57
199 49
200 49
201 56
202 39
203 49
204 60
205 59
206 42
207 41
208 42
209 38
210 41
211 45
212 62
213 47
214 38
215 59
216 58
217 51
218 46
219 49
220 57
221 47
222 43
223 54
224 57
225 49
226 54
227 43
228 50
229 49
230 51
231 40
232 50
233 52
234 34
235 44
236 55
237 47
238 40
239 43
240 38
241 54
242 40
243 49
244 50
245 51
246 52
247 51
248 41
249 46
250 45
251 55
252 57
253 45
254 44
255 48
256 45
257 46
258 50
259 51
260 59
261 47
262 41
263 53
264 46
265 54
266 57
267 39
268 52
269 47
270 43
271 47
272 42
273 53
274 51
275 43
276 51
277 35
278 56
279 46
280 43
281 39
282 46
283 42
284 41
285 38
286 64
287 36
288 50
289 45
290 49
291 42
292 51
293 51
294 47
295 42
296 47
297 44
298 45
299 43
300 49
301 44
302 52
303 38
304 49
305 53
306 37
307 51
308 47
309 48
310 48
311 46
312 50
313 57
314 44
315 54
316 46
317 44
318 43
319 42
320 51
321 56
322 50
323 42
324 50
325 48
326 43
327 51
328 46
329 46
330 41
331 43
332 45
333 50
334 42
335 51
336 54
337 34
338 40
339 47
340 41
341 49
342 51
343 47
344 44
345 55
346 52
347 45
348 33
349 50
350 56
351 50
352 42
353 48
354 50
355 42
356 56
357 49
358 57
359 55
360 39
361 61
362 45
363 50
364 41
365 45
366 44
367 50
368 52
369 44
370 68
371 46
372 61
373 55
374 43
375 50
376 61
377 54
378 52
379 64
380 41
381 49
382 47
383 56
384 52
385 55
386 53
387 48
388 51
389 46
390 50
391 51
392 52
393 40
394 35
395 41
396 43
397 48
398 49
399 39
400 48
401 49
402 51
403 42
404 52
405 43
406 54
407 59
408 44
409 51
410 52
411 49
412 42
413 51
414 56
415 47
416 41
417 50
418 46
419 56
420 50
421 37
422 51
423 38
424 48
425 50
426 48
427 53
428 59
429 47
430 50
431 53
432 45
433 42
434 59
435 45
436 56
437 45
438 49
439 53
440 48
441 45
442 60
443 46
444 42
445 52
446 45
447 65
448 54
449 55
450 39
451 64
452 41
453 56
454 49
455 42
456 50
457 41
458 49
459 45
460 44
461 43
462 46
463 44
464 39
465 31
466 42
467 43
468 52
469 41
470 56
471 50
472 39
473 49
474 52
475 32
476 51
477 47
478 47
479 44
480 46
481 41
482 50
483 53
484 41
485 44
486 49
487 43
488 44
489 44
490 47
491 52
492 43
493 41
494 51
495 64
496 47
497 42
498 60
499 49
500 48
501 53
502 39
503 45
504 37
505 57
506 49
507 62
508 49
509 60
510 49
511 49
512 59
513 44
514 53
515 40
516 52
517 38
518 49
519 50
520 54
521 43
522 57
523 50
524 53
525 51
526 54
527 47
528 44
529 41
530 41
531 44
532 54
533 51
534 57
535 63
536 54
537 44
538 53
539 58
540 59
541 59
542 43
543 53
544 30
545 52
546 46
547 42
548 60
549 48
550 48
551 49
552 42
553 46
554 38
555 55
556 41
557 34
558 51
559 50
560 42
561 58
562 57
563 55
564 55
565 57
566 42
567 44
568 52
569 43
570 49
571 44
572 44
573 54
574 35
575 44
576 55
577 47
578 48
579 48
580 57
581 42
582 54
583 44
584 47
585 41
586 45
587 47
588 45
589 49
590 53
591 44
592 51
593 37
594 52
595 32
596 57
597 56
598 65
599 47
600 53
601 51
602 46
603 52
604 50
605 46
606 38
607 62
608 61
609 52
610 54
611 47
612 52
613 39
614 52
615 39
616 43
617 49
618 54
619 49
620 48
621 48
622 51
623 40
624 42
625 58
626 56
627 47
628 32
629 44
630 44
631 48
632 54
633 45
634 42
635 50
636 52
637 54
638 53
639 37
640 51
641 48
642 44
643 42
644 46
645 45
646 62
647 46
648 47
649 50
650 53
651 37
652 45
653 50
654 45
655 40
656 54
657 52
658 52
659 49
660 43
661 49
662 45
663 53
664 48
665 48
666 41
667 51
668 42
669 45
670 54
671 41
672 45
673 49
674 61
675 48
676 49
677 45
678 63
679 50
680 57
681 45
682 44
683 37
684 51
685 51
686 50
687 42
688 47
689 54
690 61
691 52
692 57
693 41
694 55
695 45
696 49
697 54
698 52
699 41
700 49
701 44
702 54
703 40
704 58
705 46
706 44
707 46
708 43
709 35
710 48
711 60
712 53
713 51
714 44
715 47
716 54
717 63
718 45
719 57
720 45
721 52
722 44
723 50
724 46
725 48
726 47
727 48
728 42
729 65
730 49
731 55
732 53
733 41
734 37
735 43
736 33
737 49
738 53
739 47
740 57
741 37
742 50
743 57
744 50
745 47
746 46
747 51
748 49
749 57
750 49
751 47
752 47
753 54
754 56
755 51
756 39
757 50
758 54
759 34
760 35
761 41
762 54
763 61
764 68
765 44
766 38
767 41
768 32
769 46
770 61
771 55
772 62
773 47
774 53
775 42
776 56
777 38
778 50
779 51
780 48
781 58
782 41
783 48
784 48
785 47
786 45
787 46
788 54
789 52
790 43
791 44
792 43
793 49
794 47
795 43
796 55
797 50
798 46
799 48
800 43
801 48
802 56
803 42
804 44
805 44
806 49
807 44
808 42
809 60
810 45
811 58
812 44
813 56
814 52
815 56
816 57
817 37
818 41
819 44
820 46
821 57
822 44
823 57
824 58
825 57
826 29
827 34
828 42
829 50
830 46
831 39
832 59
833 52
834 51
835 54
836 34
837 65
838 53
839 54
840 48
841 55
842 44
843 50
844 45
845 57
846 59
847 55
848 45
849 43
850 47
851 42
852 42
853 49
854 50
855 56
856 57
857 47
858 50
859 46
860 43
861 40
862 53
863 43
864 50
865 52
866 39
867 46
868 42
869 53
870 39
871 46
872 55
873 60
874 47
875 54
876 54
877 54
878 41
879 35
880 52
881 46
882 42
883 52
884 42
885 43
886 43
887 43
888 56
889 51
890 49
891 51
892 49
893 50
894 56
895 62
896 47
897 57
898 60
899 37
900 41
901 51
902 54
903 36
904 46
905 40
906 51
907 50
908 46
909 49
910 37
911 49
912 41
913 48
914 53
915 44
916 54
917 33
918 59
919 44
920 47
921 55
922 40
923 43
924 50
925 49
926 59
927 59
928 54
929 45
930 38
931 53
932 52
933 48
934 42
935 37
936 46
937 48
938 51
939 39
940 53
941 37
942 49
943 41
944 54
945 46
946 46
947 58
948 48
949 57
950 52
951 54
952 32
953 41
954 52
955 43
956 40
957 44
958 54
959 50
960 43
961 40
962 46
963 46
964 51
965 44
966 50
967 49
968 55
969 46
970 44
971 58
972 51
973 53
974 43
975 51
976 53
977 41
978 50
979 41
980 37
981 52
982 52
983 49
984 52
985 47
986 35
987 41
988 54
989 54
990 37
991 61
992 52
993 51
994 45
995 63
996 40
997 53
998 49
999 34
