0 98
1 133
2 140
3 121
4 126
5 97
6 125
7 139
8 113
9 140
10 169
11 152
12 115
13 129
14 144
15 120
16 156
17 87
18 127
19 128
20 98
21 115
22 72
23 96
24 99
25 93
26 117
27 133
28 99
29 57
30 107
31 97
32 101
33 99
34 103
35 119
36 75
37 47
38 87
39 66
40 86
41 79
42 104
43 86
44 54
45 97
46 61
47 53
48 92
49 86
50 76
51 79
52 65
53 70
54 61
55 74
56 61
57 48
58 70
59 67
60 57
61 75
62 65
63 55
64 50
65 66
66 41
67 62
68 45
69 60
70 52
71 49
72 39
73 46
74 50
75 71
76 54
77 61
78 42
79 50
80 47
81 64
82 59
83 47
84 45
85 54
86 50
87 39
88 40
89 51
90 43
91 32
92 49
93 45
94 42
95 45
96 53
97 53
98 48
99 30
100 31
101 49
102 35
103 50
104 51
105 48
106 41
107 55
108 53
109 35
110 41
111 33
112 41
113 28
114 44
115 43
116 47
117 36
118 52
119 52
120 43
121 35
122 47
123 32
124 30
125 44
126 37
127 41
128 42
129 36
130 26
131 37
132 36
133 33
134 45
135 46
136 30
137 29
138 30
139 28
140 45
141 25
142 40
143 28
144 26
145 35
146 24
147 37
148 37
149 40
150 37
151 37
152 43
153 32
154 61
155 39
156 36
157 44
158 41
159 23
160 32
161 37
162 39
163 27
164 23
165 33
166 30
167 43
168 24
169 23
170 31
171 30
172 31
173 36
174 37
175 25
176 25
177 30
178 30
179 39
180 26
181 28
182 29
183 36
184 36
185 19
186 29
187 19
188 28
189 32
190 36
191 38
192 22
193 33
194 38
195 30
196 32
197 27
198 31
199 28
200 28
201 25
202 37
203 35
204 48
205 20
206 23
207 32
208 22
209 44
210 32
211 27
212 31
213 26
214 31
215 27
216 36
217 25
218 34
219 27
220 32
221 25
222 32
223 18
224 30
225 36
226 33
227 35
228 22
229 33
230 22
231 31
232 18
233 32
234 25
235 28
236 42
237 28
238 25
239 28
240 24
241 23
242 23
243 32
244 17
245 25
246 38
247 28
248 22
249 27
250 36
251 28
252 19
253 28
254 23
255 36
256 21
257 35
258 21
259 26
260 22
261 24
262 24
263 24
264 26
265 32
266 19
267 19
268 28
269 33
270 21
271 25
272 23
273 20
274 30
275 38
276 29
277 29
278 17
279 20
280 25
281 22
282 25
283 26
284 24
285 19
286 28
287 22
288 24
289 20
290 29
291 32
292 24
293 27
294 15
295 23
296 24
297 22
298 19
299 39
300 24
301 26
302 21
303 24
304 23
305 25
306 20
307 23
308 28
309 25
310 23
311 20
312 26
313 32
314 24
315 30
316 18
317 24
318 24
319 24
320 24
321 25
322 24
323 23
324 23
325 23
326 32
327 17
328 29
329 22
330 29
331 22
332 17
333 23
334 26
335 20
336 20
337 24
338 24
339 24
340 19
341 22
342 31
343 21
344 25
345 29
346 20
347 25
348 21
349 31
350 24
351 21
352 28
353 25
354 19
355 19
356 26
357 17
358 17
359 21
360 29
361 26
362 24
363 30
364 24
365 21
366 27
367 21
368 26
369 24
370 24
371 19
372 28
373 20
374 23
375 21
376 20
377 24
378 31
379 25
380 24
381 22
382 18
383 18
384 18
385 15
386 31
387 18
388 20
389 26
390 19
391 21
392 23
393 26
394 25
395 19
396 16
397 25
398 24
399 22
400 19
401 20
402 23
403 26
404 22
405 21
406 19
407 30
408 25
409 20
410 26
411 20
412 21
413 18
414 21
415 15
416 20
417 20
418 25
419 23
420 20
421 20
422 15
423 25
424 25
425 22
426 18
427 25
428 19
429 21
430 24
431 23
432 22
433 16
434 18
435 16
436 19
437 19
438 21
439 22
440 27
441 18
442 17
443 13
444 16
445 21
446 24
447 22
448 20
449 20
450 17
451 19
452 23
453 22
454 23
455 26
456 18
457 23
458 21
459 19
460 18
461 17
462 21
463 20
464 19
465 19
466 20
467 20
468 18
469 20
470 20
471 29
472 15
473 18
474 22
475 23
476 22
477 19
478 23
479 17
480 15
481 23
482 21
483 15
484 19
485 14
486 21
487 16
488 19
489 20
490 19
491 21
492 16
493 18
494 22
495 15
496 18
497 24
498 18
499 17
500 22
501 19
502 17
503 14
504 23
505 19
506 21
507 15
508 19
509 16
510 19
511 21
512 18
513 19
514 20
515 21
516 19
517 21
518 21
519 22
520 20
521 26
522 19
523 17
524 20
525 20
526 20
527 16
528 18
529 18
530 26
531 15
532 16
533 18
534 16
535 18
536 21
537 16
538 26
539 21
540 18
541 16
542 17
543 20
544 14
545 18
546 16
547 19
548 19
549 17
550 21
551 17
552 21
553 19
554 17
555 16
556 16
557 15
558 19
559 15
560 19
561 21
562 17
563 17
564 19
565 18
566 18
567 20
568 21
569 18
570 15
571 17
572 21
573 17
574 16
575 14
576 15
577 18
578 16
579 18
580 15
581 13
582 18
583 15
584 23
585 19
586 13
587 15
588 16
589 16
590 20
591 19
592 19
593 14
594 19
595 17
596 14
597 19
598 15
599 19
600 15
601 18
602 17
603 19
604 18
605 18
606 12
607 25
608 17
609 17
610 15
611 22
612 16
613 20
614 20
615 16
616 19
617 18
618 16
619 16
620 16
621 16
622 16
623 17
624 15
625 18
626 18
627 14
628 16
629 16
630 15
631 15
632 16
633 17
634 18
635 16
636 22
637 15
638 19
639 18
640 18
641 16
642 15
643 16
644 16
645 13
646 15
647 18
648 16
649 20
650 16
651 18
652 14
653 18
654 20
655 17
656 16
657 18
658 18
659 16
660 15
661 24
662 15
663 16
664 15
665 18
666 19
667 15
668 15
669 19
670 19
671 15
672 13
673 20
674 16
675 12
676 16
677 13
678 14
679 16
680 16
681 15
682 14
683 16
684 14
685 15
686 17
687 17
688 18
689 17
690 18
691 16
692 17
693 14
694 14
695 15
696 14
697 15
698 13
699 17
700 14
701 15
702 18
703 17
704 15
705 16
706 14
707 18
708 13
709 16
710 15
711 12
712 17
713 15
714 14
715 14
716 16
717 15
718 15
719 14
720 13
721 16
722 15
723 14
724 13
725 16
726 16
727 14
728 14
729 13
730 20
731 16
732 17
733 17
734 14
735 17
736 16
737 15
738 13
739 17
740 15
741 15
742 14
743 16
744 13
745 15
746 15
747 14
748 17
749 15
750 15
751 15
752 13
753 13
754 16
755 16
756 17
757 13
758 15
759 16
760 12
761 15
762 15
763 14
764 13
765 17
766 15
767 16
768 15
769 13
770 14
771 14
772 14
773 15
774 15
775 13
776 13
777 14
778 17
779 15
780 14
781 14
782 13
783 15
784 14
785 13
786 15
787 14
788 18
789 14
790 14
791 14
792 16
793 15
794 14
795 13
796 14
797 13
798 15
799 16
800 15
801 15
802 15
803 15
804 13
805 15
806 15
807 14
808 14
809 14
810 14
811 14
812 15
813 20
814 14
815 13
816 14
817 16
818 13
819 15
820 13
821 14
822 15
823 13
824 15
825 14
826 14
827 15
828 15
829 13
830 13
831 14
832 14
833 14
834 14
835 15
836 12
837 14
838 15
839 17
840 16
841 13
842 15
843 15
844 14
845 13
846 14
847 15
848 14
849 13
850 14
851 16
852 12
853 14
854 13
855 14
856 14
857 13
858 14
859 14
860 13
861 15
862 15
863 15
864 15
865 14
866 13
867 16
868 14
869 13
870 12
871 15
872 13
873 13
874 14
875 15
876 14
877 13
878 13
879 13
880 13
881 14
882 13
883 13
884 14
885 13
886 14
887 16
888 13
889 13
890 13
891 14
892 15
893 13
894 14
895 13
896 15
897 15
898 13
899 14
900 16
901 15
902 14
903 15
904 14
905 14
906 14
907 14
908 13
909 13
910 13
911 14
912 15
913 15
914 15
915 14
916 12
917 14
918 13
919 13
920 13
921 13
922 13
923 13
924 13
925 13
926 12
927 14
928 14
929 17
930 13
931 13
932 14
933 14
934 14
935 14
936 15
937 14
938 14
939 13
940 15
941 13
942 12
943 13
944 14
945 13
946 13
947 13
948 13
949 13
950 13
951 13
952 13
953 14
954 13
955 14
956 14
957 13
958 14
959 13
960 14
961 13
962 13
963 13
964 14
965 13
966 13
967 14
968 13
969 13
970 14
971 13
972 13
973 13
974 13
975 14
976 13
977 13
978 13
979 13
980 13
981 13
982 13
983 13
984 13
985 13
986 13
987 13
988 13
989 13
990 13
991 13
992 13
993 13
994 12
995 13
996 13
997 13
998 13
999 13
