0 49
1 78
2 127
3 86
4 131
5 108
6 111
7 82
8 67
9 73
10 142
11 101
12 113
13 81
14 64
15 95
16 111
17 97
18 65
19 67
20 62
21 42
22 34
23 67
24 50
25 41
26 62
27 64
28 72
29 43
30 50
31 36
32 47
33 49
34 61
35 31
36 37
37 38
38 37
39 22
40 22
41 37
42 41
43 20
44 41
45 49
46 59
47 49
48 39
49 35
50 28
51 46
52 37
53 28
54 22
55 27
56 30
57 56
58 25
59 44
60 38
61 35
62 29
63 26
64 33
65 39
66 32
67 32
68 34
69 24
70 20
71 24
72 25
73 25
74 30
75 29
76 47
77 26
78 40
79 25
80 39
81 30
82 36
83 21
84 27
85 19
86 29
87 23
88 37
89 40
90 28
91 24
92 21
93 32
94 28
95 34
96 24
97 23
98 25
99 48
100 32
101 25
102 29
103 40
104 25
105 29
106 14
107 31
108 25
109 37
110 14
111 22
112 23
113 25
114 27
115 32
116 25
117 23
118 22
119 22
120 33
121 32
122 11
123 23
124 17
125 33
126 25
127 18
128 23
129 30
130 17
131 13
132 26
133 21
134 17
135 21
136 38
137 39
138 29
139 26
140 25
141 22
142 21
143 26
144 15
145 19
146 26
147 19
148 18
149 19
150 20
151 16
152 24
153 23
154 16
155 16
156 31
157 18
158 14
159 24
160 17
161 25
162 24
163 20
164 17
165 21
166 18
167 24
168 21
169 25
170 30
171 24
172 30
173 17
174 21
175 19
176 19
177 24
178 22
179 18
180 19
181 17
182 19
183 18
184 21
185 19
186 28
187 12
188 13
189 19
190 14
191 20
192 17
193 15
194 18
195 15
196 22
197 18
198 14
199 15
200 19
201 19
202 19
203 11
204 15
205 16
206 24
207 16
208 20
209 16
210 24
211 13
212 18
213 14
214 18
215 13
216 10
217 25
218 20
219 11
220 18
221 15
222 14
223 14
224 14
225 15
226 15
227 17
228 9
229 16
230 14
231 22
232 21
233 23
234 16
235 12
236 18
237 14
238 18
239 12
240 16
241 13
242 11
243 12
244 16
245 18
246 10
247 15
248 15
249 18
250 24
251 20
252 12
253 22
254 10
255 20
256 13
257 12
258 18
259 18
260 12
261 9
262 21
263 15
264 21
265 14
266 11
267 17
268 12
269 17
270 10
271 19
272 17
273 17
274 15
275 17
276 13
277 11
278 12
279 13
280 9
281 18
282 18
283 17
284 17
285 8
286 10
287 18
288 18
289 17
290 12
291 12
292 12
293 14
294 14
295 13
296 15
297 17
298 13
299 14
300 12
301 15
302 14
303 14
304 19
305 16
306 14
307 14
308 13
309 11
310 18
311 10
312 13
313 12
314 14
315 16
316 12
317 17
318 13
319 10
320 14
321 17
322 14
323 12
324 18
325 14
326 10
327 16
328 11
329 15
330 20
331 14
332 14
333 14
334 16
335 17
336 14
337 13
338 10
339 20
340 15
341 14
342 11
343 15
344 14
345 14
346 11
347 16
348 10
349 17
350 14
351 13
352 12
353 17
354 11
355 17
356 14
357 23
358 12
359 12
360 11
361 15
362 9
363 10
364 16
365 13
366 13
367 12
368 9
369 13
370 10
371 16
372 17
373 10
374 16
375 11
376 16
377 10
378 12
379 9
380 12
381 8
382 11
383 18
384 12
385 13
386 12
387 10
388 16
389 12
390 11
391 12
392 11
393 13
394 12
395 13
396 10
397 15
398 11
399 14
400 12
401 11
402 13
403 10
404 16
405 11
406 13
407 14
408 10
409 10
410 13
411 11
412 13
413 15
414 14
415 13
416 17
417 12
418 10
419 11
420 14
421 14
422 9
423 12
424 9
425 13
426 9
427 13
428 10
429 13
430 12
431 12
432 14
433 12
434 10
435 9
436 11
437 16
438 12
439 15
440 11
441 12
442 9
443 14
444 13
445 10
446 11
447 12
448 14
449 11
450 14
451 11
452 9
453 11
454 16
455 10
456 10
457 11
458 12
459 15
460 13
461 9
462 9
463 8
464 11
465 13
466 17
467 12
468 11
469 8
470 10
471 13
472 11
473 10
474 11
475 12
476 10
477 11
478 12
479 10
480 10
481 9
482 12
483 9
484 10
485 10
486 10
487 9
488 12
489 11
490 15
491 12
492 11
493 9
494 11
495 13
496 13
497 12
498 9
499 10
500 10
501 10
502 10
503 10
504 13
505 12
506 11
507 12
508 12
509 11
510 12
511 12
512 10
513 10
514 11
515 11
516 12
517 12
518 9
519 9
520 10
521 11
522 11
523 12
524 9
525 11
526 10
527 10
528 10
529 10
530 11
531 9
532 11
533 10
534 11
535 12
536 12
537 10
538 9
539 12
540 9
541 10
542 9
543 9
544 9
545 9
546 9
547 10
548 9
549 9
550 9
551 11
552 10
553 11
554 10
555 12
556 13
557 9
558 10
559 9
560 10
561 10
562 10
563 10
564 8
565 10
566 12
567 10
568 12
569 12
570 9
571 9
572 9
573 9
574 9
575 11
576 10
577 9
578 10
579 11
580 10
581 11
582 11
583 10
584 11
585 11
586 11
587 9
588 8
589 14
590 9
591 9
592 10
593 10
594 8
595 10
596 12
597 10
598 10
599 10
600 10
601 10
602 10
603 12
604 10
605 10
606 9
607 9
608 10
609 9
610 10
611 10
612 9
613 10
614 12
615 9
616 9
617 9
618 9
619 9
620 9
621 9
622 9
623 11
624 9
625 8
626 10
627 10
628 10
629 10
630 10
631 9
632 9
633 12
634 9
635 9
636 9
637 10
638 9
639 9
640 9
641 12
642 10
643 10
644 9
645 10
646 9
647 9
648 10
649 8
650 10
651 9
652 9
653 9
654 9
655 9
656 9
657 9
658 9
659 9
660 9
661 11
662 10
663 10
664 9
665 9
666 11
667 9
668 9
669 9
670 9
671 10
672 9
673 9
674 9
675 9
676 10
677 9
678 9
679 9
680 10
681 11
682 10
683 9
684 9
685 9
686 9
687 9
688 9
689 9
690 9
691 9
692 9
693 9
694 9
695 9
696 9
697 9
698 9
699 9
