0 35
1 34
2 29
3 36
4 35
5 31
6 30
7 28
8 29
9 38
10 38
11 28
12 31
13 31
14 38
15 34
16 27
17 29
18 33
19 35
20 38
21 40
22 35
23 34
24 37
25 32
26 32
27 36
28 31
29 39
30 41
31 30
32 31
33 36
34 33
35 30
36 29
37 33
38 33
39 36
40 31
41 36
42 34
43 40
44 35
45 33
46 31
47 30
48 32
49 40
50 35
51 26
52 32
53 34
54 37
55 31
56 32
57 39
58 31
59 29
60 36
61 27
62 36
63 34
64 36
65 31
66 26
67 26
68 31
69 36
70 24
71 33
72 30
73 25
74 35
75 32
76 41
77 42
78 37
79 29
80 44
81 28
82 37
83 39
84 35
85 36
86 34
87 26
88 41
89 37
90 32
91 33
92 34
93 34
94 36
95 33
96 36
97 30
98 34
99 40
100 31
101 33
102 27
103 36
104 29
105 35
106 36
107 29
108 27
109 24
110 37
111 35
112 39
113 38
114 30
115 36
116 31
117 37
118 25
119 41
120 34
121 37
122 37
123 40
124 31
125 39
126 42
127 33
128 36
129 38
130 35
131 29
132 34
133 31
134 35
135 34
136 30
137 31
138 40
139 26
140 34
141 33
142 29
143 37
144 41
145 39
146 27
147 39
148 32
149 32
150 33
151 28
152 29
153 33
154 29
155 37
156 28
157 36
158 32
159 28
160 29
161 32
162 27
163 31
164 29
165 32
166 38
167 26
168 24
169 33
170 36
171 29
172 39
173 41
174 34
175 35
176 26
177 39
178 35
179 28
180 36
181 31
182 40
183 33
184 30
185 36
186 31
187 32
188 34
189 29
190 30
191 31
192 33
193 27
194 34
195 40
196 26
197 35
198 30
199 34
200 27
201 42
202 29
203 33
204 32
205 28
206 37
207 30
208 35
209 31
210 36
211 34
212 35
213 37
214 36
215 35
216 31
217 28
218 40
219 29
220 34
221 32
222 36
223 35
224 37
225 33
226 39
227 30
228 28
229 35
230 35
231 39
232 28
233 33
234 30
235 27
236 33
237 34
238 34
239 33
240 35
241 44
242 31
243 36
244 38
245 28
246 32
247 24
248 34
249 25
250 35
251 38
252 43
253 34
254 36
255 34
256 39
257 41
258 37
259 34
260 30
261 35
262 29
263 32
264 34
265 30
266 29
267 33
268 35
269 38
270 30
271 34
272 36
273 22
274 39
275 39
276 33
277 37
278 32
279 38
280 39
281 31
282 26
283 34
284 26
285 28
286 37
287 31
288 37
289 32
290 32
291 32
292 27
293 30
294 37
295 37
296 25
297 35
298 29
299 35
300 38
301 32
302 36
303 31
304 30
305 35
306 42
307 32
308 32
309 36
310 30
311 29
312 34
313 34
314 33
315 28
316 34
317 34
318 32
319 34
320 32
321 35
322 31
323 42
324 34
325 29
326 36
327 30
328 32
329 37
330 42
331 38
332 40
333 31
334 40
335 34
336 35
337 32
338 34
339 33
340 28
341 32
342 31
343 37
344 31
345 37
346 41
347 31
348 30
349 27
350 33
351 33
352 35
353 30
354 36
355 42
356 34
357 43
358 35
359 40
360 28
361 40
362 27
363 35
364 35
365 36
366 39
367 29
368 43
369 33
370 35
371 39
372 37
373 30
374 37
375 41
376 32
377 27
378 33
379 35
380 23
381 30
382 26
383 31
384 34
385 36
386 40
387 39
388 36
389 32
390 36
391 31
392 35
393 31
394 30
395 35
396 28
397 36
398 33
399 35
400 34
401 27
402 33
403 32
404 31
405 34
406 34
407 35
408 31
409 31
410 29
411 30
412 30
413 39
414 36
415 36
416 32
417 36
418 37
419 32
420 34
421 31
422 34
423 32
424 32
425 36
426 35
427 34
428 32
429 41
430 36
431 28
432 32
433 35
434 34
435 35
436 39
437 38
438 33
439 34
440 27
441 36
442 34
443 34
444 34
445 31
446 34
447 26
448 38
449 38
450 34
451 38
452 34
453 45
454 28
455 35
456 30
457 29
458 31
459 27
460 41
461 34
462 28
463 35
464 34
465 31
466 26
467 31
468 30
469 24
470 26
471 38
472 31
473 32
474 30
475 29
476 31
477 36
478 33
479 39
480 35
481 29
482 38
483 34
484 35
485 36
486 34
487 37
488 29
489 31
490 33
491 34
492 37
493 35
494 25
495 38
496 33
497 36
498 36
499 40
500 34
501 29
502 29
503 28
504 36
505 30
506 34
507 28
508 33
509 42
510 35
511 31
512 38
513 33
514 31
515 28
516 27
517 35
518 34
519 28
520 31
521 35
522 35
523 30
524 32
525 29
526 40
527 27
528 31
529 34
530 32
531 34
532 38
533 30
534 27
535 31
536 35
537 31
538 35
539 35
540 34
541 28
542 33
543 33
544 31
545 31
546 36
547 38
548 33
549 31
550 34
551 29
552 36
553 34
554 29
555 33
556 30
557 39
558 30
559 31
560 39
561 37
562 30
563 29
564 35
565 31
566 27
567 28
568 34
569 25
570 34
571 36
572 34
573 36
574 34
575 33
576 37
577 27
578 28
579 43
580 33
581 35
582 26
583 33
584 37
585 29
586 36
587 32
588 40
589 29
590 32
591 34
592 25
593 26
594 39
595 37
596 44
597 28
598 35
599 32
600 32
601 31
602 37
603 27
604 37
605 30
606 32
607 29
608 27
609 37
610 31
611 35
612 30
613 33
614 40
615 35
616 33
617 38
618 37
619 36
620 31
621 38
622 30
623 25
624 32
625 31
626 35
627 28
628 29
629 30
630 28
631 31
632 34
633 32
634 37
635 37
636 35
637 33
638 38
639 27
640 36
641 37
642 26
643 36
644 36
645 34
646 36
647 31
648 31
649 31
650 29
651 35
652 35
653 31
654 28
655 39
656 33
657 39
658 37
659 31
660 31
661 32
662 30
663 35
664 38
665 41
666 32
667 27
668 30
669 28
670 46
671 34
672 30
673 33
674 31
675 30
676 38
677 30
678 41
679 36
680 37
681 30
682 33
683 34
684 25
685 32
686 23
687 29
688 32
689 28
690 40
691 34
692 40
693 33
694 38
695 30
696 34
697 34
698 39
699 33
700 36
701 45
702 36
703 38
704 34
705 37
706 36
707 27
708 29
709 32
710 33
711 38
712 40
713 40
714 33
715 35
716 32
717 33
718 44
719 31
720 32
721 26
722 43
723 42
724 36
725 32
726 34
727 31
728 29
729 39
730 30
731 26
732 26
733 29
734 30
735 35
736 29
737 36
738 34
739 32
740 38
741 29
742 35
743 25
744 33
745 37
746 35
747 26
748 34
749 34
750 37
751 36
752 33
753 39
754 32
755 29
756 37
757 33
758 28
759 34
760 34
761 36
762 40
763 34
764 27
765 35
766 33
767 34
768 32
769 37
770 35
771 36
772 31
773 38
774 32
775 31
776 38
777 32
778 33
779 30
780 33
781 36
782 32
783 34
784 32
785 39
786 38
787 27
788 41
789 31
790 35
791 33
792 29
793 32
794 33
795 34
796 43
797 30
798 36
799 34
