0 28
1 33
2 23
3 22
4 29
5 28
6 31
7 38
8 23
9 20
10 34
11 26
12 31
13 31
14 40
15 26
16 33
17 30
18 30
19 28
20 37
21 26
22 34
23 30
24 17
25 29
26 28
27 25
28 25
29 27
30 37
31 30
32 26
33 31
34 28
35 24
36 32
37 34
38 25
39 41
40 29
41 20
42 27
43 32
44 30
45 25
46 38
47 29
48 36
49 26
50 38
51 24
52 27
53 21
54 23
55 25
56 28
57 24
58 27
59 23
60 22
61 26
62 25
63 27
64 23
65 19
66 40
67 26
68 27
69 39
70 29
71 27
72 27
73 31
74 28
75 29
76 21
77 32
78 12
79 35
80 29
81 29
82 15
83 32
84 26
85 21
86 30
87 32
88 31
89 37
90 27
91 31
92 35
93 30
94 24
95 23
96 21
97 27
98 34
99 20
100 25
101 27
102 34
103 22
104 28
105 24
106 39
107 33
108 21
109 25
110 33
111 35
112 28
113 40
114 30
115 24
116 27
117 24
118 29
119 21
120 16
121 33
122 35
123 20
124 31
125 30
126 22
127 25
128 37
129 34
130 34
131 36
132 32
133 31
134 28
135 16
136 14
137 26
138 33
139 35
140 35
141 34
142 30
143 33
144 30
145 25
146 35
147 32
148 35
149 31
150 28
151 38
152 29
153 34
154 20
155 22
156 21
157 30
158 31
159 40
160 25
161 29
162 33
163 28
164 30
165 25
166 26
167 28
168 25
169 26
170 24
171 38
172 29
173 31
174 23
175 27
176 30
177 32
178 30
179 20
180 26
181 32
182 32
183 25
184 33
185 33
186 26
187 34
188 23
189 32
190 26
191 25
192 29
193 25
194 26
195 38
196 30
197 37
198 25
199 28
200 32
201 30
202 31
203 32
204 24
205 29
206 31
207 24
208 45
209 25
210 23
211 33
212 29
213 31
214 30
215 29
216 31
217 32
218 24
219 35
220 34
221 34
222 36
223 30
224 31
225 33
226 25
227 29
228 29
229 22
230 28
231 25
232 31
233 25
234 23
235 23
236 25
237 32
238 25
239 35
240 29
241 30
242 24
243 28
244 33
245 35
246 26
247 31
248 33
249 34
250 30
251 22
252 30
253 28
254 29
255 40
256 23
257 30
258 33
259 23
260 28
261 30
262 26
263 32
264 26
265 30
266 26
267 32
268 28
269 25
270 41
271 31
272 23
273 24
274 29
275 24
276 25
277 30
278 22
279 25
280 27
281 29
282 29
283 29
284 30
285 31
286 27
287 28
288 32
289 33
290 21
291 27
292 31
293 37
294 28
295 36
296 30
297 27
298 33
299 42
300 29
301 36
302 30
303 25
304 30
305 21
306 26
307 28
308 26
309 41
310 22
311 25
312 34
313 27
314 36
315 22
316 23
317 30
318 29
319 32
320 24
321 23
322 36
323 25
324 22
325 27
326 24
327 27
328 22
329 30
330 29
331 28
332 36
333 32
334 32
335 32
336 26
337 26
338 38
339 21
340 22
341 32
342 35
343 21
344 24
345 34
346 26
347 24
348 28
349 38
350 39
351 29
352 23
353 21
354 30
355 35
356 26
357 30
358 28
359 32
360 32
361 26
362 33
363 23
364 27
365 33
366 24
367 27
368 35
369 33
370 29
371 29
372 26
373 19
374 31
375 20
376 26
377 33
378 29
379 34
380 29
381 26
382 33
383 24
384 29
385 31
386 31
387 23
388 29
389 28
390 32
391 38
392 24
393 31
394 24
395 21
396 27
397 35
398 34
399 38
400 31
401 27
402 36
403 30
404 32
405 27
406 29
407 26
408 20
409 31
410 30
411 38
412 29
413 33
414 32
415 22
416 38
417 26
418 26
419 24
420 33
421 24
422 23
423 26
424 30
425 30
426 28
427 26
428 26
429 25
430 40
431 30
432 32
433 30
434 30
435 24
436 32
437 30
438 26
439 29
440 27
441 33
442 31
443 28
444 18
445 26
446 29
447 33
448 23
449 32
450 33
451 38
452 29
453 30
454 36
455 34
456 28
457 25
458 38
459 35
460 32
461 34
462 38
463 33
464 26
465 30
466 19
467 34
468 30
469 29
470 28
471 28
472 36
473 19
474 33
475 30
476 22
477 30
478 32
479 27
480 31
481 35
482 29
483 36
484 28
485 26
486 31
487 36
488 32
489 28
490 17
491 31
492 30
493 17
494 21
495 21
496 33
497 35
498 29
499 35
500 29
501 27
502 31
503 34
504 34
505 15
506 25
507 32
508 28
509 33
510 30
511 34
512 22
513 28
514 26
515 23
516 26
517 26
518 31
519 30
520 40
521 35
522 27
523 30
524 39
525 29
526 28
527 27
528 37
529 28
530 32
531 33
532 33
533 35
534 29
535 31
536 31
537 26
538 23
539 26
540 22
541 23
542 29
543 23
544 26
545 24
546 28
547 31
548 32
549 30
550 28
551 29
552 31
553 24
554 31
555 30
556 20
557 35
558 32
559 30
560 27
561 32
562 34
563 20
564 26
565 30
566 21
567 29
568 32
569 25
570 27
571 33
572 34
573 23
574 30
575 31
576 33
577 24
578 29
579 32
580 30
581 30
582 23
583 40
584 32
585 29
586 24
587 27
588 33
589 27
590 27
591 29
592 28
593 37
594 35
595 13
596 32
597 26
598 30
599 22
