0 21
1 23
2 17
3 20
4 22
5 18
6 24
7 22
8 17
9 22
10 21
11 19
12 11
13 25
14 22
15 21
16 16
17 25
18 25
19 20
20 21
21 19
22 23
23 16
24 20
25 26
26 25
27 22
28 21
29 21
30 21
31 24
32 23
33 18
34 26
35 16
36 32
37 18
38 24
39 22
40 23
41 27
42 25
43 21
44 24
45 21
46 23
47 15
48 22
49 21
50 26
51 21
52 23
53 26
54 23
55 20
56 25
57 17
58 22
59 20
60 18
61 24
62 24
63 24
64 17
65 26
66 20
67 27
68 22
69 20
70 22
71 24
72 30
73 21
74 18
75 22
76 29
77 21
78 23
79 21
80 26
81 24
82 16
83 19
84 29
85 26
86 25
87 17
88 23
89 26
90 21
91 25
92 25
93 22
94 26
95 24
96 21
97 27
98 22
99 21
100 25
101 19
102 26
103 17
104 14
105 24
106 24
107 19
108 23
109 22
110 22
111 15
112 20
113 26
114 20
115 24
116 21
117 21
118 19
119 18
120 21
121 21
122 23
123 23
124 17
125 24
126 20
127 17
128 24
129 23
130 21
131 15
132 16
133 26
134 21
135 22
136 27
137 21
138 27
139 25
140 19
141 21
142 30
143 18
144 15
145 27
146 25
147 21
148 21
149 29
150 27
151 21
152 26
153 23
154 27
155 15
156 21
157 18
158 20
159 23
160 18
161 21
162 29
163 25
164 24
165 23
166 21
167 25
168 19
169 27
170 24
171 25
172 21
173 29
174 30
175 24
176 22
177 24
178 27
179 22
180 20
181 21
182 21
183 22
184 18
185 20
186 25
187 22
188 16
189 23
190 22
191 24
192 25
193 22
194 27
195 19
196 23
197 22
198 24
199 24
200 28
201 23
202 20
203 15
204 22
205 29
206 24
207 16
208 17
209 24
210 24
211 21
212 21
213 20
214 24
215 24
216 21
217 19
218 17
219 19
220 22
221 24
222 20
223 19
224 23
225 20
226 23
227 32
228 23
229 27
230 22
231 28
232 25
233 18
234 24
235 23
236 21
237 21
238 30
239 24
240 30
241 16
242 17
243 22
244 22
245 20
246 20
247 20
248 19
249 21
250 20
251 31
252 22
253 21
254 19
255 24
256 26
257 20
258 24
259 22
260 19
261 25
262 26
263 20
264 17
265 16
266 27
267 21
268 25
269 27
270 23
271 22
272 20
273 25
274 19
275 23
276 15
277 21
278 19
279 17
280 19
281 22
282 23
283 25
284 20
285 18
286 22
287 18
288 21
289 23
290 24
291 24
292 18
293 22
294 24
295 22
296 20
297 28
298 25
299 19
300 25
301 24
302 21
303 17
304 21
305 25
306 25
307 21
308 21
309 23
310 20
311 26
312 24
313 21
314 22
315 27
316 22
317 15
318 24
319 18
320 26
321 19
322 23
323 24
324 28
325 28
326 19
327 20
328 21
329 26
330 23
331 21
332 22
333 29
334 25
335 20
336 20
337 21
338 23
339 27
340 17
341 19
342 22
343 26
344 22
345 17
346 24
347 24
348 27
349 20
350 16
351 21
352 18
353 23
354 20
355 26
356 25
357 26
358 27
359 26
360 26
361 22
362 30
363 21
364 20
365 25
366 30
367 28
368 20
369 21
370 27
371 24
372 25
373 27
374 17
375 23
376 19
377 24
378 23
379 16
380 25
381 20
382 18
383 28
384 25
385 21
386 20
387 22
388 20
389 21
390 22
391 21
392 23
393 23
394 27
395 23
396 24
397 19
398 24
399 22
400 21
401 26
402 21
403 16
404 24
405 20
406 23
407 23
408 21
409 18
410 26
411 18
412 22
413 30
414 20
415 21
416 20
417 22
418 18
419 27
420 31
421 24
422 26
423 16
424 20
425 23
426 21
427 23
428 24
429 26
430 26
431 23
432 25
433 17
434 20
435 20
436 27
437 16
438 20
439 20
440 26
441 20
442 22
443 28
444 16
445 20
446 23
447 25
448 21
449 19
450 17
451 20
452 25
453 25
454 19
455 23
456 19
457 20
458 18
459 20
460 22
461 25
462 25
463 22
464 17
465 24
466 17
467 19
468 22
469 22
470 18
471 14
472 20
473 24
474 22
475 23
476 23
477 25
478 21
479 17
480 18
481 21
482 21
483 27
484 21
485 23
486 19
487 23
488 25
489 19
490 20
491 21
492 21
493 21
494 16
495 21
496 20
497 21
498 20
499 21
