0 104
1 196
2 171
3 168
4 136
5 172
6 164
7 128
8 121
9 165
10 155
11 131
12 150
13 167
14 173
15 127
16 162
17 133
18 177
19 130
20 73
21 118
22 166
23 118
24 112
25 111
26 88
27 134
28 112
29 116
30 104
31 83
32 90
33 77
34 89
35 54
36 101
37 125
38 103
39 87
40 97
41 67
42 111
43 81
44 98
45 64
46 76
47 77
48 80
49 54
50 111
51 54
52 56
53 45
54 86
55 58
56 91
57 71
58 74
59 66
60 58
61 55
62 59
63 65
64 37
65 43
66 54
67 74
68 60
69 53
70 55
71 70
72 70
73 55
74 57
75 60
76 49
77 75
78 60
79 68
80 42
81 54
82 52
83 51
84 61
85 39
86 54
87 81
88 63
89 48
90 62
91 58
92 53
93 54
94 51
95 59
96 59
97 66
98 49
99 46
100 37
101 57
102 50
103 63
104 31
105 32
106 65
107 44
108 38
109 29
110 54
111 37
112 48
113 37
114 49
115 47
116 40
117 46
118 36
119 41
120 52
121 49
122 45
123 47
124 40
125 44
126 50
127 49
128 50
129 45
130 55
131 37
132 42
133 36
134 44
135 34
136 39
137 37
138 50
139 33
140 46
141 44
142 42
143 31
144 42
145 40
146 41
147 43
148 62
149 43
150 34
151 39
152 48
153 32
154 26
155 40
156 54
157 43
158 38
159 40
160 33
161 49
162 36
163 34
164 32
165 40
166 40
167 35
168 43
169 44
170 38
171 59
172 40
173 45
174 52
175 50
176 42
177 45
178 46
179 50
180 45
181 35
182 35
183 32
184 34
185 23
186 49
187 61
188 38
189 35
190 22
191 44
192 35
193 46
194 31
195 39
196 37
197 33
198 40
199 27
200 35
201 37
202 41
203 26
204 23
205 25
206 24
207 38
208 41
209 43
210 33
211 42
212 33
213 32
214 35
215 33
216 35
217 44
218 39
219 27
220 34
221 34
222 33
223 37
224 31
225 30
226 32
227 24
228 42
229 32
230 26
231 43
232 28
233 23
234 29
235 20
236 31
237 32
238 26
239 33
240 29
241 35
242 34
243 34
244 29
245 30
246 28
247 42
248 35
249 36
250 26
251 30
252 38
253 33
254 35
255 30
256 38
257 35
258 26
259 26
260 31
261 34
262 32
263 32
264 24
265 33
266 20
267 28
268 30
269 32
270 31
271 35
272 30
273 35
274 36
275 34
276 31
277 26
278 22
279 42
280 22
281 38
282 30
283 31
284 23
285 29
286 26
287 38
288 35
289 24
290 24
291 24
292 30
293 26
294 39
295 26
296 26
297 26
298 28
299 17
300 42
301 36
302 27
303 20
304 22
305 37
306 35
307 30
308 32
309 33
310 26
311 25
312 23
313 30
314 29
315 24
316 29
317 30
318 20
319 29
320 29
321 29
322 27
323 35
324 31
325 38
326 28
327 21
328 27
329 33
330 26
331 27
332 26
333 28
334 29
335 23
336 24
337 28
338 28
339 33
340 26
341 22
342 26
343 22
344 25
345 24
346 20
347 28
348 26
349 32
350 20
351 30
352 29
353 24
354 22
355 22
356 15
357 25
358 20
359 28
360 26
361 24
362 22
363 26
364 20
365 22
366 26
367 23
368 23
369 18
370 24
371 24
372 23
373 23
374 25
375 26
376 27
377 33
378 23
379 38
380 29
381 26
382 17
383 34
384 22
385 19
386 22
387 23
388 25
389 24
390 22
391 28
392 26
393 19
394 25
395 22
396 19
397 19
398 20
399 25
400 26
401 23
402 26
403 22
404 24
405 19
406 24
407 22
408 23
409 28
410 22
411 27
412 20
413 26
414 26
415 24
416 22
417 23
418 27
419 21
420 22
421 30
422 20
423 21
424 24
425 21
426 23
427 19
428 23
429 20
430 24
431 19
432 21
433 21
434 23
435 22
436 18
437 22
438 21
439 25
440 28
441 20
442 25
443 19
444 18
445 21
446 22
447 17
448 24
449 27
450 25
451 26
452 23
453 20
454 27
455 18
456 18
457 19
458 18
459 22
460 21
461 16
462 22
463 21
464 20
465 25
466 28
467 17
468 21
469 19
470 21
471 17
472 20
473 23
474 19
475 17
476 17
477 27
478 26
479 23
480 20
481 25
482 21
483 20
484 16
485 30
486 18
487 19
488 15
489 23
490 19
491 27
492 21
493 22
494 19
495 23
496 25
497 19
498 20
499 22
500 18
501 24
502 19
503 23
504 21
505 23
506 19
507 24
508 26
509 22
510 22
511 20
512 23
513 19
514 21
515 20
516 28
517 23
518 25
519 20
520 23
521 21
522 27
523 19
524 19
525 22
526 20
527 18
528 25
529 22
530 20
531 20
532 24
533 23
534 21
535 17
536 23
537 24
538 20
539 21
540 26
541 26
542 17
543 26
544 23
545 17
546 21
547 15
548 24
549 21
550 19
551 17
552 28
553 20
554 22
555 26
556 17
557 20
558 19
559 21
560 20
561 20
562 17
563 24
564 21
565 21
566 24
567 17
568 18
569 22
570 26
571 17
572 18
573 23
574 25
575 17
576 25
577 27
578 23
579 22
580 16
581 17
582 23
583 19
584 21
585 17
586 22
587 20
588 21
589 28
590 27
591 16
592 20
593 18
594 22
595 19
596 19
597 18
598 21
599 17
600 23
601 22
602 22
603 23
604 17
605 19
606 17
607 19
608 21
609 19
610 18
611 20
612 20
613 19
614 17
615 18
616 19
617 21
618 19
619 18
620 20
621 26
622 19
623 22
624 19
625 18
626 20
627 19
628 18
629 22
630 21
631 20
632 21
633 18
634 19
635 22
636 19
637 19
638 17
639 16
640 16
641 19
642 15
643 17
644 15
645 20
646 17
647 18
648 15
649 19
650 23
651 17
652 21
653 17
654 16
655 18
656 18
657 16
658 19
659 19
660 17
661 17
662 22
663 20
664 19
665 18
666 20
667 16
668 23
669 18
670 16
671 16
672 18
673 21
674 14
675 17
676 18
677 18
678 21
679 20
680 16
681 16
682 17
683 19
684 19
685 20
686 19
687 17
688 17
689 19
690 20
691 17
692 18
693 16
694 20
695 17
696 17
697 19
698 15
699 17
700 19
701 18
702 17
703 18
704 17
705 16
706 16
707 18
708 19
709 21
710 18
711 20
712 16
713 18
714 16
715 15
716 16
717 19
718 19
719 19
720 21
721 20
722 16
723 16
724 15
725 18
726 18
727 18
728 19
729 18
730 18
731 16
732 17
733 19
734 15
735 16
736 19
737 20
738 17
739 16
740 16
741 17
742 14
743 15
744 17
745 14
746 20
747 17
748 19
749 16
750 17
751 17
752 17
753 16
754 17
755 16
756 19
757 15
758 16
759 20
760 15
761 19
762 18
763 17
764 23
765 15
766 17
767 18
768 16
769 19
770 20
771 19
772 17
773 16
774 19
775 20
776 14
777 15
778 17
779 16
780 17
781 19
782 16
783 19
784 22
785 17
786 17
787 19
788 18
789 17
790 16
791 18
792 15
793 15
794 21
795 17
796 14
797 17
798 17
799 16
800 17
801 15
802 16
803 18
804 17
805 15
806 14
807 16
808 19
809 18
810 15
811 15
812 16
813 19
814 15
815 16
816 18
817 17
818 15
819 16
820 18
821 14
822 15
823 17
824 16
825 14
826 17
827 15
828 19
829 20
830 19
831 19
832 16
833 16
834 16
835 17
836 15
837 16
838 15
839 15
840 15
841 17
842 16
843 19
844 16
845 17
846 15
847 17
848 20
849 18
850 15
851 16
852 15
853 14
854 18
855 15
856 16
857 15
858 18
859 17
860 16
861 15
862 17
863 17
864 18
865 16
866 16
867 16
868 15
869 16
870 15
871 19
872 16
873 15
874 16
875 16
876 16
877 16
878 18
879 15
880 15
881 15
882 19
883 16
884 15
885 16
886 15
887 15
888 15
889 17
890 15
891 17
892 14
893 14
894 17
895 15
896 17
897 16
898 15
899 16
900 14
901 17
902 16
903 16
904 17
905 15
906 15
907 15
908 17
909 16
910 18
911 15
912 16
913 16
914 14
915 16
916 17
917 15
918 14
919 15
920 16
921 16
922 16
923 15
924 15
925 15
926 15
927 16
928 15
929 14
930 15
931 16
932 17
933 16
934 15
935 16
936 16
937 15
938 17
939 16
940 16
941 15
942 15
943 15
944 15
945 16
946 14
947 14
948 15
949 16
950 16
951 16
952 15
953 15
954 14
955 15
956 15
957 16
958 15
959 16
960 15
961 16
962 14
963 14
964 15
965 16
966 15
967 15
968 15
969 15
970 15
971 15
972 15
973 15
974 16
975 15
976 15
977 14
978 15
979 15
980 15
981 15
982 15
983 15
984 15
985 15
986 15
987 15
988 16
989 14
990 15
991 15
992 15
993 15
994 15
995 15
996 14
997 15
998 14
999 15
