0 30
1 31
2 33
3 28
4 26
5 39
6 27
7 25
8 26
9 29
10 29
11 27
12 34
13 36
14 29
15 29
16 31
17 28
18 27
19 34
20 24
21 32
22 36
23 27
24 41
25 26
26 31
27 28
28 31
29 25
30 26
31 24
32 32
33 28
34 22
35 39
36 32
37 31
38 29
39 31
40 32
41 37
42 34
43 30
44 27
45 24
46 29
47 25
48 39
49 28
50 27
51 28
52 36
53 37
54 39
55 36
56 35
57 28
58 33
59 39
60 26
61 30
62 38
63 26
64 43
65 28
66 28
67 29
68 30
69 26
70 26
71 26
72 24
73 34
74 24
75 23
76 33
77 35
78 30
79 29
80 29
81 31
82 35
83 33
84 28
85 33
86 33
87 22
88 31
89 37
90 31
91 28
92 34
93 35
94 33
95 37
96 27
97 32
98 28
99 27
100 36
101 39
102 30
103 23
104 22
105 22
106 31
107 27
108 30
109 29
110 21
111 40
112 30
113 32
114 27
115 24
116 29
117 31
118 20
119 28
120 26
121 33
122 34
123 30
124 33
125 24
126 28
127 41
128 32
129 22
130 37
131 40
132 31
133 23
134 35
135 32
136 37
137 24
138 43
139 30
140 34
141 23
142 30
143 41
144 39
145 39
146 29
147 23
148 38
149 25
150 34
151 23
152 32
153 29
154 34
155 27
156 31
157 32
158 36
159 37
160 39
161 29
162 28
163 30
164 27
165 35
166 29
167 27
168 29
169 31
170 30
171 29
172 27
173 36
174 27
175 29
176 22
177 35
178 35
179 34
180 31
181 22
182 42
183 39
184 25
185 31
186 28
187 33
188 34
189 19
190 27
191 30
192 31
193 29
194 36
195 36
196 25
197 21
198 26
199 39
200 28
201 33
202 30
203 35
204 33
205 29
206 33
207 28
208 30
209 22
210 34
211 28
212 28
213 30
214 21
215 34
216 31
217 32
218 30
219 34
220 30
221 40
222 27
223 26
224 25
225 44
226 39
227 36
228 33
229 31
230 27
231 34
232 25
233 36
234 30
235 33
236 31
237 23
238 29
239 35
240 20
241 20
242 30
243 29
244 22
245 32
246 31
247 39
248 37
249 29
250 33
251 38
252 30
253 25
254 31
255 36
256 34
257 33
258 31
259 21
260 31
261 33
262 27
263 27
264 34
265 36
266 34
267 33
268 32
269 36
270 27
271 21
272 33
273 34
274 24
275 30
276 30
277 27
278 33
279 29
280 25
281 25
282 36
283 22
284 36
285 29
286 27
287 42
288 25
289 34
290 32
291 26
292 34
293 37
294 31
295 24
296 42
297 36
298 31
299 20
300 28
301 28
302 30
303 27
304 26
305 29
306 24
307 30
308 33
309 33
310 35
311 33
312 25
313 36
314 34
315 32
316 28
317 40
318 37
319 28
320 33
321 35
322 30
323 24
324 29
325 34
326 20
327 34
328 27
329 27
330 35
331 26
332 37
333 34
334 28
335 32
336 22
337 29
338 43
339 23
340 26
341 32
342 36
343 37
344 37
345 34
346 30
347 25
348 28
349 24
350 38
351 30
352 40
353 32
354 27
355 38
356 22
357 31
358 28
359 29
360 35
361 37
362 27
363 33
364 33
365 34
366 25
367 36
368 34
369 25
370 34
371 22
372 36
373 25
374 32
375 24
376 24
377 24
378 31
379 36
380 27
381 24
382 35
383 27
384 25
385 31
386 26
387 31
388 32
389 24
390 26
391 31
392 32
393 36
394 28
395 34
396 28
397 20
398 41
399 26
400 34
401 32
402 27
403 33
404 34
405 33
406 26
407 30
408 27
409 36
410 43
411 31
412 48
413 21
414 33
415 33
416 31
417 32
418 35
419 32
420 33
421 28
422 31
423 20
424 26
425 35
426 37
427 37
428 32
429 34
430 31
431 30
432 33
433 29
434 26
435 27
436 30
437 28
438 34
439 25
440 38
441 23
442 36
443 34
444 36
445 43
446 23
447 26
448 36
449 36
450 32
451 29
452 40
453 30
454 30
455 35
456 24
457 32
458 23
459 30
460 29
461 41
462 37
463 34
464 27
465 27
466 31
467 36
468 27
469 30
470 30
471 35
472 26
473 21
474 40
475 31
476 31
477 25
478 21
479 32
480 43
481 43
482 22
483 25
484 30
485 40
486 32
487 32
488 31
489 28
490 41
491 33
492 34
493 30
494 35
495 31
496 24
497 34
498 28
499 40
500 36
501 29
502 33
503 26
504 30
505 22
506 31
507 23
508 26
509 24
510 36
511 32
512 30
513 29
514 37
515 32
516 31
517 33
518 30
519 27
520 21
521 33
522 26
523 30
524 28
525 32
526 30
527 35
528 35
529 32
530 33
531 29
532 30
533 27
534 46
535 29
536 35
537 34
538 24
539 29
540 32
541 31
542 34
543 25
544 39
545 31
546 31
547 29
548 23
549 33
550 26
551 37
552 27
553 45
554 26
555 29
556 23
557 30
558 35
559 28
560 31
561 31
562 30
563 29
564 35
565 35
566 37
567 37
568 27
569 33
570 28
571 30
572 37
573 28
574 31
575 37
576 40
577 34
578 29
579 31
580 34
581 36
582 28
583 23
584 29
585 32
586 36
587 32
588 28
589 34
590 30
591 40
592 32
593 31
594 27
595 34
596 32
597 31
598 27
599 28
