0 16
1 29
2 27
3 18
4 21
5 23
6 20
7 13
8 24
9 16
10 20
11 21
12 25
13 17
14 21
15 16
16 29
17 17
18 19
19 15
20 20
21 21
22 15
23 11
24 13
25 11
26 21
27 20
28 14
29 16
30 17
31 17
32 23
33 23
34 22
35 19
36 22
37 25
38 11
39 19
40 15
41 22
42 18
43 26
44 19
45 25
46 24
47 13
48 17
49 17
50 17
51 17
52 24
53 15
54 18
55 23
56 15
57 20
58 18
59 19
60 19
61 12
62 23
63 19
64 16
65 19
66 16
67 16
68 19
69 18
70 16
71 17
72 18
73 25
74 9
75 13
76 18
77 20
78 17
79 26
80 12
81 25
82 22
83 17
84 26
85 13
86 18
87 10
88 16
89 11
90 16
91 17
92 18
93 20
94 12
95 14
96 15
97 27
98 16
99 26
100 23
101 11
102 11
103 11
104 17
105 17
106 17
107 22
108 17
109 25
110 21
111 13
112 18
113 14
114 21
115 21
116 28
117 10
118 21
119 21
120 20
121 16
122 21
123 24
124 19
125 16
126 18
127 19
128 24
129 25
130 13
131 17
132 22
133 20
134 10
135 17
136 22
137 21
138 20
139 20
140 15
141 22
142 23
143 13
144 24
145 24
146 16
147 15
148 20
149 18
150 15
151 23
152 23
153 18
154 20
155 22
156 18
157 16
158 22
159 27
160 17
161 13
162 21
163 14
164 23
165 16
166 20
167 18
168 22
169 18
170 23
171 22
172 17
173 14
174 18
175 12
176 15
177 22
178 14
179 18
180 25
181 18
182 18
183 20
184 16
185 15
186 11
187 19
188 19
189 26
190 9
191 14
192 20
193 25
194 16
195 20
196 15
197 21
198 21
199 14
200 13
201 33
202 23
203 15
204 15
205 20
206 22
207 18
208 14
209 14
210 15
211 23
212 24
213 12
214 14
215 14
216 12
217 25
218 18
219 15
220 27
221 14
222 19
223 21
224 17
225 22
226 15
227 19
228 35
229 16
230 12
231 15
232 22
233 15
234 20
235 18
236 19
237 18
238 19
239 17
240 23
241 11
242 19
243 34
244 23
245 16
246 17
247 16
248 16
249 19
250 31
251 24
252 22
253 11
254 20
255 16
256 19
257 25
258 23
259 22
260 13
261 19
262 19
263 24
264 11
265 15
266 12
267 19
268 10
269 19
270 17
271 23
272 11
273 16
274 16
275 17
276 15
277 34
278 20
279 24
280 24
281 20
282 17
283 19
284 17
285 29
286 18
287 27
288 18
289 27
290 17
291 16
292 20
293 19
294 18
295 17
296 24
297 17
298 13
299 13
300 21
301 13
302 28
303 13
304 26
305 24
306 21
307 20
308 19
309 18
310 18
311 20
312 18
313 12
314 24
315 20
316 17
317 18
318 21
319 17
320 17
321 23
322 20
323 14
324 21
325 20
326 13
327 15
328 14
329 15
330 17
331 26
332 16
333 22
334 20
335 14
336 13
337 15
338 15
339 28
340 18
341 12
342 19
343 21
344 29
345 25
346 18
347 15
348 24
349 21
350 21
351 22
352 14
353 24
354 18
355 12
356 21
357 18
358 21
359 23
360 14
361 14
362 21
363 9
364 13
365 9
366 24
367 14
368 22
369 20
370 14
371 9
372 10
373 23
374 26
375 21
376 16
377 16
378 22
379 21
380 23
381 32
382 21
383 18
384 16
385 19
386 18
387 15
388 15
389 14
390 24
391 28
392 30
393 15
394 18
395 22
396 20
397 14
398 20
399 21
400 13
401 19
402 21
403 14
404 21
405 13
406 22
407 22
408 24
409 17
410 20
411 23
412 13
413 19
414 19
415 19
416 18
417 13
418 21
419 25
420 15
421 18
422 18
423 17
424 27
425 20
426 20
427 23
428 28
429 20
430 20
431 27
432 15
433 17
434 16
435 17
436 24
437 23
438 15
439 17
440 23
441 23
442 12
443 11
444 25
445 14
446 21
447 14
448 18
449 18
450 23
451 21
452 17
453 18
454 22
455 23
456 17
457 22
458 20
459 17
460 18
461 22
462 36
463 15
464 17
465 26
466 18
467 19
468 22
469 22
470 12
471 16
472 20
473 13
474 19
475 16
476 12
477 16
478 12
479 15
480 24
481 19
482 22
483 16
484 27
485 22
486 12
487 22
488 14
489 17
490 24
491 22
492 19
493 15
494 19
495 21
496 18
497 23
498 20
499 20
500 21
501 18
502 13
503 19
504 22
505 17
506 26
507 19
508 18
509 25
510 25
511 24
512 17
513 18
514 28
515 18
516 17
517 17
518 22
519 22
520 20
521 16
522 13
523 20
524 15
525 18
526 18
527 22
528 18
529 32
530 16
531 20
532 19
533 21
534 21
535 22
536 19
537 20
538 15
539 14
540 11
541 22
542 14
543 15
544 17
545 20
546 21
547 27
548 11
549 25
550 11
551 18
552 17
553 15
554 16
555 16
556 16
557 21
558 27
559 17
560 15
561 26
562 19
563 19
564 19
565 18
566 16
567 18
568 22
569 11
570 16
571 24
572 15
573 27
574 18
575 12
576 15
577 18
578 22
579 17
580 18
581 18
582 16
583 17
584 19
585 19
586 16
587 21
588 15
589 15
590 18
591 16
592 15
593 8
594 19
595 16
596 13
597 17
598 15
599 16
600 13
601 15
602 18
603 20
604 13
605 24
606 20
607 20
608 22
609 20
610 20
611 23
612 23
613 11
614 16
615 23
616 19
617 24
618 16
619 19
620 19
621 22
622 16
623 27
624 19
625 23
626 23
627 14
628 21
629 21
630 18
631 17
632 19
633 25
634 16
635 15
636 22
637 23
638 24
639 24
640 19
641 26
642 15
643 16
644 15
645 20
646 19
647 18
648 9
649 19
650 24
651 17
652 16
653 17
654 21
655 27
656 25
657 17
658 17
659 21
660 25
661 18
662 18
663 17
664 14
665 20
666 11
667 22
668 16
669 16
670 12
671 14
672 19
673 21
674 14
675 27
676 18
677 23
678 21
679 28
680 14
681 22
682 22
683 14
684 18
685 20
686 19
687 13
688 25
689 20
690 26
691 17
692 19
693 17
694 15
695 27
696 19
697 17
698 10
699 22
700 17
701 15
702 21
703 29
704 18
705 13
706 21
707 17
708 19
709 14
710 16
711 15
712 24
713 28
714 20
715 15
716 23
717 20
718 19
719 23
720 12
721 21
722 26
723 18
724 17
725 15
726 14
727 16
728 24
729 17
730 12
731 17
732 12
733 20
734 13
735 19
736 23
737 23
738 19
739 20
740 18
741 18
742 17
743 21
744 21
745 20
746 16
747 17
748 17
749 36
750 13
751 21
752 17
753 15
754 21
755 18
756 25
757 14
758 20
759 24
760 15
761 14
762 19
763 20
764 20
765 22
766 16
767 24
768 14
769 27
770 17
771 11
772 25
773 18
774 14
775 18
776 26
777 18
778 18
779 16
780 16
781 21
782 23
783 23
784 22
785 17
786 21
787 14
788 24
789 7
790 17
791 13
792 20
793 13
794 10
795 24
796 20
797 19
798 15
799 15
