0 23
1 29
2 38
3 37
4 36
5 35
6 29
7 26
8 20
9 19
10 21
11 27
12 35
13 19
14 28
15 35
16 26
17 35
18 39
19 25
20 30
21 30
22 20
23 25
24 23
25 22
26 34
27 28
28 28
29 32
30 34
31 22
32 32
33 24
34 23
35 27
36 34
37 33
38 21
39 28
40 29
41 30
42 29
43 19
44 18
45 23
46 23
47 38
48 27
49 23
50 27
51 30
52 35
53 30
54 27
55 34
56 26
57 30
58 35
59 25
60 28
61 28
62 28
63 20
64 31
65 25
66 20
67 37
68 24
69 29
70 24
71 26
72 36
73 29
74 27
75 26
76 36
77 19
78 27
79 23
80 29
81 26
82 22
83 30
84 24
85 32
86 25
87 23
88 27
89 19
90 29
91 23
92 32
93 18
94 27
95 23
96 19
97 29
98 24
99 26
100 21
101 30
102 21
103 25
104 31
105 30
106 35
107 21
108 28
109 26
110 25
111 32
112 31
113 23
114 27
115 26
116 34
117 36
118 36
119 32
120 29
121 25
122 20
123 21
124 32
125 24
126 25
127 24
128 24
129 27
130 25
131 26
132 28
133 32
134 28
135 27
136 41
137 19
138 23
139 32
140 33
141 14
142 32
143 19
144 20
145 32
146 31
147 33
148 30
149 34
150 26
151 28
152 23
153 29
154 24
155 33
156 27
157 26
158 21
159 24
160 34
161 36
162 26
163 36
164 27
165 29
166 27
167 25
168 24
169 30
170 28
171 29
172 23
173 27
174 19
175 24
176 24
177 30
178 23
179 22
180 23
181 24
182 22
183 31
184 24
185 36
186 32
187 28
188 33
189 33
190 31
191 33
192 31
193 30
194 28
195 18
196 27
197 30
198 24
199 21
200 28
201 33
202 31
203 28
204 28
205 29
206 28
207 32
208 30
209 27
210 35
211 21
212 24
213 32
214 26
215 31
216 26
217 17
218 22
219 24
220 26
221 26
222 22
223 21
224 20
225 17
226 23
227 25
228 25
229 27
230 24
231 31
232 27
233 30
234 30
235 33
236 29
237 29
238 28
239 24
240 23
241 28
242 23
243 31
244 26
245 19
246 23
247 25
248 19
249 22
250 36
251 22
252 33
253 35
254 30
255 23
256 30
257 27
258 21
259 25
260 28
261 32
262 30
263 27
264 31
265 31
266 26
267 28
268 23
269 24
270 29
271 33
272 23
273 24
274 31
275 21
276 35
277 33
278 25
279 26
280 34
281 25
282 27
283 25
284 31
285 31
286 19
287 20
288 30
289 20
290 25
291 26
292 33
293 30
294 27
295 25
296 37
297 25
298 21
299 32
300 27
301 29
302 31
303 23
304 31
305 30
306 28
307 21
308 25
309 26
310 29
311 28
312 26
313 26
314 31
315 23
316 31
317 22
318 31
319 29
320 36
321 15
322 22
323 32
324 34
325 27
326 21
327 23
328 21
329 23
330 18
331 40
332 18
333 24
334 28
335 26
336 25
337 28
338 25
339 26
340 27
341 26
342 18
343 32
344 21
345 25
346 23
347 37
348 35
349 32
350 22
351 25
352 25
353 31
354 35
355 18
356 38
357 22
358 26
359 25
360 21
361 29
362 27
363 25
364 23
365 21
366 34
367 21
368 30
369 27
370 25
371 23
372 26
373 29
374 30
375 17
376 24
377 27
378 29
379 27
380 24
381 30
382 21
383 37
384 32
385 28
386 27
387 28
388 27
389 33
390 20
391 27
392 25
393 32
394 29
395 20
396 20
397 38
398 31
399 28
400 31
401 35
402 23
403 30
404 22
405 31
406 19
407 24
408 23
409 22
410 25
411 25
412 25
413 30
414 35
415 26
416 28
417 37
418 27
419 28
420 23
421 23
422 32
423 19
424 27
425 25
426 29
427 26
428 26
429 32
430 31
431 38
432 28
433 32
434 27
435 22
436 29
437 27
438 26
439 25
440 31
441 25
442 33
443 25
444 28
445 21
446 21
447 29
448 26
449 25
450 27
451 25
452 19
453 33
454 26
455 27
456 26
457 27
458 30
459 26
460 30
461 27
462 26
463 16
464 23
465 15
466 27
467 26
468 23
469 24
470 25
471 26
472 33
473 25
474 30
475 20
476 32
477 23
478 27
479 27
480 34
481 30
482 32
483 24
484 23
485 30
486 30
487 30
488 27
489 25
490 27
491 31
492 25
493 28
494 26
495 24
496 30
497 21
498 23
499 24
500 30
501 23
502 26
503 22
504 23
505 29
506 20
507 26
508 32
509 32
510 17
511 26
512 23
513 30
514 26
515 24
516 28
517 28
518 25
519 26
520 26
521 26
522 22
523 27
524 24
525 39
526 23
527 27
528 18
529 26
530 25
531 33
532 34
533 30
534 22
535 19
536 26
537 27
538 17
539 26
540 25
541 24
542 27
543 30
544 32
545 32
546 28
547 22
548 28
549 29
550 20
551 27
552 27
553 29
554 27
555 32
556 25
557 26
558 37
559 37
560 21
561 30
562 26
563 24
564 25
565 33
566 27
567 28
568 17
569 22
570 30
571 21
572 33
573 20
574 29
575 29
576 21
577 28
578 31
579 35
580 19
581 30
582 23
583 26
584 33
585 25
586 21
587 20
588 36
589 23
590 27
591 30
592 28
593 33
594 31
595 25
596 27
597 22
598 28
599 23
