0 28
1 33
2 25
3 28
4 26
5 34
6 37
7 30
8 28
9 17
10 36
11 29
12 26
13 29
14 32
15 25
16 28
17 27
18 30
19 26
20 26
21 30
22 34
23 32
24 35
25 31
26 26
27 32
28 34
29 30
30 31
31 38
32 30
33 23
34 28
35 28
36 33
37 30
38 34
39 33
40 31
41 37
42 31
43 36
44 35
45 22
46 28
47 31
48 36
49 36
50 31
51 24
52 30
53 30
54 36
55 31
56 26
57 38
58 26
59 29
60 28
61 37
62 27
63 36
64 38
65 27
66 18
67 27
68 26
69 36
70 32
71 41
72 24
73 27
74 41
75 31
76 34
77 34
78 31
79 32
80 41
81 28
82 33
83 33
84 30
85 25
86 28
87 32
88 33
89 30
90 23
91 30
92 31
93 33
94 33
95 33
96 26
97 33
98 35
99 28
100 31
101 24
102 31
103 31
104 24
105 29
106 35
107 37
108 28
109 41
110 37
111 32
112 32
113 31
114 25
115 38
116 39
117 32
118 27
119 26
120 34
121 39
122 29
123 33
124 41
125 35
126 34
127 34
128 28
129 25
130 30
131 32
132 32
133 41
134 33
135 38
136 37
137 27
138 39
139 36
140 31
141 33
142 34
143 27
144 30
145 31
146 30
147 42
148 32
149 34
150 29
151 37
152 36
153 31
154 26
155 33
156 27
157 17
158 31
159 29
160 25
161 45
162 19
163 31
164 31
165 34
166 31
167 32
168 33
169 30
170 27
171 27
172 27
173 39
174 26
175 37
176 45
177 31
178 26
179 25
180 30
181 25
182 29
183 41
184 24
185 26
186 27
187 35
188 29
189 26
190 32
191 29
192 27
193 35
194 25
195 30
196 38
197 33
198 25
199 34
200 40
201 33
202 31
203 27
204 23
205 28
206 28
207 33
208 29
209 33
210 28
211 26
212 26
213 27
214 29
215 33
216 28
217 25
218 40
219 25
220 30
221 39
222 38
223 29
224 36
225 32
226 29
227 27
228 21
229 42
230 27
231 35
232 30
233 32
234 29
235 38
236 37
237 36
238 28
239 37
240 28
241 33
242 36
243 42
244 34
245 33
246 31
247 27
248 30
249 24
250 30
251 27
252 31
253 27
254 26
255 33
256 32
257 30
258 28
259 27
260 27
261 26
262 28
263 32
264 29
265 34
266 29
267 35
268 37
269 34
270 29
271 30
272 32
273 33
274 30
275 23
276 40
277 35
278 32
279 29
280 35
281 37
282 29
283 27
284 39
285 22
286 39
287 31
288 34
289 24
290 29
291 29
292 33
293 33
294 30
295 19
296 31
297 27
298 33
299 30
300 36
301 33
302 25
303 37
304 41
305 29
306 19
307 32
308 30
309 37
310 29
311 33
312 33
313 26
314 30
315 30
316 31
317 41
318 31
319 24
320 32
321 38
322 34
323 35
324 31
325 45
326 26
327 42
328 33
329 31
330 27
331 29
332 36
333 33
334 32
335 27
336 34
337 30
338 31
339 34
340 30
341 37
342 39
343 35
344 33
345 34
346 29
347 36
348 27
349 32
350 23
351 33
352 29
353 24
354 30
355 27
356 25
357 29
358 30
359 42
360 32
361 27
362 27
363 38
364 34
365 34
366 34
367 36
368 26
369 32
370 30
371 21
372 30
373 32
374 27
375 29
376 29
377 35
378 29
379 31
380 24
381 21
382 40
383 35
384 31
385 25
386 25
387 33
388 30
389 26
390 32
391 27
392 32
393 31
394 31
395 25
396 36
397 37
398 44
399 29
400 36
401 24
402 37
403 27
404 31
405 29
406 30
407 39
408 27
409 33
410 29
411 37
412 38
413 26
414 34
415 27
416 28
417 36
418 23
419 26
420 26
421 28
422 26
423 28
424 34
425 26
426 28
427 28
428 36
429 36
430 30
431 25
432 33
433 31
434 29
435 29
436 36
437 28
438 33
439 26
440 28
441 40
442 35
443 29
444 26
445 25
446 26
447 25
448 37
449 32
450 39
451 37
452 29
453 26
454 37
455 30
456 28
457 24
458 25
459 34
460 30
461 25
462 36
463 34
464 24
465 28
466 27
467 33
468 30
469 29
470 24
471 25
472 35
473 42
474 24
475 25
476 30
477 32
478 25
479 29
480 36
481 29
482 33
483 36
484 21
485 30
486 42
487 24
488 27
489 33
490 31
491 25
492 31
493 32
494 34
495 33
496 27
497 28
498 34
499 28
500 30
501 33
502 32
503 25
504 36
505 36
506 31
507 34
508 25
509 33
510 31
511 30
512 28
513 31
514 33
515 35
516 37
517 27
518 31
519 28
520 29
521 34
522 34
523 27
524 32
525 44
526 34
527 31
528 38
529 21
530 32
531 23
532 28
533 33
534 28
535 35
536 39
537 31
538 31
539 24
540 32
541 32
542 35
543 28
544 31
545 29
546 36
547 24
548 47
549 36
550 28
551 33
552 21
553 29
554 31
555 29
556 45
557 24
558 30
559 19
560 39
561 35
562 38
563 36
564 30
565 32
566 28
567 28
568 39
569 28
570 27
571 29
572 33
573 27
574 42
575 34
576 32
577 38
578 29
579 33
580 24
581 33
582 34
583 36
584 31
585 33
586 25
587 29
588 37
589 35
590 29
591 27
592 26
593 30
594 35
595 32
596 27
597 34
598 21
599 26
600 29
601 27
602 35
603 32
604 27
605 30
606 24
607 40
608 24
609 35
610 41
611 31
612 31
613 29
614 38
615 33
616 30
617 35
618 34
619 24
620 27
621 33
622 33
623 28
624 29
625 24
626 40
627 22
628 39
629 30
630 20
631 25
632 29
633 25
634 35
635 36
636 24
637 35
638 32
639 40
640 22
641 24
642 28
643 36
644 32
645 23
646 25
647 35
648 35
649 40
650 31
651 25
652 31
653 29
654 34
655 36
656 27
657 36
658 28
659 34
660 36
661 31
662 35
663 23
664 41
665 28
666 24
667 25
668 33
669 33
670 33
671 37
672 25
673 26
674 39
675 22
676 34
677 27
678 31
679 29
680 21
681 34
682 28
683 31
684 27
685 22
686 39
687 32
688 26
689 20
690 25
691 27
692 32
693 31
694 20
695 27
696 38
697 28
698 40
699 24
700 28
701 35
702 38
703 24
704 35
705 34
706 37
707 33
708 31
709 24
710 37
711 28
712 21
713 30
714 32
715 33
716 34
717 40
718 27
719 41
720 42
721 40
722 29
723 33
724 30
725 35
726 23
727 25
728 28
729 29
730 28
731 28
732 34
733 29
734 30
735 27
736 22
737 23
738 29
739 23
740 27
741 25
742 32
743 29
744 33
745 26
746 38
747 36
748 27
749 27
750 28
751 28
752 34
753 31
754 30
755 37
756 31
757 29
758 26
759 25
760 32
761 36
762 33
763 32
764 28
765 31
766 32
767 37
768 35
769 34
770 24
771 26
772 23
773 37
774 31
775 28
776 29
777 31
778 32
779 24
780 39
781 34
782 34
783 30
784 32
785 24
786 37
787 34
788 34
789 36
790 26
791 37
792 37
793 24
794 30
795 31
796 24
797 38
798 30
799 29
800 32
801 32
802 38
803 23
804 22
805 38
806 38
807 26
808 25
809 23
810 29
811 33
812 30
813 28
814 46
815 37
816 36
817 28
818 30
819 24
820 29
821 32
822 32
823 34
824 30
825 27
826 19
827 35
828 26
829 34
830 30
831 36
832 31
833 33
834 33
835 26
836 25
837 35
838 40
839 32
840 26
841 39
842 31
843 30
844 39
845 38
846 36
847 31
848 34
849 35
850 30
851 30
852 29
853 39
854 35
855 30
856 29
857 30
858 35
859 35
860 25
861 29
862 29
863 40
864 27
865 31
866 31
867 23
868 24
869 35
870 25
871 33
872 33
873 34
874 33
875 28
876 30
877 26
878 35
879 35
880 33
881 39
882 39
883 30
884 40
885 28
886 35
887 34
888 27
889 34
890 40
891 37
892 44
893 31
894 28
895 32
896 27
897 38
898 36
899 29
