0 27
1 24
2 21
3 24
4 31
5 26
6 28
7 30
8 29
9 21
10 27
11 28
12 20
13 24
14 27
15 27
16 29
17 20
18 29
19 21
20 29
21 29
22 26
23 26
24 21
25 28
26 29
27 21
28 29
29 29
30 27
31 27
32 26
33 26
34 22
35 27
36 23
37 21
38 24
39 27
40 34
41 26
42 24
43 25
44 27
45 29
46 28
47 25
48 27
49 22
50 26
51 25
52 26
53 28
54 23
55 29
56 26
57 23
58 26
59 26
60 26
61 28
62 31
63 26
64 19
65 20
66 23
67 28
68 25
69 29
70 21
71 27
72 27
73 26
74 26
75 34
76 33
77 27
78 29
79 22
80 22
81 24
82 23
83 28
84 31
85 30
86 29
87 22
88 26
89 27
90 22
91 25
92 25
93 24
94 28
95 23
96 23
97 27
98 27
99 33
100 26
101 23
102 27
103 16
104 34
105 26
106 21
107 25
108 22
109 21
110 22
111 27
112 19
113 27
114 24
115 27
116 27
117 26
118 29
119 23
120 27
121 30
122 29
123 27
124 32
125 25
126 24
127 25
128 24
129 21
130 15
131 26
132 18
133 29
134 24
135 26
136 23
137 32
138 25
139 29
140 31
141 31
142 28
143 27
144 25
145 25
146 15
147 25
148 30
149 24
150 29
151 23
152 26
153 20
154 30
155 29
156 26
157 20
158 26
159 24
160 26
161 24
162 23
163 26
164 23
165 24
166 33
167 24
168 23
169 27
170 25
171 26
172 23
173 29
174 28
175 32
176 27
177 22
178 26
179 30
180 27
181 27
182 28
183 18
184 28
185 28
186 25
187 29
188 32
189 28
190 28
191 28
192 22
193 23
194 24
195 25
196 31
197 27
198 23
199 23
200 24
201 25
202 25
203 21
204 22
205 29
206 26
207 29
208 20
209 22
210 31
211 30
212 23
213 27
214 28
215 24
216 22
217 18
218 29
219 27
220 27
221 26
222 24
223 29
224 30
225 29
226 24
227 24
228 19
229 27
230 26
231 22
232 28
233 19
234 20
235 16
236 28
237 24
238 18
239 26
240 24
241 29
242 23
243 23
244 23
245 26
246 25
247 31
248 27
249 22
250 27
251 26
252 26
253 33
254 23
255 30
256 27
257 29
258 25
259 28
260 31
261 27
262 25
263 25
264 23
265 24
266 27
267 22
268 26
269 22
270 29
271 23
272 24
273 30
274 23
275 27
276 25
277 26
278 18
279 20
280 25
281 30
282 24
283 27
284 25
285 24
286 29
287 30
288 26
289 38
290 35
291 28
292 27
293 35
294 27
295 17
296 34
297 22
298 29
299 24
300 23
301 27
302 23
303 26
304 27
305 23
306 24
307 18
308 24
309 24
310 29
311 30
312 26
313 23
314 25
315 28
316 29
317 24
318 27
319 30
320 19
321 25
322 24
323 24
324 22
325 29
326 26
327 24
328 27
329 25
330 27
331 29
332 27
333 31
334 24
335 18
336 23
337 26
338 25
339 25
340 25
341 22
342 26
343 25
344 24
345 24
346 27
347 25
348 21
349 29
350 26
351 23
352 31
353 24
354 29
355 28
356 30
357 29
358 22
359 30
360 24
361 27
362 31
363 23
364 29
365 22
366 24
367 28
368 23
369 24
370 27
371 23
372 25
373 28
374 23
375 24
376 31
377 39
378 22
379 29
380 31
381 23
382 28
383 28
384 25
385 30
386 31
387 23
388 25
389 25
390 25
391 27
392 24
393 23
394 34
395 29
396 25
397 30
398 32
399 22
400 25
401 29
402 24
403 23
404 24
405 22
406 30
407 30
408 20
409 24
410 24
411 31
412 24
413 18
414 24
415 18
416 29
417 21
418 29
419 27
420 27
421 25
422 27
423 28
424 28
425 25
426 29
427 20
428 26
429 19
430 27
431 25
432 27
433 24
434 25
435 26
436 26
437 29
438 22
439 30
440 30
441 30
442 23
443 30
444 25
445 22
446 22
447 17
448 21
449 27
450 26
451 26
452 27
453 32
454 28
455 32
456 23
457 20
458 26
459 20
460 27
461 24
462 26
463 23
464 23
465 27
466 22
467 24
468 21
469 29
470 22
471 28
472 30
473 30
474 23
475 29
476 31
477 31
478 31
479 32
480 22
481 28
482 25
483 28
484 25
485 33
486 27
487 27
488 22
489 24
490 27
491 31
492 23
493 25
494 23
495 25
496 22
497 25
498 22
499 17
500 29
501 21
502 31
503 21
504 27
505 21
506 27
507 22
508 29
509 24
510 28
511 22
512 26
513 25
514 26
515 32
516 28
517 31
518 28
519 22
520 23
521 26
522 30
523 33
524 25
525 29
526 21
527 24
528 23
529 24
530 26
531 28
532 29
533 24
534 27
535 33
536 26
537 22
538 24
539 21
540 33
541 29
542 20
543 26
544 27
545 34
546 27
547 21
548 23
549 31
550 28
551 30
552 19
553 31
554 28
555 23
556 26
557 30
558 24
559 24
560 30
561 21
562 29
563 23
564 25
565 25
566 24
567 26
568 27
569 28
570 25
571 26
572 35
573 24
574 27
575 26
576 29
577 31
578 22
579 26
580 23
581 28
582 24
583 24
584 28
585 23
586 30
587 21
588 27
589 20
590 20
591 37
592 23
593 30
594 31
595 27
596 23
597 25
598 28
599 28
