0 9
1 14
2 3
3 7
4 10
5 7
6 7
7 5
8 11
9 12
10 8
11 7
12 8
13 11
14 5
15 6
16 14
17 5
18 10
19 10
20 9
21 9
22 8
23 10
24 12
25 10
26 8
27 17
28 10
29 11
30 12
31 15
32 6
33 7
34 2
35 13
36 11
37 10
38 13
39 14
40 9
41 11
42 9
43 13
44 8
45 8
46 8
47 16
48 6
49 10
50 10
51 11
52 5
53 9
54 12
55 11
56 15
57 7
58 12
59 9
60 8
61 15
62 8
63 11
64 5
65 5
66 14
67 15
68 9
69 10
70 9
71 15
72 8
73 8
74 14
75 7
76 9
77 7
78 8
79 10
80 13
81 9
82 13
83 9
84 4
85 13
86 8
87 9
88 7
89 12
90 8
91 12
92 8
93 9
94 6
95 5
96 9
97 9
98 8
99 8
100 7
101 8
102 10
103 13
104 10
105 9
106 13
107 13
108 8
109 13
110 14
111 17
112 8
113 8
114 11
115 9
116 11
117 9
118 8
119 19
120 13
121 6
122 8
123 13
124 11
125 8
126 7
127 6
128 6
129 8
130 12
131 13
132 7
133 5
134 8
135 12
136 11
137 7
138 9
139 8
140 13
141 14
142 13
143 13
144 11
145 6
146 6
147 9
148 9
149 7
150 9
151 15
152 10
153 6
154 12
155 9
156 9
157 11
158 9
159 15
160 9
161 11
162 9
163 8
164 11
165 7
166 11
167 10
168 11
169 10
170 13
171 6
172 13
173 18
174 10
175 5
176 6
177 8
178 10
179 5
180 11
181 6
182 10
183 9
184 14
185 10
186 10
187 3
188 2
189 10
190 8
191 9
192 11
193 13
194 6
195 11
196 9
197 13
198 7
199 7
200 1
201 20
202 13
203 15
204 7
205 5
206 6
207 8
208 9
209 10
210 9
211 3
212 9
213 5
214 12
215 10
216 8
217 8
218 9
219 12
220 9
221 9
222 6
223 13
224 10
225 4
226 10
227 9
228 9
229 16
230 10
231 7
232 15
233 12
234 14
235 6
236 9
237 10
238 12
239 10
240 5
241 10
242 11
243 9
244 8
245 10
246 11
247 6
248 8
249 7
250 16
251 9
252 12
253 5
254 14
255 12
256 4
257 9
258 8
259 7
260 6
261 11
262 9
263 9
264 9
265 11
266 12
267 11
268 6
269 9
270 9
271 16
272 10
273 8
274 12
275 13
276 9
277 12
278 8
279 8
280 10
281 12
282 8
283 11
284 11
285 12
286 11
287 7
288 7
289 11
290 10
291 11
292 10
293 12
294 10
295 9
296 10
297 10
298 16
299 12
300 9
301 12
302 5
303 7
304 10
305 10
306 5
307 6
308 6
309 10
310 5
311 8
312 6
313 7
314 12
315 11
316 7
317 11
318 10
319 8
320 10
321 8
322 11
323 8
324 11
325 10
326 8
327 6
328 18
329 6
330 7
331 9
332 8
333 10
334 8
335 10
336 11
337 13
338 4
339 6
340 7
341 11
342 11
343 15
344 9
345 7
346 17
347 10
348 6
349 8
350 10
351 3
352 15
353 12
354 7
355 10
356 7
357 6
358 9
359 7
360 7
361 9
362 4
363 9
364 8
365 13
366 14
367 8
368 9
369 8
370 12
371 9
372 6
373 8
374 7
375 10
376 12
377 10
378 14
379 10
380 10
381 6
382 10
383 13
384 12
385 5
386 8
387 16
388 8
389 10
390 11
391 7
392 8
393 12
394 8
395 8
396 5
397 5
398 10
399 4
400 11
401 9
402 10
403 9
404 11
405 9
406 13
407 5
408 8
409 13
410 8
411 5
412 11
413 14
414 11
415 8
416 9
417 15
418 10
419 6
420 15
421 9
422 6
423 7
424 9
425 12
426 10
427 7
428 10
429 9
430 8
431 7
432 12
433 11
434 9
435 12
436 11
437 11
438 8
439 12
440 6
441 14
442 13
443 15
444 6
445 8
446 5
447 11
448 8
449 10
450 6
451 7
452 7
453 9
454 8
455 10
456 11
457 7
458 11
459 10
460 12
461 8
462 10
463 10
464 2
465 9
466 8
467 10
468 9
469 14
470 10
471 9
472 9
473 14
474 8
475 7
476 6
477 7
478 11
479 6
480 7
481 10
482 7
483 12
484 15
485 11
486 12
487 4
488 12
489 9
490 8
491 6
492 7
493 9
494 13
495 12
496 4
497 12
498 7
499 16
500 11
501 8
502 3
503 9
504 12
505 8
506 6
507 7
508 8
509 6
510 7
511 9
512 9
513 7
514 7
515 6
516 13
517 8
518 5
519 11
520 10
521 9
522 11
523 5
524 14
525 6
526 13
527 12
528 11
529 6
530 10
531 10
532 9
533 15
534 14
535 10
536 5
537 9
538 10
539 13
540 9
541 10
542 8
543 4
544 7
545 9
546 12
547 10
548 7
549 13
550 8
551 5
552 8
553 7
554 7
555 4
556 8
557 5
558 8
559 6
560 11
561 13
562 9
563 7
564 11
565 6
566 8
567 13
568 7
569 11
570 6
571 10
572 6
573 3
574 16
575 12
576 14
577 10
578 11
579 6
580 6
581 8
582 3
583 9
584 16
585 6
586 7
587 8
588 8
589 9
590 7
591 12
592 10
593 11
594 10
595 11
596 9
597 6
598 10
599 13
