0 48
1 34
2 56
3 44
4 43
5 39
6 41
7 32
8 35
9 40
10 37
11 46
12 37
13 29
14 36
15 58
16 43
17 37
18 38
19 33
20 38
21 36
22 46
23 39
24 48
25 43
26 28
27 39
28 27
29 40
30 46
31 40
32 29
33 34
34 38
35 33
36 31
37 40
38 44
39 41
40 37
41 39
42 42
43 27
44 40
45 36
46 32
47 40
48 45
49 33
50 38
51 45
52 48
53 40
54 32
55 30
56 51
57 47
58 39
59 41
60 40
61 35
62 42
63 34
64 34
65 47
66 30
67 42
68 34
69 39
70 39
71 37
72 38
73 37
74 33
75 37
76 40
77 34
78 33
79 54
80 35
81 49
82 48
83 42
84 36
85 44
86 38
87 35
88 45
89 39
90 30
91 42
92 39
93 39
94 33
95 31
96 29
97 26
98 34
99 46
100 38
101 39
102 38
103 33
104 40
105 20
106 36
107 50
108 29
109 30
110 36
111 37
112 48
113 36
114 36
115 34
116 40
117 34
118 42
119 36
120 43
121 43
122 36
123 42
124 46
125 40
126 36
127 34
128 33
129 33
130 34
131 29
132 37
133 38
134 46
135 49
136 32
137 46
138 34
139 38
140 43
141 38
142 43
143 43
144 43
145 43
146 38
147 40
148 46
149 39
150 36
151 36
152 35
153 36
154 51
155 34
156 42
157 39
158 44
159 40
160 43
161 29
162 36
163 31
164 44
165 35
166 35
167 29
168 45
169 44
170 40
171 40
172 38
173 38
174 40
175 43
176 34
177 30
178 45
179 28
180 36
181 44
182 42
183 43
184 35
185 35
186 42
187 51
188 44
189 51
190 39
191 43
192 45
193 58
194 36
195 29
196 38
197 38
198 47
199 40
200 33
201 36
202 46
203 41
204 43
205 34
206 44
207 31
208 39
209 25
210 40
211 46
212 32
213 47
214 38
215 23
216 37
217 42
218 45
219 38
220 39
221 52
222 34
223 42
224 38
225 45
226 47
227 47
228 43
229 42
230 40
231 39
232 28
233 35
234 45
235 40
236 38
237 36
238 33
239 31
240 39
241 42
242 40
243 31
244 42
245 39
246 39
247 41
248 46
249 41
250 41
251 27
252 46
253 50
254 34
255 37
256 37
257 44
258 43
259 39
260 40
261 39
262 38
263 31
264 36
265 43
266 51
267 46
268 25
269 59
270 36
271 43
272 31
273 30
274 40
275 38
276 26
277 45
278 37
279 43
280 29
281 44
282 36
283 37
284 34
285 46
286 34
287 40
288 46
289 49
290 32
291 27
292 44
293 49
294 43
295 43
296 43
297 44
298 41
299 44
300 45
301 45
302 36
303 34
304 57
305 27
306 32
307 23
308 31
309 40
310 36
311 39
312 32
313 34
314 38
315 50
316 26
317 35
318 38
319 34
320 35
321 36
322 38
323 45
324 28
325 38
326 39
327 29
328 34
329 47
330 34
331 35
332 41
333 36
334 42
335 38
336 32
337 36
338 36
339 39
340 29
341 47
342 33
343 45
344 48
345 39
346 42
347 35
348 37
349 34
350 38
351 31
352 43
353 43
354 46
355 36
356 29
357 41
358 35
359 50
360 38
361 47
362 39
363 32
364 38
365 26
366 46
367 37
368 36
369 32
370 33
371 38
372 51
373 43
374 43
375 38
376 37
377 32
378 40
379 39
380 40
381 36
382 28
383 47
384 25
385 41
386 39
387 43
388 38
389 38
390 32
391 29
392 45
393 48
394 41
395 32
396 46
397 32
398 46
399 30
400 59
401 41
402 53
403 38
404 50
405 45
406 40
407 31
408 43
409 47
410 30
411 37
412 35
413 38
414 36
415 38
416 34
417 34
418 50
419 29
420 34
421 42
422 37
423 41
424 42
425 50
426 30
427 42
428 50
429 34
430 40
431 41
432 48
433 33
434 42
435 42
436 50
437 46
438 49
439 33
440 29
441 33
442 48
443 36
444 28
445 36
446 40
447 39
448 31
449 25
450 31
451 45
452 38
453 48
454 35
455 50
456 30
457 31
458 40
459 35
460 36
461 37
462 40
463 40
464 38
465 28
466 36
467 31
468 36
469 42
470 36
471 31
472 39
473 38
474 38
475 32
476 46
477 36
478 51
479 37
480 26
481 38
482 35
483 45
484 32
485 44
486 43
487 40
488 39
489 48
490 44
491 35
492 39
493 35
494 40
495 33
496 38
497 40
498 31
499 38
500 41
501 39
502 54
503 37
504 39
505 43
506 39
507 46
508 30
509 35
510 33
511 35
512 29
513 39
514 45
515 36
516 36
517 30
518 41
519 42
520 40
521 44
522 46
523 34
524 38
525 48
526 40
527 30
528 36
529 46
530 41
531 36
532 30
533 38
534 42
535 37
536 37
537 35
538 39
539 35
540 30
541 43
542 40
543 43
544 35
545 34
546 35
547 37
548 39
549 28
550 41
551 29
552 38
553 41
554 44
555 35
556 41
557 39
558 44
559 46
560 38
561 50
562 29
563 37
564 39
565 34
566 36
567 50
568 28
569 49
570 36
571 33
572 40
573 40
574 41
575 37
576 46
577 38
578 43
579 44
580 28
581 46
582 37
583 38
584 33
585 37
586 35
587 37
588 58
589 45
590 33
591 36
592 43
593 41
594 37
595 39
596 46
597 33
598 47
599 39
600 36
601 30
602 34
603 35
604 36
605 37
606 48
607 37
608 39
609 37
610 41
611 39
612 36
613 39
614 41
615 38
616 34
617 45
618 40
619 38
620 39
621 46
622 50
623 37
624 39
625 39
626 35
627 46
628 39
629 54
630 35
631 34
632 37
633 38
634 31
635 42
636 33
637 29
638 34
639 37
640 32
641 33
642 37
643 44
644 40
645 38
646 40
647 37
648 30
649 33
650 42
651 32
652 33
653 35
654 39
655 48
656 41
657 25
658 34
659 45
660 32
661 38
662 57
663 30
664 40
665 42
666 42
667 32
668 43
669 36
670 41
671 44
672 36
673 41
674 40
675 41
676 44
677 40
678 41
679 46
680 35
681 29
682 47
683 30
684 43
685 38
686 44
687 50
688 48
689 47
690 30
691 37
692 26
693 46
694 42
695 36
696 40
697 35
698 27
699 37
700 33
701 34
702 43
703 40
704 40
705 39
706 28
707 36
708 37
709 32
710 41
711 37
712 36
713 29
714 44
715 42
716 34
717 43
718 41
719 37
720 47
721 29
722 42
723 22
724 33
725 40
726 40
727 42
728 32
729 45
730 35
731 32
732 40
733 42
734 29
735 30
736 42
737 44
738 38
739 38
740 39
741 35
742 47
743 36
744 40
745 27
746 45
747 42
748 45
749 39
750 48
751 34
752 36
753 50
754 29
755 28
756 43
757 39
758 50
759 38
760 44
761 45
762 33
763 46
764 35
765 37
766 41
767 50
768 32
769 45
770 35
771 46
772 43
773 42
774 35
775 44
776 43
777 39
778 47
779 37
780 38
781 40
782 23
783 47
784 43
785 36
786 39
787 33
788 45
789 41
790 38
791 42
792 45
793 38
794 39
795 39
796 31
797 43
798 39
799 33
800 27
801 32
802 35
803 28
804 44
805 33
806 41
807 41
808 28
809 37
810 32
811 42
812 28
813 41
814 42
815 28
816 31
817 42
818 32
819 39
820 34
821 32
822 42
823 40
824 41
825 37
826 33
827 32
828 39
829 38
830 50
831 42
832 42
833 45
834 43
835 48
836 40
837 31
838 31
839 37
840 33
841 33
842 38
843 41
844 48
845 41
846 46
847 39
848 46
849 43
850 35
851 40
852 32
853 43
854 38
855 36
856 45
857 44
858 51
859 38
860 42
861 37
862 45
863 39
864 40
865 42
866 35
867 46
868 45
869 39
870 53
871 31
872 33
873 38
874 46
875 44
876 40
877 42
878 33
879 34
880 40
881 50
882 29
883 36
884 42
885 43
886 38
887 38
888 38
889 46
890 35
891 38
892 48
893 28
894 49
895 35
896 34
897 40
898 35
899 40
