0 119
1 173
2 127
3 117
4 145
5 111
6 105
7 133
8 114
9 171
10 139
11 129
12 131
13 158
14 83
15 125
16 130
17 106
18 89
19 79
20 77
21 97
22 89
23 116
24 100
25 103
26 72
27 66
28 115
29 109
30 70
31 44
32 66
33 87
34 71
35 90
36 61
37 114
38 71
39 69
40 56
41 82
42 88
43 70
44 50
45 58
46 45
47 48
48 60
49 57
50 44
51 58
52 54
53 54
54 67
55 65
56 40
57 62
58 79
59 53
60 38
61 73
62 68
63 73
64 40
65 51
66 78
67 43
68 49
69 40
70 57
71 45
72 51
73 37
74 42
75 36
76 46
77 49
78 64
79 41
80 35
81 33
82 44
83 49
84 33
85 48
86 42
87 41
88 42
89 41
90 38
91 56
92 63
93 39
94 45
95 46
96 41
97 26
98 45
99 56
100 33
101 39
102 38
103 62
104 57
105 45
106 39
107 51
108 34
109 36
110 33
111 55
112 43
113 42
114 45
115 39
116 48
117 38
118 27
119 44
120 54
121 44
122 40
123 40
124 28
125 30
126 48
127 36
128 33
129 46
130 29
131 48
132 29
133 32
134 31
135 25
136 41
137 30
138 40
139 63
140 52
141 30
142 32
143 28
144 39
145 40
146 53
147 26
148 30
149 39
150 35
151 38
152 39
153 42
154 29
155 29
156 40
157 30
158 27
159 25
160 19
161 33
162 27
163 20
164 27
165 40
166 34
167 31
168 25
169 29
170 31
171 36
172 37
173 29
174 27
175 31
176 23
177 37
178 19
179 35
180 25
181 37
182 22
183 27
184 39
185 42
186 30
187 28
188 25
189 40
190 32
191 25
192 39
193 35
194 28
195 22
196 22
197 22
198 32
199 25
200 31
201 37
202 30
203 28
204 30
205 27
206 32
207 47
208 41
209 25
210 32
211 29
212 25
213 20
214 44
215 26
216 24
217 26
218 29
219 31
220 26
221 21
222 20
223 33
224 28
225 31
226 35
227 26
228 25
229 45
230 25
231 21
232 18
233 30
234 26
235 41
236 27
237 27
238 22
239 27
240 27
241 18
242 34
243 27
244 26
245 27
246 23
247 27
248 36
249 24
250 21
251 30
252 23
253 21
254 27
255 35
256 28
257 27
258 23
259 29
260 23
261 24
262 33
263 23
264 17
265 19
266 29
267 22
268 28
269 24
270 33
271 24
272 24
273 22
274 22
275 31
276 32
277 28
278 23
279 19
280 27
281 16
282 26
283 27
284 22
285 24
286 26
287 39
288 27
289 21
290 22
291 22
292 26
293 27
294 27
295 21
296 28
297 29
298 32
299 22
300 24
301 30
302 27
303 19
304 28
305 29
306 23
307 20
308 22
309 19
310 26
311 25
312 24
313 24
314 21
315 23
316 32
317 12
318 25
319 23
320 31
321 26
322 18
323 22
324 21
325 21
326 26
327 23
328 19
329 22
330 29
331 23
332 26
333 27
334 25
335 23
336 25
337 16
338 27
339 23
340 18
341 23
342 27
343 19
344 23
345 23
346 23
347 35
348 18
349 16
350 27
351 21
352 20
353 24
354 26
355 22
356 20
357 19
358 15
359 18
360 18
361 16
362 22
363 22
364 17
365 25
366 19
367 19
368 20
369 16
370 19
371 19
372 20
373 21
374 20
375 19
376 26
377 16
378 24
379 20
380 18
381 23
382 25
383 19
384 18
385 21
386 21
387 27
388 21
389 16
390 22
391 21
392 22
393 22
394 16
395 21
396 17
397 24
398 19
399 22
400 20
401 18
402 21
403 21
404 20
405 19
406 17
407 17
408 25
409 21
410 23
411 19
412 21
413 28
414 19
415 20
416 15
417 22
418 20
419 15
420 19
421 17
422 19
423 25
424 22
425 20
426 21
427 15
428 19
429 16
430 15
431 21
432 19
433 16
434 20
435 25
436 18
437 18
438 22
439 18
440 19
441 17
442 24
443 20
444 19
445 16
446 17
447 14
448 22
449 20
450 17
451 25
452 26
453 20
454 14
455 14
456 17
457 17
458 20
459 19
460 12
461 22
462 24
463 19
464 20
465 20
466 21
467 18
468 23
469 18
470 16
471 20
472 20
473 20
474 16
475 19
476 14
477 19
478 16
479 18
480 16
481 17
482 21
483 20
484 14
485 16
486 17
487 16
488 18
489 21
490 15
491 17
492 17
493 23
494 17
495 17
496 17
497 18
498 16
499 17
500 17
501 21
502 20
503 18
504 16
505 19
506 20
507 16
508 21
509 21
510 16
511 16
512 18
513 17
514 16
515 22
516 18
517 18
518 15
519 19
520 16
521 15
522 14
523 18
524 19
525 20
526 14
527 16
528 16
529 19
530 17
531 16
532 16
533 19
534 14
535 17
536 18
537 14
538 21
539 19
540 16
541 18
542 21
543 15
544 21
545 18
546 17
547 17
548 19
549 18
550 18
551 18
552 15
553 17
554 18
555 17
556 17
557 15
558 18
559 18
560 13
561 14
562 22
563 16
564 14
565 17
566 17
567 17
568 16
569 15
570 22
571 17
572 18
573 14
574 14
575 19
576 16
577 16
578 17
579 17
580 20
581 18
582 23
583 18
584 17
585 14
586 21
587 18
588 14
589 19
590 16
591 17
592 23
593 18
594 15
595 18
596 17
597 18
598 13
599 15
600 16
601 15
602 17
603 14
604 17
605 16
606 16
607 17
608 12
609 17
610 17
611 14
612 15
613 15
614 16
615 18
616 15
617 14
618 16
619 14
620 14
621 15
622 14
623 16
624 15
625 16
626 16
627 16
628 17
629 15
630 17
631 17
632 16
633 17
634 14
635 15
636 14
637 14
638 14
639 15
640 14
641 14
642 15
643 17
644 14
645 15
646 14
647 18
648 14
649 16
650 16
651 15
652 17
653 13
654 16
655 16
656 17
657 16
658 18
659 19
660 13
661 15
662 16
663 14
664 18
665 16
666 15
667 14
668 14
669 15
670 16
671 14
672 14
673 14
674 15
675 13
676 17
677 13
678 14
679 14
680 18
681 13
682 16
683 17
684 18
685 13
686 15
687 14
688 18
689 16
690 12
691 14
692 13
693 14
694 15
695 15
696 16
697 14
698 14
699 16
700 15
701 13
702 16
703 14
704 14
705 15
706 12
707 15
708 14
709 12
710 15
711 13
712 14
713 15
714 17
715 14
716 16
717 13
718 19
719 15
720 14
721 14
722 14
723 14
724 14
725 16
726 12
727 12
728 14
729 18
730 14
731 15
732 16
733 13
734 14
735 13
736 14
737 15
738 14
739 14
740 12
741 14
742 14
743 14
744 15
745 13
746 15
747 13
748 14
749 14
750 14
751 14
752 14
753 16
754 13
755 15
756 15
757 14
758 14
759 13
760 15
761 15
762 14
763 14
764 13
765 14
766 14
767 16
768 13
769 14
770 14
771 13
772 14
773 13
774 17
775 15
776 14
777 13
778 14
779 13
780 13
781 15
782 15
783 13
784 13
785 13
786 14
787 15
788 14
789 15
790 15
791 15
792 15
793 14
794 13
795 12
796 13
797 15
798 14
799 13
800 14
801 14
802 16
803 15
804 14
805 13
806 14
807 14
808 16
809 14
810 13
811 12
812 14
813 14
814 14
815 15
816 14
817 14
818 15
819 14
820 15
821 13
822 13
823 12
824 16
825 13
826 12
827 13
828 13
829 13
830 13
831 14
832 13
833 12
834 13
835 13
836 13
837 13
838 13
839 14
840 12
841 13
842 14
843 12
844 13
845 13
846 13
847 13
848 14
849 14
850 14
851 14
852 13
853 13
854 13
855 13
856 14
857 14
858 13
859 13
860 12
861 14
862 13
863 13
864 13
865 13
866 13
867 13
868 13
869 13
870 13
871 13
872 13
873 13
874 13
875 13
876 14
877 13
878 13
879 13
880 13
881 13
882 13
883 13
884 12
885 13
886 13
887 13
888 12
889 13
890 13
891 13
892 13
893 13
894 13
895 13
896 13
897 14
898 13
899 13
