0 32
1 30
2 23
3 21
4 32
5 21
6 26
7 28
8 30
9 25
10 29
11 25
12 21
13 30
14 26
15 29
16 25
17 35
18 26
19 17
20 36
21 32
22 28
23 34
24 27
25 24
26 36
27 28
28 22
29 26
30 29
31 28
32 32
33 22
34 28
35 33
36 26
37 23
38 27
39 28
40 31
41 31
42 23
43 30
44 36
45 22
46 25
47 24
48 21
49 24
50 27
51 26
52 22
53 28
54 29
55 31
56 26
57 37
58 27
59 34
60 33
61 25
62 22
63 24
64 31
65 29
66 29
67 29
68 19
69 32
70 29
71 29
72 27
73 39
74 22
75 24
76 22
77 22
78 25
79 32
80 19
81 31
82 26
83 21
84 29
85 32
86 25
87 29
88 27
89 31
90 40
91 29
92 19
93 29
94 37
95 22
96 29
97 32
98 31
99 29
100 30
101 33
102 28
103 40
104 28
105 32
106 22
107 28
108 24
109 27
110 23
111 26
112 29
113 28
114 32
115 29
116 34
117 33
118 29
119 26
120 31
121 23
122 28
123 21
124 32
125 32
126 25
127 37
128 40
129 35
130 22
131 29
132 33
133 21
134 20
135 24
136 31
137 22
138 27
139 26
140 18
141 27
142 25
143 22
144 30
145 22
146 29
147 18
148 32
149 23
150 21
151 29
152 28
153 25
154 30
155 23
156 33
157 31
158 30
159 28
160 29
161 21
162 23
163 18
164 28
165 16
166 31
167 31
168 27
169 28
170 24
171 21
172 31
173 22
174 25
175 28
176 27
177 32
178 33
179 26
180 26
181 24
182 29
183 25
184 27
185 25
186 27
187 30
188 28
189 23
190 28
191 23
192 29
193 28
194 30
195 25
196 21
197 28
198 23
199 27
200 39
201 32
202 31
203 25
204 24
205 17
206 27
207 33
208 32
209 28
210 27
211 27
212 30
213 31
214 29
215 29
216 34
217 26
218 29
219 26
220 26
221 34
222 19
223 21
224 31
225 28
226 26
227 27
228 22
229 26
230 30
231 25
232 32
233 26
234 31
235 23
236 32
237 22
238 28
239 27
240 31
241 24
242 28
243 32
244 22
245 29
246 35
247 28
248 23
249 24
250 30
251 27
252 25
253 32
254 27
255 25
256 28
257 30
258 22
259 26
260 34
261 31
262 27
263 19
264 20
265 27
266 28
267 24
268 25
269 19
270 25
271 21
272 24
273 28
274 21
275 24
276 26
277 37
278 21
279 20
280 29
281 27
282 29
283 37
284 25
285 24
286 30
287 31
288 27
289 22
290 25
291 22
292 26
293 31
294 29
295 26
296 29
297 24
298 35
299 28
300 33
301 30
302 26
303 22
304 27
305 34
306 25
307 33
308 24
309 30
310 27
311 24
312 24
313 34
314 26
315 23
316 30
317 32
318 28
319 27
320 27
321 30
322 26
323 22
324 24
325 25
326 28
327 27
328 28
329 47
330 26
331 20
332 27
333 23
334 34
335 29
336 24
337 29
338 28
339 20
340 20
341 24
342 24
343 28
344 28
345 30
346 35
347 21
348 22
349 30
350 27
351 19
352 21
353 35
354 25
355 38
356 30
357 27
358 28
359 17
360 29
361 26
362 27
363 20
364 28
365 21
366 27
367 28
368 26
369 23
370 29
371 28
372 20
373 29
374 28
375 28
376 27
377 26
378 31
379 25
380 30
381 26
382 33
383 23
384 29
385 35
386 25
387 23
388 27
389 24
390 24
391 29
392 25
393 22
394 23
395 29
396 25
397 24
398 24
399 29
400 25
401 29
402 31
403 30
404 30
405 24
406 24
407 25
408 21
409 26
410 27
411 30
412 26
413 34
414 23
415 27
416 30
417 26
418 26
419 23
420 32
421 22
422 27
423 24
424 30
425 26
426 24
427 27
428 29
429 29
430 34
431 27
432 27
433 26
434 27
435 22
436 22
437 23
438 24
439 26
440 26
441 23
442 29
443 29
444 30
445 25
446 33
447 28
448 20
449 25
450 28
451 36
452 24
453 25
454 24
455 28
456 27
457 23
458 23
459 26
460 21
461 26
462 29
463 28
464 29
465 30
466 22
467 33
468 35
469 28
470 33
471 31
472 23
473 37
474 16
475 19
476 29
477 28
478 24
479 26
480 26
481 42
482 21
483 35
484 29
485 29
486 22
487 32
488 30
489 27
490 24
491 26
492 25
493 27
494 19
495 18
496 33
497 32
498 27
499 34
500 25
501 35
502 31
503 15
504 28
505 26
506 34
507 26
508 31
509 28
510 25
511 35
512 30
513 25
514 19
515 25
516 26
517 25
518 28
519 25
520 33
521 29
522 27
523 25
524 32
525 23
526 28
527 22
528 26
529 17
530 26
531 31
532 22
533 23
534 34
535 28
536 29
537 35
538 28
539 28
540 29
541 25
542 28
543 23
544 30
545 25
546 29
547 34
548 27
549 24
550 23
551 26
552 32
553 20
554 17
555 30
556 29
557 29
558 32
559 27
560 24
561 28
562 32
563 31
564 25
565 27
566 31
567 22
568 17
569 29
570 30
571 31
572 28
573 23
574 38
575 29
576 39
577 24
578 28
579 28
580 22
581 23
582 19
583 29
584 32
585 28
586 34
587 28
588 31
589 26
590 27
591 32
592 23
593 24
594 26
595 27
596 22
597 19
598 21
599 27
600 30
601 23
602 23
603 29
604 24
605 33
606 32
607 32
608 21
609 28
610 29
611 28
612 24
613 29
614 26
615 29
616 26
617 22
618 26
619 31
620 25
621 29
622 20
623 24
624 30
625 29
626 20
627 29
628 20
629 27
630 27
631 29
632 23
633 26
634 26
635 21
636 27
637 34
638 28
639 22
640 23
641 33
642 26
643 32
644 30
645 33
646 23
647 27
648 26
649 23
650 29
651 38
652 26
653 26
654 21
655 28
656 18
657 25
658 28
659 25
660 24
661 30
662 40
663 34
664 29
665 28
666 32
667 21
668 26
669 25
670 23
671 22
672 23
673 30
674 27
675 22
676 25
677 26
678 21
679 23
680 34
681 27
682 24
683 22
684 29
685 27
686 30
687 26
688 22
689 26
690 27
691 24
692 28
693 33
694 23
695 19
696 32
697 29
698 36
699 25
700 30
701 30
702 18
703 27
704 36
705 26
706 16
707 25
708 24
709 41
710 25
711 32
712 26
713 25
714 24
715 37
716 31
717 22
718 22
719 20
720 23
721 26
722 30
723 24
724 23
725 24
726 25
727 27
728 26
729 28
730 20
731 32
732 28
733 22
734 32
735 23
736 24
737 24
738 29
739 25
740 32
741 20
742 35
743 34
744 23
745 23
746 21
747 25
748 26
749 23
750 30
751 23
752 27
753 23
754 27
755 26
756 24
757 25
758 30
759 24
760 32
761 24
762 26
763 24
764 35
765 24
766 29
767 31
768 22
769 26
770 23
771 29
772 27
773 28
774 25
775 29
776 29
777 29
778 25
779 23
780 29
781 24
782 28
783 14
784 22
785 40
786 22
787 27
788 28
789 19
790 29
791 17
792 27
793 28
794 31
795 32
796 28
797 29
798 32
799 24
800 29
801 33
802 29
803 21
804 30
805 30
806 25
807 20
808 33
809 32
810 33
811 32
812 27
813 28
814 28
815 30
816 28
817 23
818 21
819 23
820 34
821 24
822 26
823 29
824 35
825 27
826 31
827 31
828 24
829 17
830 30
831 26
832 22
833 18
834 24
835 26
836 33
837 32
838 34
839 30
840 26
841 25
842 27
843 25
844 25
845 27
846 27
847 32
848 22
849 33
850 30
851 21
852 24
853 25
854 26
855 27
856 34
857 23
858 28
859 26
860 23
861 28
862 33
863 27
864 22
865 22
866 31
867 27
868 27
869 28
870 23
871 27
872 28
873 22
874 26
875 33
876 30
877 28
878 32
879 37
880 36
881 25
882 33
883 28
884 32
885 31
886 28
887 32
888 27
889 27
890 39
891 26
892 29
893 24
894 22
895 25
896 27
897 30
898 19
899 26
900 25
901 22
902 23
903 24
904 25
905 28
906 33
907 24
908 23
909 25
910 24
911 30
912 25
913 33
914 27
915 20
916 25
917 27
918 26
919 26
920 22
921 29
922 25
923 30
924 33
925 26
926 26
927 28
928 26
929 28
930 20
931 23
932 20
933 33
934 26
935 26
936 26
937 26
938 28
939 32
940 25
941 22
942 31
943 20
944 25
945 29
946 24
947 20
948 24
949 30
950 25
951 29
952 18
953 28
954 33
955 22
956 19
957 30
958 24
959 27
960 26
961 30
962 22
963 26
964 25
965 27
966 26
967 30
968 22
969 24
970 23
971 33
972 24
973 22
974 24
975 34
976 30
977 32
978 28
979 26
980 25
981 30
982 20
983 29
984 27
985 25
986 17
987 23
988 26
989 33
990 26
991 28
992 31
993 29
994 34
995 23
996 22
997 26
998 27
999 31
