0 101
1 113
2 93
3 112
4 88
5 107
6 102
7 80
8 82
9 106
10 111
11 113
12 105
13 97
14 89
15 75
16 79
17 94
18 85
19 66
20 83
21 65
22 81
23 78
24 63
25 85
26 68
27 55
28 57
29 48
30 64
31 62
32 52
33 46
34 57
35 57
36 68
37 53
38 52
39 48
40 53
41 39
42 64
43 49
44 64
45 60
46 48
47 51
48 50
49 41
50 47
51 48
52 31
53 46
54 41
55 42
56 57
57 37
58 34
59 37
60 31
61 49
62 23
63 39
64 40
65 48
66 29
67 46
68 33
69 25
70 45
71 26
72 37
73 35
74 31
75 24
76 34
77 39
78 37
79 31
80 31
81 50
82 25
83 47
84 33
85 26
86 24
87 36
88 30
89 37
90 30
91 23
92 20
93 25
94 27
95 20
96 29
97 38
98 21
99 29
100 28
101 26
102 34
103 24
104 25
105 27
106 21
107 44
108 22
109 22
110 31
111 26
112 22
113 30
114 34
115 24
116 20
117 34
118 33
119 30
120 27
121 26
122 21
123 38
124 29
125 25
126 36
127 25
128 26
129 27
130 27
131 27
132 22
133 28
134 28
135 25
136 19
137 20
138 23
139 37
140 25
141 26
142 31
143 30
144 25
145 24
146 22
147 24
148 26
149 18
150 19
151 23
152 20
153 25
154 24
155 19
156 19
157 26
158 20
159 29
160 24
161 17
162 24
163 14
164 26
165 25
166 24
167 22
168 22
169 23
170 25
171 25
172 25
173 19
174 18
175 26
176 20
177 24
178 23
179 26
180 21
181 19
182 25
183 16
184 24
185 21
186 28
187 28
188 23
189 27
190 21
191 17
192 24
193 22
194 24
195 18
196 24
197 22
198 21
199 16
200 26
201 25
202 24
203 28
204 23
205 15
206 14
207 17
208 30
209 22
210 18
211 22
212 26
213 22
214 17
215 24
216 21
217 16
218 30
219 23
220 19
221 18
222 13
223 24
224 22
225 23
226 19
227 16
228 21
229 16
230 19
231 17
232 19
233 20
234 19
235 12
236 15
237 25
238 20
239 21
240 25
241 23
242 17
243 18
244 17
245 18
246 19
247 20
248 23
249 15
250 15
251 20
252 24
253 15
254 14
255 15
256 17
257 23
258 16
259 25
260 20
261 18
262 18
263 22
264 17
265 22
266 19
267 15
268 20
269 21
270 21
271 23
272 18
273 18
274 15
275 17
276 16
277 17
278 22
279 18
280 20
281 20
282 19
283 20
284 20
285 15
286 20
287 15
288 20
289 17
290 17
291 13
292 13
293 13
294 18
295 15
296 25
297 17
298 15
299 16
300 13
301 17
302 17
303 17
304 16
305 17
306 17
307 16
308 18
309 17
310 19
311 17
312 15
313 17
314 16
315 19
316 16
317 18
318 20
319 16
320 15
321 20
322 13
323 19
324 16
325 15
326 15
327 12
328 15
329 13
330 15
331 15
332 18
333 16
334 16
335 17
336 16
337 16
338 16
339 13
340 15
341 19
342 16
343 16
344 16
345 15
346 14
347 19
348 17
349 14
350 16
351 16
352 14
353 19
354 14
355 16
356 18
357 12
358 14
359 15
360 14
361 15
362 15
363 16
364 19
365 16
366 16
367 15
368 13
369 16
370 15
371 17
372 16
373 14
374 16
375 14
376 19
377 15
378 13
379 14
380 14
381 18
382 13
383 16
384 16
385 15
386 15
387 13
388 13
389 15
390 13
391 12
392 15
393 14
394 15
395 13
396 14
397 13
398 14
399 16
400 15
401 14
402 14
403 14
404 12
405 15
406 13
407 14
408 15
409 14
410 15
411 13
412 12
413 14
414 16
415 15
416 13
417 12
418 12
419 14
420 13
421 13
422 14
423 13
424 14
425 13
426 11
427 14
428 15
429 15
430 13
431 14
432 15
433 14
434 14
435 14
436 14
437 13
438 11
439 13
440 14
441 11
442 15
443 13
444 13
445 12
446 14
447 15
448 13
449 13
450 14
451 13
452 13
453 13
454 14
455 14
456 13
457 14
458 13
459 13
460 15
461 16
462 13
463 14
464 13
465 14
466 14
467 14
468 14
469 13
470 13
471 14
472 12
473 12
474 12
475 13
476 12
477 12
478 13
479 13
480 13
481 13
482 13
483 13
484 13
485 14
486 13
487 13
488 13
489 13
490 13
491 12
492 13
493 13
494 13
495 13
496 12
497 13
498 12
499 13
