0 41
1 40
2 41
3 54
4 48
5 40
6 49
7 40
8 38
9 37
10 45
11 43
12 48
13 37
14 42
15 46
16 42
17 40
18 30
19 38
20 36
21 45
22 37
23 37
24 48
25 35
26 46
27 48
28 36
29 26
30 43
31 37
32 26
33 43
34 34
35 39
36 41
37 32
38 46
39 38
40 37
41 47
42 40
43 36
44 42
45 35
46 38
47 42
48 31
49 43
50 47
51 28
52 44
53 46
54 43
55 22
56 35
57 39
58 42
59 50
60 44
61 43
62 39
63 36
64 31
65 41
66 36
67 43
68 34
69 38
70 37
71 44
72 38
73 42
74 44
75 47
76 41
77 45
78 33
79 45
80 42
81 33
82 38
83 38
84 35
85 44
86 33
87 27
88 35
89 26
90 51
91 43
92 36
93 36
94 25
95 52
96 41
97 44
98 34
99 30
100 40
101 45
102 45
103 29
104 35
105 45
106 39
107 25
108 46
109 35
110 45
111 41
112 43
113 41
114 34
115 36
116 41
117 26
118 39
119 45
120 40
121 32
122 38
123 38
124 39
125 34
126 44
127 40
128 39
129 50
130 43
131 40
132 41
133 37
134 36
135 38
136 31
137 52
138 33
139 45
140 45
141 40
142 38
143 44
144 51
145 32
146 40
147 24
148 50
149 49
150 42
151 41
152 44
153 34
154 37
155 45
156 36
157 36
158 43
159 33
160 53
161 37
162 33
163 39
164 40
165 34
166 49
167 40
168 40
169 38
170 44
171 33
172 32
173 40
174 36
175 37
176 43
177 33
178 34
179 50
180 38
181 36
182 29
183 38
184 27
185 35
186 32
187 25
188 41
189 31
190 34
191 44
192 33
193 40
194 34
195 35
196 46
197 39
198 46
199 28
200 38
201 42
202 35
203 38
204 41
205 30
206 47
207 30
208 42
209 45
210 46
211 42
212 42
213 41
214 42
215 28
216 40
217 36
218 42
219 40
220 39
221 34
222 44
223 42
224 41
225 31
226 43
227 39
228 39
229 32
230 47
231 35
232 34
233 35
234 32
235 36
236 36
237 28
238 29
239 38
240 36
241 31
242 36
243 47
244 30
245 31
246 41
247 33
248 23
249 41
250 46
251 30
252 40
253 35
254 43
255 39
256 42
257 31
258 49
259 36
260 47
261 40
262 53
263 38
264 34
265 39
266 36
267 43
268 40
269 38
270 32
271 51
272 42
273 36
274 34
275 43
276 19
277 46
278 31
279 33
280 33
281 32
282 34
283 40
284 39
285 36
286 34
287 38
288 38
289 26
290 57
291 43
292 31
293 27
294 38
295 40
296 34
297 45
298 24
299 28
300 48
301 46
302 35
303 35
304 26
305 42
306 43
307 49
308 34
309 44
310 35
311 46
312 42
313 42
314 39
315 37
316 27
317 45
318 38
319 40
320 36
321 29
322 30
323 37
324 41
325 39
326 44
327 43
328 32
329 39
330 32
331 42
332 34
333 37
334 42
335 45
336 36
337 46
338 37
339 35
340 35
341 40
342 35
343 26
344 32
345 46
346 31
347 35
348 40
349 38
350 32
351 40
352 30
353 26
354 40
355 35
356 41
357 35
358 37
359 40
360 34
361 33
362 40
363 32
364 44
365 34
366 45
367 32
368 36
369 30
370 39
371 42
372 42
373 38
374 34
375 41
376 40
377 45
378 41
379 36
380 41
381 32
382 41
383 37
384 48
385 43
386 32
387 30
388 34
389 40
390 44
391 25
392 29
393 38
394 36
395 40
396 40
397 34
398 41
399 44
400 45
401 41
402 36
403 46
404 41
405 36
406 39
407 35
408 36
409 34
410 41
411 46
412 43
413 35
414 28
415 40
416 33
417 31
418 34
419 35
420 41
421 35
422 35
423 36
424 38
425 35
426 26
427 38
428 36
429 34
430 40
431 33
432 33
433 39
434 30
435 41
436 30
437 48
438 47
439 46
440 41
441 35
442 44
443 39
444 47
445 44
446 24
447 50
448 37
449 47
450 45
451 43
452 37
453 49
454 39
455 38
456 30
457 37
458 40
459 35
460 33
461 33
462 39
463 43
464 41
465 42
466 33
467 48
468 28
469 30
470 36
471 34
472 29
473 36
474 41
475 34
476 44
477 41
478 35
479 38
480 48
481 35
482 45
483 41
484 26
485 44
486 37
487 27
488 40
489 29
490 41
491 32
492 40
493 38
494 33
495 49
496 50
497 30
498 42
499 39
500 37
501 39
502 38
503 25
504 40
505 29
506 40
507 29
508 38
509 27
510 38
511 33
512 34
513 38
514 48
515 32
516 34
517 33
518 42
519 35
520 33
521 43
522 39
523 37
524 41
525 35
526 33
527 38
528 26
529 43
530 37
531 39
532 39
533 44
534 25
535 38
536 40
537 42
538 38
539 37
540 42
541 42
542 36
543 48
544 34
545 38
546 22
547 30
548 50
549 35
550 28
551 30
552 37
553 42
554 41
555 41
556 35
557 35
558 43
559 43
560 39
561 35
562 44
563 41
564 36
565 40
566 39
567 38
568 32
569 33
570 34
571 30
572 27
573 31
574 40
575 32
576 35
577 42
578 34
579 42
580 42
581 43
582 39
583 44
584 36
585 28
586 42
587 29
588 32
589 38
590 36
591 27
592 37
593 39
594 30
595 37
596 41
597 29
598 45
599 33
