0 27
1 23
2 28
3 21
4 26
5 26
6 25
7 18
8 22
9 26
10 18
11 15
12 21
13 27
14 28
15 26
16 31
17 25
18 19
19 22
20 13
21 26
22 26
23 19
24 23
25 25
26 27
27 25
28 17
29 19
30 22
31 18
32 20
33 15
34 26
35 24
36 21
37 27
38 21
39 26
40 22
41 24
42 23
43 21
44 26
45 17
46 23
47 22
48 20
49 31
50 24
51 24
52 22
53 23
54 19
55 25
56 23
57 25
58 16
59 24
60 20
61 18
62 23
63 23
64 19
65 26
66 20
67 20
68 25
69 23
70 22
71 27
72 26
73 20
74 23
75 25
76 22
77 18
78 28
79 27
80 33
81 28
82 28
83 28
84 19
85 25
86 19
87 25
88 23
89 21
90 23
91 17
92 21
93 19
94 20
95 17
96 20
97 17
98 14
99 21
100 27
101 22
102 21
103 26
104 29
105 27
106 26
107 23
108 31
109 22
110 29
111 24
112 22
113 32
114 20
115 24
116 26
117 28
118 29
119 25
120 26
121 21
122 15
123 17
124 28
125 23
126 33
127 18
128 16
129 24
130 26
131 23
132 26
133 22
134 23
135 22
136 18
137 18
138 19
139 28
140 19
141 33
142 25
143 17
144 21
145 18
146 25
147 27
148 28
149 20
150 28
151 23
152 27
153 19
154 23
155 18
156 24
157 29
158 30
159 13
160 21
161 24
162 25
163 21
164 17
165 17
166 17
167 18
168 23
169 27
170 21
171 28
172 22
173 20
174 22
175 18
176 22
177 28
178 23
179 26
180 18
181 25
182 19
183 22
184 24
185 22
186 14
187 23
188 23
189 25
190 23
191 24
192 23
193 20
194 21
195 27
196 15
197 26
198 21
199 29
200 23
201 20
202 27
203 20
204 20
205 24
206 16
207 18
208 20
209 24
210 23
211 22
212 24
213 19
214 25
215 24
216 20
217 27
218 16
219 21
220 26
221 15
222 20
223 14
224 27
225 23
226 16
227 27
228 24
229 20
230 30
231 16
232 27
233 22
234 26
235 19
236 23
237 18
238 18
239 19
240 22
241 25
242 30
243 25
244 19
245 21
246 26
247 22
248 23
249 26
250 20
251 28
252 24
253 17
254 25
255 21
256 28
257 26
258 26
259 23
260 30
261 21
262 18
263 23
264 32
265 30
266 25
267 17
268 31
269 21
270 20
271 12
272 26
273 25
274 21
275 24
276 22
277 23
278 22
279 23
280 21
281 29
282 16
283 21
284 22
285 27
286 24
287 22
288 21
289 30
290 16
291 24
292 18
293 22
294 25
295 27
296 19
297 27
298 23
299 31
300 27
301 19
302 25
303 20
304 28
305 29
306 20
307 27
308 28
309 21
310 25
311 19
312 25
313 21
314 19
315 29
316 23
317 21
318 22
319 18
320 22
321 21
322 26
323 23
324 24
325 22
326 19
327 28
328 18
329 23
330 21
331 26
332 27
333 21
334 16
335 19
336 22
337 21
338 16
339 21
340 26
341 18
342 23
343 29
344 23
345 24
346 21
347 24
348 21
349 26
350 18
351 27
352 17
353 21
354 24
355 26
356 18
357 20
358 19
359 29
360 25
361 21
362 22
363 24
364 26
365 26
366 25
367 22
368 28
369 23
370 18
371 22
372 27
373 21
374 28
375 29
376 29
377 25
378 21
379 29
380 23
381 25
382 19
383 22
384 22
385 25
386 24
387 23
388 31
389 21
390 18
391 16
392 29
393 15
394 23
395 23
396 17
397 24
398 24
399 21
400 24
401 23
402 18
403 16
404 25
405 28
406 21
407 30
408 22
409 23
410 21
411 15
412 26
413 20
414 21
415 11
416 23
417 22
418 28
419 29
420 25
421 16
422 19
423 16
424 19
425 22
426 23
427 18
428 26
429 21
430 25
431 27
432 19
433 24
434 26
435 27
436 26
437 24
438 25
439 19
440 21
441 20
442 17
443 18
444 26
445 25
446 22
447 32
448 19
449 20
450 20
451 25
452 21
453 21
454 26
455 25
456 23
457 21
458 28
459 18
460 29
461 22
462 22
463 24
464 24
465 32
466 28
467 23
468 22
469 22
470 28
471 20
472 20
473 22
474 25
475 27
476 26
477 21
478 24
479 29
480 25
481 24
482 27
483 27
484 27
485 25
486 26
487 21
488 17
489 24
490 25
491 20
492 25
493 18
494 26
495 25
496 23
497 16
498 26
499 26
500 22
501 16
502 24
503 31
504 29
505 18
506 27
507 23
508 26
509 20
510 27
511 18
512 28
513 20
514 20
515 29
516 26
517 27
518 22
519 26
520 21
521 22
522 15
523 23
524 19
525 25
526 20
527 25
528 26
529 32
530 24
531 24
532 20
533 17
534 25
535 22
536 21
537 28
538 19
539 22
540 26
541 20
542 22
543 29
544 17
545 19
546 26
547 27
548 30
549 31
550 19
551 24
552 23
553 20
554 25
555 32
556 15
557 28
558 20
559 22
560 18
561 27
562 32
563 31
564 24
565 21
566 22
567 22
568 24
569 15
570 27
571 23
572 25
573 17
574 21
575 26
576 27
577 18
578 28
579 17
580 14
581 28
582 25
583 21
584 21
585 13
586 25
587 30
588 19
589 23
590 20
591 26
592 25
593 19
594 20
595 24
596 21
597 22
598 37
599 24
600 26
601 23
602 23
603 26
604 21
605 29
606 15
607 26
608 22
609 21
610 26
611 24
612 23
613 21
614 17
615 25
616 28
617 16
618 26
619 25
620 31
621 19
622 28
623 22
624 23
625 22
626 33
627 23
628 27
629 23
630 29
631 23
632 27
633 17
634 20
635 19
636 21
637 22
638 25
639 17
640 22
641 25
642 19
643 19
644 22
645 21
646 18
647 21
648 24
649 22
650 22
651 16
652 26
653 27
654 27
655 28
656 17
657 18
658 30
659 28
660 19
661 27
662 32
663 23
664 13
665 19
666 17
667 19
668 19
669 24
670 25
671 27
672 22
673 24
674 22
675 18
676 30
677 28
678 23
679 22
680 25
681 21
682 26
683 23
684 25
685 22
686 24
687 23
688 27
689 19
690 26
691 34
692 23
693 32
694 19
695 31
696 25
697 23
698 24
699 19
