0 19
1 19
2 24
3 19
4 24
5 23
6 24
7 13
8 12
9 26
10 17
11 19
12 23
13 19
14 20
15 27
16 25
17 31
18 20
19 23
20 23
21 23
22 19
23 18
24 19
25 23
26 18
27 20
28 24
29 26
30 19
31 19
32 17
33 21
34 16
35 20
36 20
37 26
38 26
39 21
40 27
41 30
42 23
43 26
44 24
45 23
46 25
47 22
48 19
49 28
50 19
51 21
52 19
53 20
54 31
55 22
56 21
57 20
58 19
59 27
60 23
61 23
62 23
63 23
64 24
65 20
66 23
67 23
68 25
69 25
70 23
71 26
72 26
73 18
74 18
75 21
76 22
77 19
78 22
79 20
80 23
81 23
82 20
83 23
84 21
85 21
86 21
87 26
88 21
89 27
90 25
91 18
92 18
93 24
94 21
95 20
96 23
97 26
98 27
99 25
100 18
101 24
102 20
103 23
104 25
105 20
106 19
107 23
108 27
109 19
110 21
111 29
112 20
113 24
114 19
115 27
116 19
117 22
118 21
119 18
120 20
121 24
122 21
123 19
124 24
125 26
126 29
127 23
128 19
129 21
130 18
131 25
132 22
133 24
134 24
135 23
136 21
137 20
138 20
139 20
140 28
141 22
142 22
143 20
144 21
145 26
146 21
147 23
148 24
149 29
150 20
151 24
152 22
153 23
154 18
155 21
156 24
157 25
158 30
159 14
160 25
161 27
162 19
163 21
164 22
165 27
166 25
167 18
168 17
169 29
170 23
171 16
172 27
173 18
174 21
175 24
176 21
177 17
178 22
179 30
180 18
181 23
182 22
183 16
184 24
185 21
186 19
187 19
188 25
189 23
190 22
191 23
192 28
193 15
194 22
195 13
196 22
197 22
198 24
199 28
200 19
201 27
202 22
203 19
204 25
205 25
206 26
207 14
208 18
209 20
210 25
211 23
212 19
213 18
214 20
215 16
216 27
217 22
218 26
219 24
220 25
221 24
222 20
223 20
224 21
225 23
226 28
227 33
228 21
229 24
230 24
231 19
232 21
233 29
234 23
235 18
236 25
237 17
238 26
239 24
240 17
241 22
242 19
243 19
244 20
245 25
246 22
247 20
248 19
249 29
250 23
251 22
252 27
253 26
254 22
255 20
256 27
257 22
258 13
259 18
260 28
261 22
262 27
263 23
264 20
265 17
266 22
267 31
268 19
269 16
270 24
271 20
272 21
273 21
274 20
275 24
276 17
277 20
278 18
279 30
280 29
281 16
282 19
283 17
284 28
285 24
286 22
287 23
288 27
289 24
290 26
291 18
292 19
293 24
294 19
295 28
296 24
297 17
298 20
299 21
300 18
301 19
302 25
303 21
304 22
305 22
306 19
307 22
308 22
309 21
310 18
311 26
312 22
313 24
314 24
315 18
316 19
317 15
318 23
319 23
320 19
321 22
322 26
323 26
324 25
325 17
326 24
327 26
328 23
329 21
330 26
331 21
332 25
333 29
334 18
335 28
336 19
337 26
338 22
339 21
340 27
341 24
342 19
343 19
344 14
345 24
346 25
347 22
348 18
349 18
350 24
351 19
352 23
353 23
354 22
355 22
356 18
357 21
358 22
359 21
360 23
361 25
362 21
363 21
364 19
365 22
366 20
367 25
368 18
369 21
370 27
371 22
372 15
373 24
374 23
375 25
376 22
377 21
378 27
379 19
380 18
381 21
382 18
383 29
384 26
385 19
386 27
387 15
388 27
389 19
390 23
391 25
392 22
393 19
394 26
395 17
396 18
397 25
398 20
399 17
400 27
401 18
402 20
403 20
404 22
405 25
406 22
407 27
408 20
409 18
410 19
411 23
412 25
413 19
414 22
415 20
416 16
417 21
418 25
419 17
420 17
421 25
422 20
423 22
424 19
425 17
426 18
427 23
428 18
429 23
430 29
431 19
432 20
433 20
434 18
435 24
436 19
437 21
438 21
439 26
440 24
441 24
442 25
443 21
444 25
445 19
446 21
447 29
448 27
449 23
450 24
451 22
452 25
453 18
454 23
455 23
456 21
457 25
458 19
459 26
460 22
461 23
462 25
463 23
464 23
465 21
466 19
467 18
468 21
469 21
470 21
471 26
472 23
473 20
474 22
475 20
476 22
477 25
478 31
479 29
480 21
481 24
482 19
483 19
484 21
485 25
486 24
487 29
488 23
489 19
490 26
491 17
492 21
493 19
494 26
495 26
496 18
497 24
498 23
499 20
500 26
501 22
502 24
503 30
504 22
505 18
506 22
507 20
508 27
509 23
510 26
511 24
512 19
513 22
514 20
515 23
516 28
517 19
518 18
519 27
520 22
521 20
522 21
523 20
524 22
525 21
526 17
527 16
528 21
529 24
530 22
531 23
532 23
533 27
534 23
535 21
536 19
537 27
538 24
539 18
540 23
541 24
542 20
543 24
544 23
545 21
546 27
547 26
548 19
549 22
550 19
551 25
552 25
553 21
554 21
555 14
556 26
557 32
558 28
559 16
560 26
561 22
562 23
563 21
564 19
565 25
566 20
567 24
568 25
569 17
570 22
571 21
572 25
573 29
574 21
575 29
576 23
577 19
578 20
579 23
580 23
581 26
582 20
583 24
584 32
585 22
586 24
587 18
588 20
589 18
590 17
591 18
592 19
593 28
594 21
595 21
596 26
597 21
598 27
599 27
600 23
601 22
602 22
603 24
604 18
605 25
606 19
607 25
608 25
609 20
610 21
611 18
612 26
613 24
614 20
615 25
616 30
617 23
618 24
619 20
620 23
621 23
622 22
623 23
624 22
625 20
626 23
627 22
628 21
629 28
630 24
631 20
632 21
633 22
634 24
635 11
636 23
637 20
638 22
639 21
640 23
641 23
642 24
643 19
644 23
645 20
646 25
647 18
648 18
649 30
650 24
651 19
652 20
653 29
654 22
655 23
656 22
657 21
658 25
659 23
660 19
661 23
662 16
663 20
664 27
665 21
666 19
667 22
668 22
669 21
670 21
671 29
672 17
673 26
674 24
675 23
676 17
677 20
678 29
679 21
680 16
681 18
682 23
683 27
684 27
685 24
686 19
687 23
688 20
689 19
690 20
691 28
692 31
693 21
694 25
695 25
696 24
697 27
698 22
699 19
