0 28
1 26
2 23
3 36
4 18
5 38
6 24
7 30
8 24
9 29
10 24
11 37
12 28
13 32
14 33
15 34
16 30
17 23
18 42
19 25
20 36
21 28
22 22
23 36
24 30
25 25
26 26
27 29
28 36
29 35
30 28
31 28
32 36
33 31
34 31
35 31
36 33
37 33
38 42
39 32
40 35
41 28
42 28
43 34
44 30
45 24
46 34
47 32
48 32
49 26
50 30
51 34
52 34
53 38
54 22
55 29
56 22
57 28
58 27
59 30
60 32
61 45
62 25
63 25
64 28
65 25
66 31
67 31
68 31
69 31
70 22
71 34
72 34
73 30
74 33
75 26
76 28
77 33
78 27
79 36
80 28
81 37
82 34
83 28
84 36
85 19
86 24
87 41
88 31
89 24
90 39
91 31
92 26
93 37
94 29
95 44
96 42
97 32
98 32
99 31
100 28
101 25
102 27
103 32
104 20
105 30
106 33
107 35
108 34
109 32
110 22
111 31
112 27
113 21
114 36
115 32
116 30
117 30
118 30
119 30
120 36
121 27
122 36
123 34
124 34
125 28
126 32
127 29
128 27
129 21
130 17
131 29
132 35
133 25
134 24
135 33
136 27
137 27
138 27
139 33
140 27
141 33
142 34
143 27
144 27
145 30
146 25
147 31
148 29
149 28
150 25
151 34
152 21
153 33
154 42
155 28
156 41
157 29
158 26
159 36
160 36
161 28
162 30
163 31
164 22
165 26
166 28
167 38
168 25
169 24
170 28
171 31
172 31
173 28
174 35
175 35
176 36
177 32
178 32
179 35
180 32
181 26
182 29
183 27
184 26
185 28
186 35
187 23
188 37
189 35
190 28
191 33
192 33
193 40
194 22
195 27
196 27
197 27
198 28
199 23
200 24
201 34
202 31
203 37
204 33
205 32
206 39
207 32
208 28
209 39
210 31
211 28
212 40
213 29
214 36
215 31
216 26
217 23
218 20
219 29
220 33
221 37
222 34
223 36
224 39
225 43
226 31
227 37
228 41
229 26
230 23
231 35
232 36
233 27
234 31
235 35
236 26
237 32
238 24
239 38
240 30
241 36
242 32
243 26
244 36
245 30
246 28
247 28
248 24
249 30
250 38
251 31
252 29
253 32
254 27
255 34
256 32
257 28
258 43
259 36
260 32
261 30
262 29
263 26
264 33
265 21
266 29
267 32
268 21
269 31
270 29
271 30
272 31
273 37
274 26
275 34
276 34
277 26
278 32
279 27
280 33
281 32
282 41
283 28
284 28
285 25
286 28
287 33
288 37
289 35
290 28
291 30
292 22
293 26
294 34
295 29
296 30
297 27
298 26
299 33
300 31
301 40
302 23
303 32
304 31
305 30
306 27
307 36
308 46
309 23
310 30
311 33
312 34
313 36
314 31
315 28
316 30
317 28
318 25
319 30
320 38
321 33
322 25
323 29
324 32
325 29
326 32
327 34
328 25
329 30
330 37
331 32
332 29
333 33
334 37
335 24
336 34
337 33
338 32
339 40
340 38
341 38
342 35
343 38
344 29
345 36
346 33
347 27
348 38
349 34
350 34
351 31
352 29
353 32
354 32
355 38
356 34
357 32
358 32
359 35
360 30
361 35
362 28
363 26
364 24
365 36
366 32
367 37
368 23
369 37
370 30
371 32
372 25
373 32
374 29
375 29
376 28
377 33
378 35
379 32
380 36
381 30
382 35
383 35
384 33
385 32
386 39
387 27
388 32
389 30
390 38
391 35
392 33
393 42
394 31
395 31
396 31
397 33
398 25
399 33
400 37
401 35
402 27
403 44
404 33
405 38
406 40
407 23
408 29
409 32
410 26
411 34
412 21
413 41
414 33
415 39
416 33
417 29
418 34
419 32
420 32
421 32
422 32
423 26
424 27
425 29
426 28
427 30
428 26
429 38
430 32
431 27
432 36
433 33
434 32
435 27
436 28
437 36
438 31
439 30
440 23
441 24
442 22
443 33
444 24
445 26
446 35
447 28
448 29
449 28
450 31
451 31
452 32
453 33
454 29
455 27
456 21
457 30
458 24
459 26
460 21
461 34
462 30
463 31
464 37
465 33
466 23
467 23
468 36
469 35
470 27
471 26
472 25
473 40
474 27
475 32
476 35
477 38
478 25
479 26
480 36
481 32
482 32
483 24
484 31
485 34
486 42
487 27
488 42
489 40
490 37
491 27
492 32
493 35
494 32
495 29
496 28
497 29
498 30
499 32
500 34
501 32
502 29
503 37
504 27
505 33
506 36
507 40
508 32
509 36
510 33
511 29
512 38
513 27
514 22
515 31
516 25
517 30
518 36
519 34
520 36
521 31
522 31
523 46
524 35
525 27
526 31
527 30
528 24
529 26
530 34
531 24
532 30
533 31
534 31
535 26
536 23
537 38
538 22
539 27
540 33
541 35
542 24
543 34
544 32
545 33
546 34
547 32
548 29
549 31
550 36
551 39
552 27
553 32
554 28
555 31
556 17
557 20
558 31
559 33
560 32
561 34
562 36
563 36
564 35
565 35
566 29
567 23
568 26
569 41
570 27
571 33
572 25
573 39
574 30
575 28
576 34
577 33
578 31
579 22
580 31
581 26
582 40
583 42
584 16
585 29
586 35
587 29
588 31
589 41
590 35
591 33
592 29
593 39
594 31
595 26
596 29
597 27
598 26
599 22
600 31
601 29
602 39
603 26
604 31
605 29
606 32
607 34
608 26
609 31
610 29
611 27
612 27
613 34
614 29
615 34
616 40
617 30
618 42
619 28
620 36
621 28
622 18
623 35
624 22
625 34
626 25
627 31
628 37
629 36
630 27
631 28
632 27
633 30
634 20
635 38
636 27
637 39
638 23
639 40
640 23
641 33
642 40
643 32
644 44
645 31
646 28
647 30
648 22
649 42
650 28
651 31
652 28
653 28
654 33
655 41
656 30
657 30
658 29
659 35
660 28
661 22
662 30
663 31
664 19
665 24
666 25
667 27
668 27
669 29
670 30
671 28
672 35
673 26
674 35
675 37
676 24
677 39
678 30
679 36
680 33
681 26
682 30
683 34
684 28
685 26
686 28
687 35
688 31
689 28
690 34
691 37
692 34
693 33
694 29
695 27
696 21
697 27
698 28
699 43
700 35
701 27
702 37
703 32
704 37
705 34
706 28
707 30
708 46
709 36
710 32
711 38
712 30
713 27
714 32
715 34
716 32
717 28
718 27
719 24
720 33
721 30
722 26
723 42
724 36
725 29
726 32
727 23
728 24
729 35
730 35
731 33
732 31
733 40
734 44
735 26
736 33
737 32
738 25
739 35
740 26
741 31
742 33
743 35
744 31
745 29
746 23
747 31
748 33
749 37
750 37
751 28
752 38
753 33
754 40
755 38
756 42
757 22
758 38
759 31
760 24
761 27
762 35
763 29
764 38
765 35
766 30
767 30
768 31
769 38
770 35
771 31
772 27
773 28
774 32
775 29
776 25
777 26
778 30
779 42
780 30
781 31
782 24
783 24
784 27
785 31
786 38
787 26
788 38
789 43
790 29
791 29
792 26
793 43
794 27
795 27
796 27
797 30
798 36
799 30
