0 31
1 31
2 27
3 25
4 28
5 39
6 29
7 36
8 25
9 32
10 23
11 26
12 38
13 26
14 31
15 28
16 37
17 40
18 32
19 26
20 25
21 28
22 23
23 24
24 31
25 35
26 35
27 29
28 32
29 35
30 32
31 25
32 31
33 23
34 38
35 32
36 26
37 39
38 30
39 33
40 36
41 29
42 34
43 38
44 42
45 21
46 36
47 27
48 34
49 31
50 26
51 34
52 22
53 32
54 28
55 30
56 40
57 30
58 27
59 28
60 34
61 29
62 36
63 32
64 25
65 33
66 31
67 27
68 26
69 32
70 40
71 31
72 41
73 28
74 36
75 33
76 36
77 33
78 36
79 30
80 34
81 25
82 35
83 31
84 32
85 26
86 33
87 23
88 36
89 32
90 34
91 28
92 34
93 31
94 35
95 28
96 24
97 41
98 28
99 44
100 29
101 30
102 20
103 19
104 37
105 30
106 28
107 29
108 49
109 29
110 37
111 30
112 27
113 22
114 36
115 27
116 29
117 28
118 28
119 27
120 31
121 23
122 34
123 29
124 21
125 28
126 25
127 30
128 35
129 32
130 23
131 29
132 34
133 31
134 29
135 36
136 27
137 32
138 40
139 29
140 31
141 34
142 37
143 36
144 34
145 34
146 29
147 29
148 29
149 31
150 34
151 25
152 42
153 29
154 32
155 34
156 31
157 35
158 28
159 34
160 38
161 32
162 20
163 27
164 39
165 32
166 27
167 36
168 31
169 33
170 34
171 32
172 27
173 30
174 29
175 39
176 27
177 26
178 34
179 25
180 28
181 29
182 21
183 27
184 28
185 32
186 26
187 26
188 24
189 32
190 28
191 30
192 25
193 37
194 24
195 31
196 31
197 36
198 30
199 35
200 33
201 27
202 35
203 22
204 28
205 30
206 38
207 32
208 28
209 34
210 21
211 31
212 34
213 22
214 18
215 25
216 38
217 37
218 29
219 31
220 38
221 38
222 29
223 30
224 31
225 41
226 32
227 26
228 30
229 35
230 28
231 34
232 35
233 37
234 26
235 27
236 34
237 46
238 32
239 33
240 33
241 33
242 34
243 28
244 36
245 37
246 26
247 33
248 25
249 28
250 31
251 28
252 37
253 34
254 34
255 31
256 34
257 38
258 34
259 34
260 26
261 32
262 24
263 32
264 43
265 32
266 30
267 31
268 45
269 28
270 37
271 30
272 35
273 33
274 34
275 32
276 26
277 31
278 34
279 32
280 36
281 40
282 25
283 38
284 23
285 26
286 28
287 39
288 35
289 33
290 33
291 41
292 32
293 28
294 25
295 32
296 32
297 34
298 16
299 26
300 28
301 41
302 36
303 30
304 38
305 27
306 35
307 30
308 29
309 32
310 24
311 29
312 30
313 34
314 37
315 29
316 36
317 32
318 29
319 26
320 32
321 30
322 27
323 26
324 28
325 40
326 42
327 32
328 29
329 35
330 28
331 26
332 36
333 28
334 28
335 29
336 25
337 23
338 34
339 30
340 36
341 28
342 29
343 33
344 25
345 21
346 28
347 32
348 24
349 30
350 26
351 33
352 35
353 30
354 40
355 26
356 28
357 33
358 25
359 36
360 34
361 33
362 31
363 38
364 39
365 35
366 34
367 28
368 35
369 32
370 36
371 28
372 31
373 38
374 31
375 18
376 30
377 36
378 38
379 27
380 35
381 42
382 38
383 32
384 22
385 38
386 30
387 29
388 27
389 24
390 30
391 23
392 39
393 34
394 39
395 34
396 28
397 34
398 34
399 23
400 40
401 41
402 23
403 26
404 30
405 31
406 25
407 39
408 29
409 25
410 29
411 32
412 30
413 37
414 31
415 33
416 34
417 24
418 24
419 25
420 28
421 20
422 39
423 38
424 35
425 24
426 33
427 28
428 28
429 31
430 32
431 44
432 23
433 22
434 29
435 33
436 34
437 46
438 28
439 26
440 23
441 25
442 31
443 26
444 35
445 29
446 34
447 37
448 31
449 34
450 28
451 34
452 32
453 33
454 25
455 36
456 33
457 28
458 34
459 31
460 30
461 34
462 28
463 26
464 21
465 28
466 38
467 39
468 29
469 36
470 32
471 30
472 24
473 27
474 26
475 33
476 38
477 29
478 30
479 30
480 25
481 33
482 22
483 26
484 38
485 29
486 30
487 25
488 26
489 30
490 28
491 36
492 19
493 37
494 35
495 30
496 36
497 30
498 28
499 29
500 28
501 28
502 26
503 26
504 39
505 37
506 22
507 25
508 28
509 27
510 27
511 36
512 31
513 35
514 36
515 25
516 28
517 29
518 37
519 31
520 29
521 27
522 23
523 31
524 40
525 32
526 25
527 29
528 28
529 31
530 31
531 31
532 42
533 25
534 34
535 27
536 33
537 29
538 28
539 28
540 31
541 28
542 28
543 34
544 25
545 31
546 30
547 30
548 34
549 25
550 31
551 24
552 26
553 36
554 41
555 34
556 26
557 26
558 30
559 31
560 29
561 31
562 29
563 31
564 25
565 30
566 36
567 40
568 30
569 32
570 30
571 30
572 27
573 34
574 36
575 32
576 24
577 34
578 27
579 35
580 28
581 32
582 33
583 30
584 27
585 35
586 31
587 37
588 27
589 24
590 29
591 31
592 33
593 27
594 38
595 32
596 22
597 31
598 29
599 35
600 26
601 39
602 35
603 30
604 34
605 32
606 28
607 30
608 32
609 40
610 30
611 28
612 27
613 33
614 35
615 34
616 32
617 33
618 34
619 29
620 25
621 29
622 22
623 39
624 33
625 35
626 20
627 40
628 31
629 17
630 28
631 31
632 31
633 23
634 31
635 35
636 27
637 32
638 33
639 39
640 40
641 30
642 38
643 34
644 32
645 37
646 34
647 31
648 24
649 23
650 29
651 37
652 28
653 39
654 38
655 22
656 32
657 37
658 26
659 22
660 31
661 27
662 30
663 19
664 25
665 29
666 35
667 26
668 36
669 36
670 30
671 31
672 26
673 28
674 27
675 20
676 31
677 40
678 30
679 36
680 28
681 30
682 28
683 37
684 29
685 36
686 27
687 23
688 35
689 40
690 35
691 31
692 28
693 30
694 33
695 27
696 38
697 32
698 34
699 42
