0 38
1 51
2 40
3 50
4 53
5 59
6 39
7 43
8 35
9 35
10 48
11 49
12 49
13 51
14 49
15 56
16 52
17 47
18 43
19 32
20 57
21 56
22 47
23 54
24 47
25 56
26 50
27 38
28 47
29 46
30 46
31 48
32 50
33 54
34 55
35 50
36 52
37 41
38 42
39 52
40 57
41 45
42 56
43 46
44 49
45 54
46 61
47 52
48 41
49 43
50 32
51 57
52 40
53 53
54 32
55 50
56 44
57 43
58 39
59 53
60 52
61 58
62 43
63 50
64 44
65 34
66 53
67 48
68 48
69 47
70 51
71 42
72 53
73 51
74 33
75 54
76 48
77 57
78 45
79 34
80 42
81 48
82 41
83 58
84 55
85 41
86 52
87 42
88 60
89 58
90 47
91 49
92 41
93 40
94 49
95 45
96 50
97 33
98 40
99 42
100 39
101 44
102 58
103 61
104 50
105 53
106 46
107 56
108 53
109 40
110 49
111 54
112 39
113 50
114 44
115 53
116 52
117 43
118 38
119 48
120 44
121 48
122 45
123 49
124 42
125 55
126 55
127 44
128 42
129 49
130 43
131 48
132 57
133 48
134 62
135 50
136 41
137 56
138 40
139 44
140 46
141 52
142 48
143 53
144 48
145 51
146 46
147 59
148 40
149 47
150 55
151 47
152 41
153 51
154 41
155 50
156 52
157 41
158 42
159 44
160 41
161 46
162 56
163 51
164 44
165 50
166 60
167 44
168 45
169 45
170 44
171 62
172 27
173 40
174 45
175 49
176 55
177 43
178 46
179 52
180 49
181 44
182 50
183 45
184 39
185 45
186 51
187 60
188 42
189 45
190 60
191 39
192 59
193 47
194 38
195 48
196 65
197 42
198 46
199 54
200 39
201 54
202 48
203 42
204 45
205 41
206 48
207 60
208 49
209 43
210 52
211 47
212 59
213 47
214 55
215 50
216 45
217 56
218 47
219 50
220 61
221 55
222 42
223 39
224 56
225 55
226 48
227 52
228 50
229 36
230 44
231 59
232 44
233 48
234 34
235 51
236 56
237 43
238 52
239 50
240 38
241 59
242 54
243 53
244 53
245 59
246 31
247 50
248 65
249 35
250 42
251 45
252 52
253 46
254 39
255 57
256 48
257 49
258 52
259 52
260 43
261 47
262 45
263 52
264 47
265 37
266 54
267 51
268 39
269 42
270 36
271 36
272 48
273 50
274 53
275 61
276 48
277 37
278 69
279 43
280 46
281 59
282 44
283 51
284 48
285 42
286 49
287 43
288 39
289 42
290 50
291 34
292 45
293 46
294 59
295 54
296 44
297 49
298 52
299 52
300 38
301 42
302 39
303 47
304 51
305 46
306 43
307 52
308 42
309 39
310 40
311 40
312 41
313 45
314 43
315 45
316 41
317 49
318 44
319 41
320 52
321 36
322 49
323 63
324 40
325 38
326 43
327 51
328 52
329 40
330 41
331 53
332 56
333 50
334 53
335 46
336 54
337 54
338 53
339 44
340 49
341 49
342 57
343 56
344 43
345 50
346 35
347 48
348 55
349 52
350 53
351 43
352 50
353 46
354 50
355 44
356 60
357 44
358 58
359 51
360 51
361 47
362 46
363 50
364 57
365 47
366 46
367 51
368 46
369 56
370 47
371 49
372 52
373 42
374 42
375 52
376 58
377 37
378 43
379 44
380 56
381 51
382 46
383 39
384 46
385 48
386 42
387 43
388 55
389 48
390 47
391 46
392 46
393 50
394 44
395 38
396 66
397 52
398 49
399 71
400 63
401 55
402 48
403 51
404 53
405 39
406 42
407 41
408 57
409 43
410 45
411 50
412 46
413 39
414 43
415 43
416 45
417 60
418 53
419 39
420 45
421 40
422 55
423 62
424 44
425 55
426 37
427 46
428 47
429 54
430 52
431 52
432 40
433 49
434 44
435 41
436 43
437 46
438 42
439 37
440 53
441 45
442 51
443 42
444 43
445 43
446 39
447 37
448 56
449 52
450 40
451 60
452 50
453 66
454 51
455 44
456 41
457 51
458 48
459 51
460 35
461 53
462 48
463 52
464 49
465 53
466 44
467 58
468 48
469 48
470 38
471 57
472 54
473 27
474 41
475 50
476 45
477 43
478 45
479 44
480 47
481 44
482 54
483 57
484 51
485 40
486 45
487 54
488 51
489 42
490 45
491 47
492 45
493 48
494 55
495 56
496 55
497 47
498 43
499 42
500 52
501 55
502 40
503 47
504 41
505 47
506 52
507 57
508 53
509 45
510 45
511 48
512 51
513 47
514 43
515 39
516 44
517 48
518 44
519 41
520 47
521 54
522 49
523 49
524 58
525 50
526 40
527 35
528 55
529 56
530 45
531 39
532 56
533 48
534 43
535 36
536 41
537 46
538 58
539 31
540 44
541 38
542 37
543 57
544 58
545 44
546 51
547 39
548 36
549 57
550 36
551 57
552 51
553 44
554 52
555 54
556 52
557 54
558 48
559 51
560 43
561 55
562 42
563 50
564 46
565 46
566 41
567 54
568 46
569 48
570 49
571 51
572 43
573 47
574 42
575 49
576 44
577 61
578 57
579 51
580 51
581 51
582 38
583 54
584 49
585 33
586 47
587 50
588 62
589 55
590 32
591 57
592 40
593 48
594 41
595 43
596 38
597 46
598 34
599 39
600 46
601 41
602 46
603 39
604 53
605 38
606 40
607 42
608 46
609 49
610 36
611 55
612 50
613 49
614 50
615 47
616 49
617 50
618 55
619 43
620 42
621 56
622 46
623 53
624 47
625 43
626 50
627 56
628 53
629 49
630 43
631 55
632 51
633 50
634 51
635 35
636 54
637 50
638 50
639 48
640 43
641 55
642 51
643 45
644 38
645 54
646 49
647 63
648 45
649 40
650 51
651 54
652 46
653 54
654 44
655 49
656 48
657 46
658 48
659 52
660 44
661 45
662 52
663 48
664 47
665 58
666 44
667 47
668 56
669 39
670 51
671 40
672 49
673 49
674 52
675 45
676 42
677 52
678 42
679 36
680 50
681 44
682 37
683 41
684 53
685 62
686 45
687 37
688 64
689 41
690 53
691 44
692 60
693 51
694 58
695 47
696 47
697 65
698 52
699 42
700 46
701 56
702 39
703 46
704 39
705 49
706 38
707 50
708 43
709 38
710 48
711 52
712 55
713 51
714 52
715 53
716 43
717 54
718 48
719 50
720 56
721 49
722 40
723 55
724 46
725 48
726 48
727 51
728 40
729 39
730 40
731 37
732 55
733 51
734 53
735 43
736 52
737 52
738 52
739 37
740 49
741 44
742 46
743 42
744 53
745 54
746 64
747 42
748 53
749 48
750 68
751 51
752 52
753 58
754 43
755 39
756 50
757 46
758 47
759 45
760 42
761 52
762 58
763 50
764 57
765 38
766 50
767 57
768 44
769 33
770 56
771 40
772 45
773 37
774 57
775 38
776 49
777 48
778 53
779 49
780 53
781 46
782 55
783 36
784 48
785 36
786 37
787 48
788 49
789 47
790 46
791 44
792 55
793 59
794 50
795 50
796 62
797 44
798 46
799 36
