0 7
1 9
2 11
3 8
4 15
5 12
6 9
7 10
8 10
9 8
10 6
11 6
12 6
13 11
14 11
15 8
16 11
17 7
18 5
19 7
20 9
21 11
22 5
23 10
24 7
25 12
26 9
27 6
28 14
29 6
30 8
31 9
32 15
33 6
34 9
35 6
36 11
37 6
38 9
39 12
40 18
41 6
42 7
43 8
44 7
45 12
46 7
47 8
48 9
49 7
50 7
51 6
52 10
53 15
54 9
55 7
56 8
57 13
58 9
59 9
60 7
61 9
62 9
63 10
64 9
65 9
66 10
67 12
68 6
69 11
70 15
71 4
72 10
73 15
74 7
75 6
76 6
77 6
78 10
79 11
80 6
81 7
82 9
83 11
84 6
85 11
86 13
87 11
88 16
89 17
90 7
91 9
92 4
93 5
94 8
95 13
96 9
97 12
98 10
99 10
100 7
101 8
102 7
103 16
104 6
105 7
106 8
107 12
108 15
109 11
110 5
111 11
112 10
113 11
114 2
115 9
116 8
117 12
118 7
119 8
120 6
121 11
122 9
123 11
124 10
125 11
126 10
127 8
128 5
129 11
130 4
131 8
132 11
133 6
134 9
135 10
136 13
137 11
138 4
139 6
140 13
141 14
142 7
143 18
144 9
145 7
146 8
147 17
148 6
149 12
150 11
151 11
152 6
153 14
154 9
155 5
156 10
157 7
158 10
159 7
160 7
161 10
162 8
163 9
164 11
165 6
166 9
167 12
168 9
169 14
170 9
171 9
172 7
173 10
174 14
175 9
176 11
177 9
178 10
179 7
180 12
181 8
182 11
183 10
184 14
185 13
186 7
187 8
188 12
189 15
190 8
191 10
192 9
193 8
194 9
195 9
196 9
197 9
198 12
199 22
200 9
201 10
202 3
203 11
204 9
205 6
206 12
207 6
208 13
209 10
210 5
211 10
212 11
213 10
214 13
215 9
216 11
217 11
218 8
219 12
220 9
221 10
222 11
223 9
224 10
225 10
226 11
227 10
228 10
229 8
230 11
231 5
232 7
233 14
234 9
235 11
236 11
237 13
238 9
239 6
240 10
241 8
242 11
243 9
244 10
245 13
246 14
247 10
248 13
249 9
250 11
251 10
252 5
253 11
254 9
255 12
256 7
257 7
258 12
259 8
260 12
261 5
262 10
263 9
264 8
265 8
266 10
267 9
268 9
269 10
270 14
271 7
272 11
273 15
274 12
275 10
276 8
277 15
278 10
279 8
280 10
281 4
282 9
283 7
284 6
285 8
286 12
287 13
288 7
289 6
290 10
291 12
292 12
293 9
294 11
295 6
296 9
297 10
298 8
299 6
300 19
301 12
302 9
303 14
304 8
305 9
306 11
307 6
308 5
309 9
310 10
311 8
312 8
313 12
314 15
315 13
316 12
317 9
318 9
319 9
320 7
321 7
322 11
323 9
324 9
325 7
326 3
327 9
328 6
329 9
330 7
331 12
332 6
333 4
334 10
335 10
336 13
337 15
338 10
339 7
340 9
341 6
342 11
343 7
344 7
345 11
346 13
347 6
348 9
349 4
350 6
351 11
352 9
353 12
354 10
355 15
356 5
357 10
358 16
359 10
360 14
361 11
362 8
363 7
364 7
365 21
366 7
367 10
368 8
369 13
370 8
371 13
372 7
373 7
374 5
375 8
376 8
377 12
378 7
379 13
380 13
381 12
382 11
383 9
384 9
385 8
386 9
387 6
388 9
389 6
390 11
391 11
392 5
393 9
394 15
395 14
396 9
397 7
398 4
399 7
400 7
401 6
402 14
403 11
404 7
405 10
406 10
407 11
408 8
409 8
410 10
411 6
412 11
413 11
414 14
415 5
416 10
417 9
418 12
419 17
420 6
421 9
422 11
423 6
424 13
425 9
426 8
427 11
428 8
429 9
430 8
431 8
432 15
433 8
434 8
435 9
436 6
437 10
438 11
439 8
440 10
441 15
442 14
443 8
444 13
445 4
446 6
447 9
448 8
449 9
450 8
451 13
452 13
453 7
454 6
455 12
456 8
457 12
458 10
459 8
460 14
461 10
462 7
463 10
464 10
465 10
466 9
467 6
468 11
469 7
470 10
471 12
472 5
473 12
474 14
475 7
476 4
477 8
478 7
479 7
480 7
481 9
482 13
483 12
484 10
485 7
486 7
487 12
488 4
489 10
490 11
491 12
492 6
493 12
494 7
495 12
496 11
497 9
498 11
499 11
500 4
501 6
502 3
503 10
504 11
505 11
506 12
507 8
508 9
509 7
510 10
511 15
512 11
513 10
514 6
515 4
516 13
517 9
518 9
519 9
520 16
521 9
522 11
523 11
524 12
525 10
526 7
527 6
528 16
529 13
530 4
531 17
532 10
533 11
534 16
535 5
536 11
537 7
538 9
539 7
540 13
541 11
542 7
543 8
544 10
545 6
546 13
547 5
548 7
549 10
550 14
551 13
552 9
553 7
554 13
555 10
556 10
557 10
558 10
559 10
560 12
561 11
562 9
563 9
564 9
565 10
566 14
567 8
568 11
569 10
570 11
571 6
572 9
573 10
574 7
575 13
576 6
577 9
578 12
579 11
580 13
581 7
582 9
583 9
584 11
585 13
586 10
587 7
588 10
589 7
590 12
591 14
592 9
593 8
594 10
595 5
596 9
597 9
598 18
599 9
600 8
601 10
602 8
603 8
604 15
605 7
606 7
607 11
608 13
609 9
610 8
611 5
612 8
613 19
614 9
615 14
616 7
617 10
618 9
619 11
620 12
621 12
622 4
623 11
624 11
625 12
626 10
627 8
628 9
629 10
630 10
631 6
632 7
633 10
634 6
635 4
636 8
637 11
638 4
639 12
640 9
641 8
642 11
643 8
644 20
645 10
646 11
647 8
648 12
649 12
650 13
651 9
652 10
653 5
654 11
655 6
656 12
657 12
658 12
659 9
660 5
661 12
662 9
663 9
664 9
665 9
666 8
667 5
668 6
669 11
670 11
671 2
672 5
673 8
674 8
675 8
676 11
677 17
678 10
679 11
680 11
681 8
682 8
683 7
684 7
685 9
686 10
687 7
688 12
689 11
690 11
691 14
692 11
693 11
694 7
695 8
696 16
697 10
698 7
699 8
