0 30
1 28
2 32
3 33
4 31
5 46
6 34
7 31
8 31
9 28
10 32
11 38
12 31
13 40
14 31
15 31
16 36
17 38
18 33
19 36
20 33
21 29
22 32
23 36
24 34
25 41
26 42
27 34
28 27
29 28
30 27
31 31
32 32
33 35
34 31
35 37
36 32
37 36
38 37
39 31
40 34
41 36
42 32
43 36
44 33
45 31
46 37
47 31
48 23
49 33
50 32
51 25
52 37
53 28
54 30
55 42
56 28
57 34
58 27
59 31
60 35
61 28
62 32
63 20
64 33
65 35
66 28
67 31
68 31
69 26
70 31
71 34
72 32
73 43
74 28
75 23
76 27
77 36
78 32
79 37
80 30
81 33
82 31
83 29
84 34
85 32
86 33
87 31
88 34
89 36
90 28
91 34
92 40
93 33
94 31
95 38
96 30
97 32
98 33
99 35
100 34
101 29
102 33
103 30
104 37
105 36
106 33
107 34
108 30
109 39
110 44
111 33
112 32
113 42
114 35
115 30
116 29
117 40
118 33
119 30
120 33
121 32
122 32
123 30
124 31
125 34
126 34
127 28
128 34
129 34
130 32
131 36
132 38
133 30
134 33
135 25
136 28
137 33
138 33
139 25
140 31
141 35
142 37
143 37
144 34
145 33
146 28
147 45
148 34
149 30
150 35
151 40
152 30
153 35
154 30
155 29
156 40
157 33
158 41
159 33
160 30
161 29
162 37
163 34
164 36
165 32
166 35
167 43
168 31
169 38
170 37
171 35
172 30
173 35
174 29
175 31
176 29
177 38
178 38
179 40
180 28
181 27
182 34
183 31
184 30
185 35
186 29
187 32
188 36
189 27
190 36
191 39
192 38
193 31
194 29
195 38
196 28
197 33
198 39
199 29
200 33
201 28
202 27
203 29
204 35
205 22
206 35
207 39
208 28
209 30
210 35
211 41
212 42
213 38
214 28
215 36
216 38
217 28
218 23
219 34
220 32
221 37
222 33
223 26
224 33
225 32
226 37
227 37
228 28
229 31
230 27
231 34
232 29
233 26
234 34
235 34
236 32
237 36
238 37
239 30
240 38
241 36
242 29
243 30
244 34
245 26
246 26
247 31
248 40
249 35
250 23
251 30
252 30
253 31
254 32
255 37
256 27
257 34
258 32
259 36
260 37
261 36
262 36
263 36
264 38
265 33
266 37
267 31
268 38
269 24
270 50
271 36
272 32
273 36
274 31
275 35
276 30
277 36
278 28
279 31
280 39
281 31
282 28
283 37
284 34
285 33
286 30
287 31
288 37
289 27
290 31
291 36
292 32
293 30
294 38
295 31
296 33
297 37
298 31
299 31
300 32
301 32
302 42
303 39
304 32
305 25
306 32
307 28
308 32
309 28
310 31
311 31
312 43
313 25
314 35
315 39
316 40
317 34
318 29
319 37
320 33
321 31
322 45
323 38
324 30
325 38
326 40
327 34
328 38
329 28
330 28
331 36
332 33
333 37
334 37
335 36
336 39
337 30
338 37
339 32
340 33
341 37
342 38
343 32
344 33
345 27
346 28
347 36
348 33
349 42
350 36
351 32
352 28
353 37
354 35
355 34
356 31
357 35
358 35
359 30
360 44
361 32
362 36
363 33
364 33
365 32
366 27
367 34
368 38
369 34
370 25
371 34
372 31
373 37
374 26
375 30
376 31
377 26
378 32
379 38
380 29
381 29
382 33
383 36
384 28
385 32
386 34
387 27
388 29
389 38
390 34
391 28
392 30
393 39
394 33
395 33
396 36
397 33
398 35
399 35
400 31
401 34
402 32
403 30
404 30
405 32
406 35
407 30
408 36
409 31
410 30
411 29
412 35
413 28
414 35
415 35
416 32
417 36
418 36
419 32
420 33
421 34
422 32
423 35
424 38
425 29
426 30
427 25
428 33
429 41
430 36
431 40
432 40
433 30
434 32
435 33
436 27
437 28
438 34
439 28
440 37
441 36
442 34
443 40
444 30
445 33
446 32
447 39
448 28
449 35
450 41
451 28
452 34
453 23
454 37
455 33
456 32
457 37
458 39
459 30
460 30
461 37
462 40
463 35
464 38
465 33
466 29
467 31
468 32
469 31
470 36
471 35
472 30
473 37
474 34
475 31
476 29
477 30
478 27
479 32
480 32
481 36
482 39
483 31
484 31
485 36
486 33
487 35
488 32
489 39
490 36
491 34
492 28
493 42
494 28
495 37
496 30
497 32
498 38
499 34
500 30
501 35
502 36
503 24
504 28
505 32
506 26
507 33
508 38
509 28
510 29
511 28
512 37
513 32
514 41
515 32
516 35
517 36
518 36
519 31
520 31
521 31
522 37
523 37
524 30
525 31
526 37
527 34
528 41
529 34
530 25
531 35
532 33
533 38
534 28
535 30
536 32
537 41
538 32
539 32
540 34
541 32
542 32
543 34
544 34
545 36
546 34
547 31
548 34
549 34
550 36
551 32
552 31
553 36
554 29
555 35
556 36
557 37
558 33
559 33
560 33
561 38
562 39
563 28
564 37
565 31
566 35
567 33
568 40
569 33
570 32
571 33
572 36
573 37
574 33
575 39
576 38
577 29
578 45
579 36
580 31
581 44
582 34
583 36
584 32
585 25
586 33
587 33
588 25
589 26
590 36
591 33
592 28
593 30
594 34
595 39
596 23
597 34
598 39
599 40
600 39
601 41
602 37
603 36
604 33
605 37
606 37
607 30
608 32
609 31
610 28
611 29
612 36
613 34
614 34
615 35
616 33
617 33
618 34
619 34
620 25
621 38
622 34
623 29
624 33
625 33
626 36
627 37
628 27
629 37
630 43
631 37
632 42
633 36
634 36
635 37
636 36
637 34
638 37
639 33
640 44
641 33
642 33
643 29
644 33
645 36
646 32
647 33
648 33
649 30
650 37
651 34
652 32
653 36
654 30
655 29
656 39
657 28
658 31
659 37
660 30
661 37
662 33
663 32
664 32
665 33
666 37
667 30
668 38
669 36
670 36
671 36
672 41
673 35
674 39
675 41
676 33
677 30
678 31
679 27
680 35
681 36
682 29
683 29
684 33
685 33
686 32
687 42
688 38
689 32
690 30
691 35
692 33
693 33
694 36
695 30
696 42
697 37
698 33
699 34
700 42
701 32
702 36
703 46
704 32
705 34
706 27
707 26
708 30
709 38
710 30
711 35
712 31
713 31
714 29
715 31
716 37
717 31
718 34
719 36
720 31
721 32
722 21
723 31
724 36
725 32
726 36
727 33
728 32
729 39
730 32
731 27
732 29
733 29
734 34
735 37
736 39
737 26
738 44
739 37
740 33
741 39
742 36
743 34
744 33
745 38
746 28
747 36
748 34
749 38
750 41
751 35
752 36
753 43
754 36
755 36
756 33
757 40
758 35
759 29
760 30
761 32
762 30
763 35
764 30
765 23
766 30
767 31
768 35
769 43
770 33
771 43
772 24
773 42
774 32
775 35
776 38
777 29
778 34
779 31
780 40
781 24
782 40
783 38
784 34
785 31
786 32
787 32
788 33
789 30
790 37
791 33
792 35
793 37
794 35
795 31
796 38
797 39
798 41
799 32
800 30
801 37
802 30
803 38
804 31
805 27
806 32
807 35
808 39
809 36
810 33
811 40
812 33
813 32
814 39
815 36
816 39
817 38
818 40
819 35
820 32
821 30
822 38
823 29
824 23
825 36
826 37
827 35
828 27
829 27
830 34
831 38
832 32
833 28
834 33
835 39
836 33
837 33
838 27
839 33
840 34
841 29
842 33
843 28
844 31
845 30
846 33
847 40
848 25
849 35
850 33
851 34
852 36
853 30
854 30
855 37
856 32
857 35
858 30
859 34
860 39
861 44
862 35
863 32
864 37
865 37
866 33
867 33
868 31
869 25
870 41
871 30
872 30
873 41
874 33
875 31
876 29
877 40
878 26
879 33
880 36
881 25
882 33
883 34
884 29
885 39
886 31
887 34
888 29
889 31
890 30
891 39
892 40
893 33
894 40
895 30
896 31
897 34
898 32
899 38
