0 24
1 28
2 14
3 19
4 23
5 19
6 16
7 13
8 20
9 26
10 12
11 15
12 14
13 26
14 21
15 22
16 22
17 20
18 21
19 22
20 21
21 19
22 16
23 16
24 14
25 13
26 17
27 18
28 11
29 22
30 19
31 22
32 16
33 18
34 16
35 31
36 18
37 20
38 23
39 18
40 21
41 27
42 18
43 20
44 19
45 20
46 25
47 14
48 14
49 24
50 12
51 14
52 15
53 19
54 15
55 19
56 21
57 25
58 20
59 17
60 14
61 16
62 19
63 15
64 22
65 12
66 16
67 16
68 18
69 20
70 18
71 19
72 21
73 17
74 20
75 22
76 22
77 19
78 16
79 19
80 23
81 12
82 24
83 16
84 18
85 9
86 16
87 16
88 15
89 19
90 15
91 9
92 18
93 14
94 22
95 24
96 15
97 22
98 15
99 18
100 29
101 21
102 18
103 20
104 28
105 18
106 10
107 26
108 15
109 20
110 15
111 25
112 14
113 18
114 25
115 19
116 14
117 16
118 21
119 15
120 15
121 19
122 11
123 21
124 30
125 17
126 17
127 29
128 16
129 12
130 20
131 13
132 26
133 23
134 15
135 14
136 16
137 17
138 21
139 15
140 16
141 27
142 15
143 18
144 20
145 23
146 22
147 14
148 21
149 23
150 25
151 13
152 18
153 21
154 17
155 21
156 29
157 12
158 22
159 22
160 19
161 22
162 13
163 13
164 15
165 15
166 20
167 16
168 12
169 19
170 22
171 28
172 19
173 20
174 24
175 20
176 21
177 22
178 22
179 16
180 23
181 20
182 15
183 18
184 19
185 18
186 16
187 11
188 16
189 14
190 20
191 18
192 19
193 16
194 13
195 29
196 18
197 23
198 20
199 20
200 19
201 14
202 20
203 15
204 26
205 23
206 13
207 20
208 22
209 13
210 19
211 25
212 15
213 14
214 20
215 9
216 19
217 19
218 14
219 11
220 23
221 20
222 13
223 15
224 23
225 27
226 20
227 17
228 19
229 24
230 19
231 22
232 31
233 20
234 19
235 25
236 19
237 14
238 12
239 15
240 28
241 20
242 25
243 13
244 17
245 16
246 21
247 20
248 17
249 17
250 18
251 17
252 18
253 21
254 16
255 20
256 22
257 22
258 23
259 30
260 25
261 23
262 23
263 17
264 24
265 20
266 16
267 17
268 21
269 15
270 16
271 26
272 11
273 24
274 17
275 19
276 14
277 18
278 13
279 14
280 13
281 19
282 27
283 19
284 15
285 20
286 16
287 17
288 20
289 19
290 24
291 22
292 18
293 20
294 23
295 29
296 21
297 13
298 22
299 18
300 21
301 19
302 20
303 14
304 17
305 20
306 19
307 24
308 26
309 14
310 21
311 22
312 25
313 19
314 25
315 21
316 13
317 21
318 14
319 18
320 15
321 22
322 19
323 26
324 22
325 14
326 20
327 27
328 19
329 17
330 19
331 18
332 19
333 17
334 22
335 16
336 19
337 18
338 21
339 17
340 24
341 21
342 16
343 22
344 23
345 17
346 21
347 20
348 14
349 19
350 23
351 21
352 13
353 19
354 26
355 13
356 15
357 18
358 20
359 16
360 26
361 25
362 18
363 19
364 17
365 12
366 14
367 26
368 27
369 18
370 27
371 20
372 16
373 13
374 13
375 18
376 10
377 23
378 26
379 23
380 22
381 21
382 19
383 18
384 13
385 24
386 18
387 26
388 14
389 21
390 19
391 20
392 18
393 15
394 12
395 26
396 22
397 18
398 17
399 20
400 15
401 24
402 26
403 17
404 17
405 18
406 15
407 26
408 16
409 21
410 16
411 17
412 22
413 22
414 16
415 16
416 21
417 32
418 21
419 29
420 14
421 19
422 24
423 15
424 20
425 20
426 21
427 14
428 27
429 16
430 17
431 14
432 19
433 27
434 21
435 10
436 18
437 20
438 20
439 21
440 21
441 19
442 15
443 20
444 24
445 15
446 23
447 22
448 18
449 17
450 18
451 26
452 20
453 29
454 20
455 22
456 21
457 25
458 17
459 18
460 21
461 22
462 14
463 21
464 18
465 28
466 20
467 21
468 23
469 16
470 27
471 24
472 32
473 14
474 16
475 19
476 14
477 13
478 25
479 23
480 22
481 24
482 24
483 22
484 15
485 20
486 22
487 16
488 24
489 14
490 21
491 16
492 19
493 19
494 19
495 18
496 31
497 21
498 16
499 17
500 22
501 19
502 21
503 14
504 17
505 23
506 27
507 24
508 18
509 15
510 26
511 22
512 17
513 22
514 16
515 14
516 13
517 18
518 22
519 22
520 24
521 15
522 26
523 23
524 10
525 13
526 23
527 20
528 19
529 18
530 16
531 16
532 20
533 17
534 25
535 25
536 24
537 20
538 18
539 19
540 13
541 29
542 23
543 20
544 28
545 21
546 16
547 14
548 15
549 24
550 15
551 27
552 19
553 19
554 25
555 15
556 20
557 17
558 24
559 19
560 18
561 21
562 21
563 14
564 22
565 20
566 8
567 21
568 19
569 22
570 22
571 14
572 14
573 20
574 24
575 27
576 16
577 22
578 15
579 16
580 19
581 19
582 19
583 21
584 23
585 16
586 14
587 18
588 16
589 25
590 18
591 17
592 17
593 18
594 23
595 15
596 12
597 32
598 19
599 21
600 17
601 18
602 23
603 18
604 9
605 23
606 13
607 25
608 22
609 18
610 25
611 21
612 18
613 22
614 13
615 20
616 18
617 24
618 22
619 20
620 18
621 21
622 14
623 19
624 25
625 20
626 25
627 25
628 23
629 22
630 15
631 16
632 20
633 24
634 17
635 22
636 14
637 11
638 22
639 22
640 20
641 31
642 23
643 30
644 21
645 22
646 14
647 18
648 19
649 17
650 24
651 21
652 22
653 19
654 29
655 23
656 22
657 19
658 25
659 24
660 18
661 23
662 16
663 19
664 14
665 16
666 20
667 26
668 18
669 20
670 16
671 17
672 13
673 16
674 20
675 13
676 20
677 17
678 24
679 19
680 10
681 14
682 17
683 28
684 19
685 15
686 18
687 18
688 16
689 22
690 18
691 18
692 15
693 15
694 22
695 18
696 11
697 14
698 21
699 16
700 20
701 22
702 25
703 17
704 24
705 12
706 15
707 20
708 12
709 15
710 12
711 22
712 23
713 17
714 21
715 22
716 20
717 20
718 22
719 16
720 22
721 23
722 13
723 19
724 23
725 22
726 24
727 13
728 25
729 20
730 20
731 15
732 14
733 8
734 19
735 26
736 20
737 13
738 21
739 20
740 23
741 20
742 14
743 16
744 21
745 18
746 20
747 19
748 22
749 13
750 20
751 14
752 22
753 22
754 20
755 15
756 14
757 17
758 21
759 14
760 25
761 18
762 11
763 17
764 14
765 23
766 18
767 15
768 22
769 23
770 20
771 17
772 25
773 24
774 12
775 18
776 18
777 17
778 21
779 19
780 23
781 15
782 21
783 15
784 19
785 19
786 20
787 19
788 16
789 18
790 15
791 26
792 18
793 18
794 23
795 15
796 18
797 14
798 18
799 18
800 22
801 23
802 18
803 17
804 12
805 30
806 21
807 16
808 20
809 13
810 24
811 23
812 23
813 14
814 21
815 15
816 19
817 20
818 26
819 22
820 17
821 17
822 16
823 19
824 15
825 18
826 17
827 22
828 15
829 22
830 17
831 24
832 19
833 16
834 26
835 19
836 27
837 15
838 23
839 19
840 16
841 22
842 15
843 16
844 18
845 15
846 23
847 17
848 23
849 17
850 20
851 23
852 25
853 15
854 15
855 18
856 24
857 14
858 22
859 28
860 18
861 17
862 21
863 33
864 18
865 25
866 11
867 15
868 19
869 14
870 15
871 17
872 18
873 23
874 17
875 19
876 18
877 22
878 12
879 18
880 21
881 24
882 19
883 21
884 13
885 17
886 27
887 18
888 19
889 19
890 10
891 21
892 18
893 18
894 25
895 10
896 23
897 17
898 17
899 16
