0 33
1 32
2 28
3 34
4 25
5 29
6 33
7 26
8 31
9 27
10 35
11 29
12 40
13 34
14 26
15 25
16 34
17 36
18 28
19 27
20 19
21 30
22 25
23 27
24 46
25 29
26 35
27 28
28 32
29 26
30 38
31 31
32 23
33 30
34 20
35 27
36 33
37 29
38 33
39 27
40 31
41 27
42 25
43 39
44 36
45 35
46 31
47 28
48 36
49 39
50 25
51 31
52 29
53 26
54 29
55 32
56 20
57 25
58 23
59 19
60 25
61 25
62 24
63 17
64 35
65 32
66 33
67 38
68 27
69 27
70 28
71 31
72 16
73 26
74 25
75 24
76 28
77 35
78 23
79 27
80 29
81 46
82 25
83 21
84 31
85 36
86 25
87 21
88 22
89 31
90 38
91 32
92 31
93 30
94 40
95 24
96 26
97 24
98 24
99 24
100 27
101 38
102 24
103 28
104 24
105 27
106 23
107 22
108 24
109 25
110 30
111 21
112 25
113 32
114 30
115 26
116 28
117 34
118 28
119 20
120 24
121 32
122 21
123 25
124 33
125 30
126 26
127 33
128 37
129 18
130 28
131 28
132 32
133 28
134 21
135 38
136 31
137 33
138 31
139 30
140 30
141 24
142 34
143 30
144 29
145 33
146 28
147 28
148 32
149 30
150 30
151 25
152 31
153 22
154 35
155 27
156 30
157 30
158 32
159 32
160 24
161 30
162 29
163 33
164 38
165 24
166 32
167 34
168 33
169 37
170 24
171 34
172 32
173 27
174 30
175 31
176 24
177 26
178 20
179 28
180 35
181 30
182 21
183 21
184 27
185 26
186 30
187 27
188 32
189 31
190 27
191 29
192 25
193 30
194 19
195 36
196 27
197 29
198 32
199 38
200 38
201 30
202 20
203 26
204 26
205 32
206 17
207 31
208 21
209 31
210 39
211 30
212 27
213 38
214 33
215 31
216 27
217 31
218 36
219 30
220 31
221 39
222 28
223 15
224 32
225 25
226 30
227 30
228 31
229 22
230 31
231 37
232 31
233 34
234 26
235 21
236 32
237 17
238 31
239 28
240 29
241 38
242 31
243 28
244 27
245 38
246 34
247 22
248 22
249 25
250 30
251 30
252 33
253 33
254 27
255 30
256 26
257 22
258 26
259 41
260 32
261 26
262 41
263 31
264 25
265 45
266 22
267 29
268 29
269 26
270 29
271 26
272 26
273 31
274 36
275 26
276 21
277 34
278 33
279 29
280 28
281 30
282 17
283 32
284 20
285 26
286 34
287 28
288 36
289 33
290 27
291 29
292 29
293 32
294 29
295 35
296 23
297 26
298 33
299 26
300 24
301 36
302 36
303 34
304 30
305 38
306 26
307 24
308 26
309 29
310 28
311 33
312 24
313 39
314 29
315 28
316 23
317 29
318 28
319 31
320 25
321 27
322 35
323 42
324 29
325 27
326 27
327 27
328 42
329 24
330 25
331 32
332 25
333 25
334 34
335 31
336 26
337 26
338 34
339 20
340 25
341 34
342 34
343 15
344 33
345 19
346 24
347 33
348 28
349 38
350 37
351 33
352 27
353 22
354 25
355 30
356 32
357 30
358 33
359 33
360 30
361 25
362 22
363 30
364 26
365 27
366 27
367 26
368 30
369 37
370 31
371 30
372 33
373 23
374 29
375 40
376 13
377 37
378 25
379 26
380 31
381 20
382 33
383 25
384 30
385 29
386 17
387 29
388 18
389 27
390 33
391 17
392 33
393 24
394 26
395 32
396 27
397 29
398 34
399 25
400 16
401 30
402 21
403 25
404 29
405 21
406 30
407 32
408 31
409 23
410 30
411 33
412 24
413 29
414 37
415 19
416 21
417 29
418 37
419 32
420 33
421 27
422 25
423 22
424 29
425 21
426 32
427 31
428 25
429 33
430 26
431 27
432 28
433 34
434 28
435 33
436 29
437 35
438 25
439 29
440 34
441 24
442 20
443 24
444 26
445 27
446 40
447 39
448 35
449 25
450 19
451 21
452 28
453 20
454 37
455 36
456 30
457 28
458 26
459 30
460 34
461 20
462 32
463 27
464 37
465 24
466 26
467 21
468 30
469 33
470 37
471 34
472 30
473 31
474 32
475 32
476 29
477 28
478 32
479 45
480 26
481 34
482 34
483 30
484 33
485 35
486 31
487 46
488 30
489 29
490 27
491 37
492 35
493 34
494 27
495 37
496 36
497 27
498 36
499 28
500 31
501 25
502 35
503 31
504 34
505 35
506 18
507 31
508 27
509 35
510 36
511 22
512 33
513 27
514 34
515 23
516 30
517 32
518 21
519 36
520 31
521 27
522 37
523 35
524 26
525 38
526 30
527 30
528 25
529 27
530 29
531 22
532 24
533 22
534 24
535 30
536 31
537 21
538 24
539 29
540 25
541 35
542 23
543 31
544 30
545 29
546 25
547 29
548 24
549 19
550 26
551 27
552 22
553 25
554 30
555 31
556 35
557 30
558 31
559 33
560 21
561 27
562 28
563 13
564 28
565 29
566 43
567 24
568 27
569 29
570 25
571 29
572 45
573 30
574 31
575 22
576 20
577 21
578 29
579 29
580 28
581 20
582 36
583 32
584 29
585 28
586 24
587 17
588 41
589 32
590 28
591 18
592 32
593 15
594 29
595 39
596 35
597 35
598 42
599 25
600 30
601 27
602 27
603 29
604 35
605 29
606 28
607 28
608 27
609 33
610 27
611 39
612 29
613 26
614 39
615 30
616 30
617 22
618 30
619 31
620 37
621 29
622 26
623 25
624 29
625 33
626 29
627 31
628 38
629 39
630 33
631 33
632 38
633 32
634 32
635 32
636 28
637 26
638 32
639 30
640 25
641 22
642 27
643 24
644 37
645 29
646 29
647 26
648 19
649 29
650 25
651 22
652 35
653 23
654 23
655 30
656 20
657 30
658 32
659 24
660 33
661 31
662 27
663 28
664 28
665 29
666 24
667 16
668 35
669 23
670 36
671 27
672 45
673 30
674 32
675 20
676 29
677 22
678 37
679 39
680 20
681 35
682 24
683 27
684 27
685 33
686 29
687 29
688 27
689 32
690 36
691 32
692 31
693 38
694 20
695 24
696 42
697 27
698 29
699 31
