0 47
1 56
2 54
3 56
4 45
5 40
6 38
7 43
8 50
9 47
10 50
11 48
12 32
13 45
14 45
15 53
16 30
17 55
18 54
19 62
20 45
21 45
22 58
23 48
24 38
25 47
26 56
27 59
28 50
29 48
30 41
31 46
32 52
33 47
34 45
35 48
36 37
37 68
38 49
39 48
40 46
41 53
42 41
43 46
44 58
45 51
46 43
47 48
48 57
49 54
50 49
51 49
52 38
53 42
54 56
55 54
56 45
57 43
58 43
59 44
60 45
61 43
62 50
63 52
64 46
65 44
66 45
67 41
68 43
69 47
70 50
71 47
72 48
73 51
74 47
75 42
76 53
77 47
78 51
79 46
80 43
81 27
82 43
83 47
84 67
85 35
86 53
87 63
88 62
89 51
90 40
91 51
92 56
93 54
94 36
95 54
96 48
97 47
98 56
99 48
100 49
101 36
102 46
103 53
104 47
105 40
106 51
107 38
108 42
109 54
110 55
111 62
112 47
113 41
114 47
115 52
116 47
117 53
118 54
119 54
120 37
121 40
122 42
123 43
124 46
125 55
126 43
127 50
128 59
129 52
130 49
131 46
132 62
133 44
134 52
135 38
136 52
137 39
138 48
139 52
140 42
141 46
142 46
143 49
144 44
145 61
146 46
147 39
148 48
149 56
150 51
151 36
152 39
153 47
154 38
155 64
156 37
157 49
158 50
159 61
160 53
161 47
162 56
163 45
164 57
165 46
166 48
167 51
168 49
169 44
170 49
171 55
172 36
173 43
174 46
175 44
176 40
177 49
178 53
179 40
180 49
181 48
182 44
183 54
184 47
185 42
186 45
187 57
188 32
189 50
190 42
191 44
192 45
193 54
194 42
195 46
196 53
197 41
198 53
199 31
200 51
201 36
202 35
203 44
204 47
205 48
206 49
207 48
208 39
209 48
210 50
211 45
212 59
213 47
214 46
215 51
216 42
217 43
218 51
219 48
220 45
221 48
222 44
223 53
224 45
225 36
226 49
227 47
228 57
229 42
230 40
231 49
232 46
233 58
234 44
235 40
236 47
237 46
238 57
239 48
240 54
241 52
242 47
243 38
244 50
245 43
246 47
247 49
248 46
249 49
250 47
251 48
252 52
253 48
254 40
255 41
256 64
257 40
258 42
259 42
260 39
261 47
262 43
263 57
264 51
265 55
266 45
267 43
268 56
269 43
270 42
271 39
272 55
273 63
274 42
275 43
276 51
277 47
278 49
279 40
280 48
281 38
282 40
283 36
284 46
285 50
286 54
287 60
288 46
289 31
290 50
291 61
292 53
293 45
294 52
295 59
296 57
297 43
298 41
299 53
300 60
301 47
302 45
303 48
304 48
305 44
306 53
307 53
308 41
309 52
310 42
311 56
312 48
313 51
314 52
315 33
316 42
317 43
318 58
319 40
320 44
321 49
322 46
323 47
324 66
325 46
326 55
327 52
328 42
329 38
330 57
331 55
332 43
333 46
334 57
335 63
336 41
337 45
338 49
339 61
340 55
341 43
342 42
343 64
344 52
345 58
346 42
347 52
348 49
349 42
350 31
351 62
352 48
353 49
354 48
355 53
356 48
357 45
358 48
359 37
360 46
361 42
362 47
363 44
364 55
365 49
366 42
367 37
368 43
369 58
370 50
371 48
372 33
373 45
374 49
375 49
376 53
377 47
378 54
379 53
380 47
381 54
382 46
383 47
384 58
385 41
386 39
387 46
388 47
389 68
390 55
391 56
392 42
393 56
394 49
395 46
396 59
397 58
398 58
399 45
400 54
401 43
402 47
403 49
404 42
405 47
406 47
407 49
408 51
409 44
410 48
411 46
412 48
413 43
414 56
415 31
416 52
417 62
418 43
419 47
420 46
421 55
422 54
423 56
424 45
425 53
426 47
427 48
428 44
429 55
430 38
431 45
432 41
433 57
434 53
435 54
436 44
437 31
438 46
439 47
440 51
441 47
442 44
443 40
444 48
445 53
446 39
447 45
448 51
449 62
450 59
451 43
452 49
453 48
454 47
455 42
456 44
457 46
458 45
459 47
460 47
461 59
462 53
463 38
464 44
465 48
466 52
467 47
468 46
469 42
470 53
471 47
472 51
473 42
474 47
475 46
476 62
477 45
478 37
479 65
480 44
481 50
482 39
483 65
484 42
485 47
486 50
487 57
488 43
489 46
490 43
491 56
492 42
493 55
494 50
495 45
496 49
497 50
498 45
499 51
500 37
501 53
502 59
503 47
504 60
505 45
506 41
507 43
508 51
509 42
510 49
511 45
512 48
513 54
514 40
515 58
516 59
517 45
518 56
519 46
520 36
521 42
522 36
523 51
524 49
525 54
526 60
527 40
528 42
529 49
530 59
531 57
532 54
533 56
534 60
535 46
536 40
537 51
538 51
539 44
540 42
541 47
542 53
543 40
544 53
545 46
546 40
547 51
548 53
549 53
550 39
551 38
552 45
553 47
554 39
555 52
556 40
557 51
558 42
559 46
560 54
561 57
562 44
563 58
564 45
565 43
566 51
567 45
568 56
569 51
570 44
571 47
572 46
573 60
574 46
575 54
576 44
577 37
578 48
579 48
580 41
581 58
582 49
583 51
584 58
585 54
586 53
587 41
588 42
589 43
590 45
591 40
592 45
593 43
594 40
595 51
596 48
597 45
598 39
599 43
600 52
601 38
602 51
603 54
604 51
605 43
606 47
607 40
608 42
609 48
610 51
611 49
612 45
613 43
614 54
615 51
616 48
617 43
618 50
619 38
620 55
621 56
622 51
623 36
624 49
625 54
626 53
627 44
628 47
629 54
630 41
631 48
632 58
633 39
634 46
635 53
636 46
637 46
638 42
639 44
640 48
641 49
642 64
643 47
644 43
645 48
646 55
647 49
648 39
649 54
650 40
651 36
652 47
653 60
654 58
655 59
656 57
657 59
658 57
659 64
660 48
661 36
662 48
663 41
664 51
665 40
666 41
667 54
668 43
669 50
670 54
671 53
672 50
673 49
674 41
675 39
676 56
677 54
678 52
679 54
680 30
681 55
682 49
683 42
684 42
685 48
686 61
687 48
688 53
689 43
690 48
691 51
692 51
693 35
694 53
695 56
696 61
697 44
698 46
699 53
700 40
701 38
702 56
703 53
704 50
705 36
706 47
707 48
708 46
709 50
710 57
711 46
712 50
713 38
714 49
715 51
716 48
717 48
718 64
719 52
720 38
721 39
722 38
723 38
724 44
725 53
726 52
727 53
728 39
729 50
730 50
731 53
732 50
733 41
734 48
735 59
736 52
737 41
738 52
739 48
740 45
741 51
742 46
743 58
744 45
745 49
746 47
747 56
748 48
749 61
750 44
751 48
752 40
753 52
754 46
755 48
756 51
757 51
758 49
759 53
760 46
761 41
762 41
763 54
764 49
765 42
766 52
767 47
768 58
769 54
770 44
771 52
772 49
773 46
774 48
775 43
776 60
777 35
778 55
779 42
780 43
781 38
782 35
783 55
784 39
785 33
786 43
787 59
788 53
789 57
790 46
791 46
792 51
793 46
794 49
795 61
796 54
797 53
798 33
799 50
