0 36
1 26
2 17
3 26
4 27
5 20
6 26
7 33
8 21
9 34
10 29
11 17
12 31
13 28
14 16
15 26
16 25
17 35
18 28
19 34
20 31
21 22
22 26
23 27
24 34
25 33
26 26
27 34
28 26
29 24
30 33
31 19
32 30
33 23
34 28
35 28
36 22
37 30
38 23
39 25
40 23
41 19
42 25
43 27
44 28
45 26
46 28
47 27
48 26
49 26
50 29
51 22
52 29
53 28
54 25
55 21
56 33
57 28
58 30
59 24
60 19
61 22
62 29
63 29
64 27
65 24
66 24
67 30
68 23
69 27
70 30
71 28
72 24
73 24
74 21
75 26
76 29
77 31
78 23
79 27
80 31
81 26
82 21
83 21
84 28
85 31
86 24
87 27
88 27
89 23
90 23
91 23
92 26
93 20
94 27
95 31
96 25
97 26
98 23
99 36
100 33
101 17
102 27
103 31
104 22
105 28
106 29
107 27
108 26
109 22
110 24
111 24
112 35
113 33
114 30
115 26
116 23
117 35
118 29
119 32
120 24
121 43
122 28
123 22
124 19
125 30
126 24
127 28
128 37
129 20
130 29
131 32
132 26
133 24
134 25
135 27
136 21
137 29
138 30
139 26
140 30
141 40
142 22
143 26
144 20
145 32
146 29
147 34
148 42
149 30
150 21
151 27
152 30
153 21
154 36
155 23
156 30
157 34
158 29
159 21
160 24
161 18
162 22
163 30
164 29
165 28
166 34
167 29
168 26
169 25
170 32
171 25
172 32
173 20
174 23
175 27
176 34
177 34
178 24
179 30
180 22
181 24
182 25
183 20
184 25
185 24
186 21
187 30
188 21
189 17
190 23
191 25
192 30
193 30
194 23
195 24
196 19
197 31
198 28
199 18
200 23
201 26
202 28
203 37
204 33
205 35
206 28
207 22
208 27
209 29
210 32
211 26
212 25
213 28
214 21
215 18
216 19
217 25
218 30
219 30
220 32
221 27
222 31
223 31
224 29
225 19
226 23
227 28
228 24
229 34
230 27
231 31
232 37
233 23
234 28
235 31
236 27
237 28
238 17
239 27
240 32
241 26
242 33
243 35
244 22
245 32
246 31
247 26
248 24
249 24
250 31
251 27
252 23
253 28
254 30
255 15
256 23
257 27
258 28
259 28
260 31
261 28
262 21
263 29
264 29
265 22
266 32
267 28
268 26
269 28
270 21
271 23
272 38
273 41
274 24
275 19
276 19
277 21
278 29
279 30
280 21
281 28
282 28
283 33
284 24
285 30
286 35
287 26
288 19
289 29
290 26
291 27
292 30
293 36
294 39
295 34
296 27
297 25
298 32
299 27
300 26
301 34
302 21
303 32
304 36
305 28
306 27
307 18
308 21
309 25
310 14
311 33
312 26
313 23
314 29
315 17
316 38
317 26
318 27
319 25
320 25
321 26
322 27
323 34
324 24
325 22
326 25
327 28
328 21
329 29
330 29
331 29
332 25
333 26
334 38
335 29
336 29
337 29
338 29
339 21
340 26
341 26
342 33
343 35
344 25
345 35
346 21
347 26
348 26
349 26
350 26
351 34
352 31
353 30
354 24
355 33
356 32
357 26
358 35
359 33
360 25
361 26
362 30
363 25
364 26
365 30
366 30
367 25
368 23
369 30
370 31
371 22
372 31
373 23
374 32
375 29
376 18
377 30
378 23
379 22
380 30
381 19
382 34
383 32
384 26
385 25
386 17
387 32
388 24
389 28
390 19
391 23
392 27
393 34
394 26
395 29
396 27
397 27
398 19
399 30
400 25
401 23
402 25
403 30
404 24
405 27
406 24
407 33
408 27
409 25
410 38
411 30
412 27
413 34
414 29
415 28
416 21
417 26
418 35
419 36
420 28
421 31
422 25
423 26
424 21
425 37
426 33
427 27
428 18
429 22
430 29
431 22
432 25
433 25
434 22
435 27
436 21
437 30
438 26
439 30
440 24
441 27
442 28
443 26
444 36
445 27
446 22
447 37
448 25
449 30
450 27
451 20
452 34
453 25
454 20
455 17
456 22
457 32
458 26
459 30
460 20
461 26
462 24
463 29
464 34
465 27
466 24
467 37
468 28
469 36
470 28
471 21
472 35
473 24
474 23
475 21
476 22
477 25
478 26
479 25
480 30
481 42
482 34
483 30
484 25
485 24
486 27
487 18
488 24
489 28
490 34
491 24
492 38
493 26
494 25
495 33
496 27
497 21
498 29
499 21
500 21
501 22
502 35
503 25
504 28
505 29
506 21
507 29
508 44
509 20
510 27
511 30
512 23
513 26
514 21
515 21
516 25
517 21
518 23
519 29
520 26
521 22
522 19
523 23
524 25
525 31
526 25
527 26
528 28
529 18
530 20
531 28
532 33
533 18
534 27
535 25
536 32
537 22
538 29
539 35
540 27
541 25
542 26
543 12
544 28
545 39
546 29
547 32
548 31
549 24
550 21
551 26
552 24
553 14
554 33
555 24
556 24
557 17
558 30
559 22
560 28
561 30
562 25
563 31
564 28
565 26
566 32
567 29
568 19
569 21
570 27
571 26
572 22
573 24
574 33
575 23
576 30
577 30
578 20
579 21
580 22
581 28
582 33
583 21
584 29
585 23
586 25
587 22
588 26
589 32
590 29
591 32
592 26
593 26
594 20
595 28
596 26
597 17
598 22
599 32
600 28
601 21
602 22
603 29
604 21
605 19
606 23
607 33
608 20
609 28
610 27
611 30
612 31
613 25
614 32
615 30
616 31
617 22
618 21
619 21
620 21
621 30
622 21
623 22
624 24
625 24
626 32
627 23
628 25
629 27
630 23
631 29
632 30
633 24
634 29
635 24
636 31
637 21
638 25
639 30
640 26
641 24
642 27
643 24
644 26
645 24
646 27
647 27
648 29
649 20
650 36
651 28
652 33
653 22
654 25
655 38
656 21
657 23
658 25
659 27
660 28
661 21
662 28
663 24
664 22
665 24
666 35
667 23
668 24
669 28
670 23
671 32
672 25
673 26
674 23
675 29
676 27
677 28
678 25
679 30
680 30
681 27
682 28
683 30
684 23
685 30
686 27
687 28
688 28
689 28
690 28
691 33
692 24
693 29
694 33
695 29
696 30
697 30
698 26
699 19
700 32
701 35
702 24
703 24
704 28
705 22
706 17
707 31
708 34
709 42
710 28
711 28
712 21
713 29
714 25
715 23
716 33
717 29
718 24
719 23
720 25
721 23
722 27
723 26
724 29
725 27
726 33
727 25
728 27
729 30
730 33
731 34
732 33
733 23
734 25
735 18
736 26
737 32
738 32
739 23
740 21
741 30
742 24
743 32
744 33
745 19
746 36
747 34
748 31
749 32
750 28
751 27
752 30
753 26
754 26
755 32
756 18
757 19
758 29
759 31
760 25
761 37
762 26
763 17
764 27
765 29
766 22
767 27
768 29
769 25
770 29
771 37
772 19
773 26
774 28
775 23
776 26
777 34
778 22
779 27
780 33
781 31
782 32
783 26
784 33
785 24
786 26
787 19
788 30
789 23
790 21
791 22
792 30
793 28
794 30
795 24
796 22
797 20
798 30
799 31
800 28
801 29
802 25
803 25
804 22
805 21
806 24
807 26
808 33
809 31
810 18
811 25
812 28
813 32
814 25
815 34
816 31
817 26
818 33
819 29
820 25
821 27
822 23
823 24
824 20
825 22
826 32
827 25
828 21
829 26
830 27
831 26
832 31
833 26
834 22
835 31
836 27
837 24
838 29
839 31
840 28
841 25
842 22
843 19
844 33
845 30
846 30
847 25
848 27
849 29
850 31
851 22
852 30
853 30
854 33
855 30
856 34
857 26
858 30
859 26
860 26
861 29
862 28
863 30
864 33
865 20
866 22
867 30
868 38
869 33
870 27
871 28
872 35
873 30
874 32
875 32
876 29
877 21
878 29
879 31
880 23
881 24
882 27
883 30
884 39
885 32
886 27
887 30
888 28
889 33
890 29
891 41
892 27
893 35
894 28
895 32
896 23
897 32
898 32
899 30
