0 29
1 25
2 33
3 27
4 27
5 24
6 21
7 28
8 26
9 26
10 25
11 27
12 28
13 30
14 21
15 22
16 21
17 27
18 19
19 31
20 28
21 28
22 17
23 25
24 29
25 21
26 24
27 31
28 29
29 29
30 30
31 20
32 32
33 24
34 34
35 26
36 26
37 22
38 26
39 22
40 27
41 22
42 29
43 27
44 22
45 22
46 25
47 27
48 21
49 30
50 27
51 22
52 27
53 26
54 28
55 25
56 31
57 21
58 20
59 21
60 29
61 20
62 28
63 28
64 25
65 27
66 27
67 22
68 26
69 22
70 22
71 25
72 24
73 27
74 22
75 32
76 28
77 25
78 28
79 22
80 23
81 20
82 27
83 21
84 18
85 29
86 23
87 21
88 22
89 27
90 26
91 26
92 26
93 23
94 22
95 29
96 28
97 28
98 21
99 24
100 32
101 23
102 22
103 23
104 25
105 25
106 26
107 30
108 21
109 29
110 23
111 25
112 25
113 30
114 25
115 30
116 29
117 26
118 25
119 25
120 32
121 27
122 35
123 26
124 27
125 27
126 22
127 34
128 31
129 24
130 26
131 23
132 24
133 31
134 28
135 32
136 29
137 23
138 24
139 26
140 26
141 28
142 17
143 27
144 22
145 27
146 18
147 23
148 22
149 27
150 27
151 19
152 30
153 33
154 24
155 35
156 29
157 22
158 20
159 25
160 25
161 29
162 32
163 28
164 26
165 28
166 26
167 23
168 30
169 28
170 34
171 26
172 20
173 33
174 24
175 32
176 19
177 23
178 24
179 29
180 27
181 26
182 25
183 25
184 28
185 35
186 28
187 23
188 24
189 24
190 20
191 31
192 24
193 31
194 22
195 21
196 27
197 32
198 31
199 27
200 31
201 27
202 22
203 23
204 26
205 31
206 20
207 36
208 20
209 23
210 29
211 28
212 29
213 29
214 14
215 23
216 24
217 34
218 26
219 31
220 25
221 21
222 24
223 25
224 26
225 23
226 27
227 26
228 27
229 31
230 25
231 25
232 24
233 28
234 33
235 24
236 24
237 22
238 29
239 18
240 33
241 21
242 23
243 31
244 26
245 22
246 29
247 22
248 32
249 26
250 29
251 24
252 27
253 26
254 26
255 26
256 24
257 22
258 23
259 26
260 25
261 31
262 25
263 23
264 25
265 30
266 22
267 29
268 27
269 35
270 30
271 19
272 29
273 25
274 29
275 22
276 26
277 22
278 28
279 23
280 34
281 28
282 27
283 27
284 23
285 31
286 32
287 25
288 24
289 28
290 26
291 24
292 26
293 24
294 26
295 23
296 27
297 20
298 30
299 23
300 18
301 26
302 27
303 23
304 34
305 23
306 29
307 25
308 29
309 28
310 31
311 30
312 20
313 24
314 28
315 24
316 25
317 20
318 31
319 27
320 22
321 22
322 23
323 28
324 19
325 26
326 29
327 23
328 24
329 30
330 25
331 33
332 25
333 25
334 28
335 23
336 22
337 20
338 26
339 34
340 20
341 22
342 24
343 32
344 27
345 33
346 29
347 35
348 35
349 29
350 26
351 28
352 19
353 26
354 23
355 30
356 33
357 34
358 25
359 21
360 25
361 30
362 27
363 28
364 23
365 29
366 30
367 27
368 23
369 29
370 28
371 33
372 26
373 27
374 23
375 19
376 21
377 20
378 24
379 29
380 25
381 29
382 29
383 31
384 32
385 24
386 22
387 27
388 28
389 30
390 24
391 32
392 26
393 21
394 26
395 24
396 22
397 22
398 27
399 20
400 23
401 33
402 26
403 25
404 26
405 26
406 32
407 23
408 25
409 19
410 23
411 24
412 30
413 35
414 23
415 30
416 29
417 26
418 22
419 36
420 24
421 24
422 23
423 27
424 30
425 25
426 25
427 27
428 29
429 28
430 25
431 27
432 23
433 23
434 18
435 25
436 23
437 31
438 25
439 24
440 28
441 25
442 28
443 17
444 26
445 24
446 24
447 28
448 26
449 28
450 27
451 31
452 30
453 23
454 24
455 23
456 22
457 21
458 25
459 27
460 24
461 26
462 30
463 21
464 30
465 24
466 26
467 31
468 24
469 27
470 27
471 16
472 28
473 22
474 28
475 30
476 26
477 27
478 22
479 26
480 26
481 21
482 24
483 25
484 28
485 22
486 23
487 36
488 23
489 27
490 31
491 26
492 20
493 24
494 26
495 26
496 23
497 27
498 24
499 27
500 30
501 23
502 29
503 25
504 26
505 29
506 17
507 29
508 23
509 27
510 25
511 25
512 24
513 24
514 30
515 29
516 26
517 29
518 20
519 27
520 31
521 29
522 26
523 30
524 29
525 24
526 23
527 26
528 27
529 25
530 23
531 24
532 28
533 22
534 25
535 22
536 25
537 24
538 36
539 31
540 28
541 27
542 23
543 25
544 27
545 28
546 20
547 21
548 35
549 25
550 25
551 22
552 23
553 17
554 25
555 24
556 27
557 24
558 24
559 26
560 31
561 24
562 24
563 25
564 27
565 25
566 27
567 29
568 25
569 21
570 29
571 25
572 24
573 29
574 25
575 28
576 25
577 19
578 26
579 28
580 25
581 22
582 27
583 28
584 28
585 29
586 22
587 31
588 24
589 30
590 25
591 25
592 29
593 23
594 19
595 30
596 25
597 24
598 28
599 29
600 28
601 25
602 28
603 21
604 27
605 21
606 27
607 21
608 23
609 34
610 29
611 29
612 26
613 33
614 25
615 29
616 23
617 19
618 27
619 25
620 24
621 25
622 27
623 26
624 31
625 30
626 24
627 25
628 30
629 25
630 21
631 25
632 28
633 27
634 24
635 22
636 26
637 27
638 34
639 31
640 21
641 22
642 30
643 35
644 29
645 27
646 25
647 29
648 22
649 25
650 28
651 29
652 21
653 24
654 31
655 32
656 32
657 26
658 31
659 27
660 32
661 23
662 23
663 28
664 26
665 24
666 20
667 26
668 24
669 28
670 25
671 26
672 32
673 27
674 19
675 24
676 24
677 28
678 27
679 24
680 22
681 28
682 23
683 25
684 30
685 24
686 23
687 22
688 29
689 24
690 27
691 30
692 32
693 30
694 31
695 30
696 27
697 24
698 27
699 22
700 27
701 31
702 24
703 26
704 25
705 25
706 22
707 25
708 23
709 29
710 26
711 32
712 20
713 31
714 28
715 24
716 28
717 26
718 26
719 24
720 24
721 21
722 23
723 23
724 31
725 26
726 27
727 22
728 27
729 31
730 27
731 28
732 29
733 24
734 27
735 25
736 29
737 28
738 24
739 34
740 27
741 26
742 24
743 33
744 26
745 23
746 31
747 26
748 25
749 28
750 24
751 28
752 16
753 20
754 22
755 19
756 22
757 25
758 30
759 22
760 25
761 25
762 29
763 25
764 24
765 26
766 22
767 25
768 30
769 24
770 32
771 35
772 22
773 23
774 27
775 28
776 23
777 27
778 21
779 27
780 30
781 21
782 29
783 29
784 28
785 23
786 30
787 31
788 27
789 25
790 29
791 25
792 22
793 29
794 27
795 30
796 18
797 25
798 35
799 24
800 24
801 30
802 25
803 28
804 21
805 22
806 24
807 30
808 23
809 26
810 32
811 17
812 24
813 28
814 25
815 22
816 27
817 32
818 25
819 28
820 29
821 26
822 24
823 20
824 27
825 25
826 26
827 28
828 26
829 30
830 31
831 23
832 24
833 27
834 33
835 24
836 26
837 27
838 21
839 24
840 29
841 32
842 28
843 27
844 27
845 25
846 23
847 31
848 24
849 26
850 22
851 26
852 29
853 26
854 18
855 23
856 27
857 25
858 20
859 27
860 26
861 25
862 30
863 28
864 27
865 30
866 28
867 28
868 17
869 36
870 23
871 28
872 29
873 24
874 27
875 23
876 27
877 31
878 27
879 23
880 25
881 26
882 24
883 27
884 25
885 26
886 29
887 18
888 20
889 26
890 26
891 29
892 28
893 25
894 24
895 25
896 35
897 24
898 29
899 26
900 25
901 33
902 27
903 26
904 25
905 31
906 25
907 28
908 22
909 23
910 23
911 25
912 32
913 32
914 26
915 24
916 23
917 21
918 33
919 25
920 30
921 30
922 31
923 26
924 30
925 17
926 24
927 32
928 31
929 27
930 26
931 31
932 28
933 20
934 25
935 26
936 26
937 27
938 31
939 29
940 29
941 28
942 25
943 29
944 27
945 25
946 25
947 21
948 22
949 25
950 29
951 28
952 26
953 27
954 32
955 29
956 28
957 33
958 21
959 20
960 32
961 25
962 25
963 22
964 24
965 26
966 27
967 28
968 31
969 32
970 19
971 21
972 27
973 30
974 30
975 27
976 24
977 27
978 29
979 31
980 26
981 25
982 23
983 26
984 21
985 23
986 26
987 33
988 24
989 24
990 26
991 26
992 22
993 27
994 27
995 24
996 28
997 29
998 32
999 28
