0 37
1 33
2 30
3 27
4 36
5 22
6 30
7 30
8 35
9 27
10 28
11 24
12 35
13 25
14 28
15 33
16 33
17 38
18 24
19 27
20 25
21 30
22 29
23 28
24 28
25 36
26 37
27 31
28 27
29 24
30 28
31 25
32 29
33 28
34 25
35 37
36 24
37 31
38 27
39 38
40 25
41 31
42 28
43 28
44 26
45 33
46 33
47 30
48 27
49 29
50 25
51 37
52 34
53 33
54 24
55 29
56 22
57 43
58 28
59 28
60 32
61 29
62 30
63 30
64 31
65 34
66 22
67 32
68 28
69 31
70 30
71 25
72 35
73 28
74 27
75 27
76 30
77 35
78 25
79 35
80 23
81 29
82 32
83 23
84 29
85 25
86 31
87 23
88 33
89 30
90 23
91 38
92 37
93 24
94 31
95 30
96 25
97 25
98 36
99 31
100 32
101 39
102 31
103 41
104 30
105 30
106 33
107 26
108 28
109 39
110 29
111 38
112 29
113 24
114 39
115 30
116 28
117 41
118 32
119 22
120 30
121 24
122 40
123 33
124 40
125 36
126 34
127 27
128 28
129 26
130 30
131 32
132 36
133 36
134 34
135 20
136 28
137 35
138 36
139 28
140 23
141 23
142 34
143 26
144 22
145 25
146 34
147 31
148 32
149 24
150 34
151 32
152 22
153 31
154 34
155 31
156 26
157 26
158 28
159 30
160 20
161 30
162 27
163 22
164 32
165 40
166 41
167 36
168 37
169 39
170 31
171 41
172 33
173 40
174 34
175 32
176 29
177 32
178 33
179 27
180 22
181 29
182 40
183 29
184 35
185 33
186 34
187 26
188 29
189 23
190 26
191 26
192 37
193 34
194 29
195 30
196 31
197 31
198 26
199 37
200 37
201 25
202 26
203 40
204 27
205 32
206 30
207 28
208 30
209 35
210 33
211 23
212 21
213 29
214 31
215 36
216 39
217 38
218 25
219 30
220 32
221 33
222 23
223 37
224 28
225 31
226 27
227 38
228 26
229 29
230 36
231 36
232 25
233 22
234 42
235 30
236 32
237 32
238 35
239 26
240 24
241 25
242 25
243 36
244 31
245 31
246 26
247 41
248 27
249 30
250 34
251 36
252 27
253 29
254 25
255 34
256 31
257 38
258 35
259 34
260 29
261 19
262 27
263 28
264 31
265 33
266 34
267 38
268 29
269 31
270 29
271 31
272 34
273 29
274 31
275 30
276 32
277 21
278 25
279 18
280 29
281 31
282 38
283 34
284 36
285 30
286 27
287 36
288 27
289 35
290 29
291 30
292 35
293 22
294 28
295 29
296 28
297 30
298 30
299 31
300 27
301 30
302 24
303 35
304 28
305 39
306 32
307 37
308 31
309 42
310 34
311 36
312 24
313 31
314 36
315 26
316 36
317 30
318 42
319 32
320 37
321 39
322 28
323 34
324 33
325 29
326 41
327 32
328 42
329 33
330 31
331 38
332 31
333 31
334 35
335 27
336 32
337 26
338 30
339 28
340 33
341 19
342 32
343 28
344 25
345 26
346 29
347 29
348 17
349 33
350 34
351 41
352 39
353 32
354 33
355 34
356 28
357 33
358 23
359 31
360 26
361 34
362 39
363 36
364 35
365 25
366 27
367 27
368 31
369 32
370 30
371 27
372 24
373 28
374 34
375 19
376 32
377 27
378 36
379 27
380 25
381 29
382 32
383 28
384 30
385 34
386 34
387 29
388 33
389 29
390 28
391 33
392 26
393 24
394 27
395 31
396 40
397 26
398 31
399 30
400 29
401 25
402 34
403 28
404 32
405 38
406 39
407 32
408 33
409 41
410 33
411 28
412 29
413 27
414 27
415 30
416 26
417 33
418 26
419 27
420 31
421 35
422 29
423 26
424 25
425 27
426 37
427 31
428 29
429 32
430 28
431 33
432 33
433 31
434 34
435 26
436 33
437 23
438 40
439 32
440 39
441 31
442 28
443 27
444 23
445 31
446 32
447 37
448 19
449 33
450 34
451 31
452 26
453 30
454 37
455 28
456 36
457 34
458 31
459 29
460 30
461 31
462 28
463 41
464 35
465 30
466 32
467 33
468 15
469 26
470 24
471 31
472 44
473 25
474 32
475 30
476 25
477 42
478 24
479 41
480 28
481 33
482 24
483 35
484 30
485 31
486 25
487 23
488 25
489 28
490 31
491 24
492 33
493 29
494 30
495 23
496 22
497 25
498 30
499 36
