0 31
1 32
2 21
3 27
4 34
5 28
6 31
7 31
8 40
9 35
10 27
11 32
12 29
13 33
14 38
15 30
16 34
17 29
18 26
19 23
20 21
21 32
22 24
23 30
24 21
25 35
26 20
27 25
28 23
29 30
30 37
31 23
32 27
33 32
34 27
35 31
36 29
37 26
38 28
39 33
40 32
41 28
42 28
43 30
44 27
45 36
46 27
47 31
48 27
49 26
50 37
51 28
52 35
53 23
54 30
55 35
56 26
57 29
58 22
59 34
60 26
61 21
62 30
63 22
64 34
65 35
66 23
67 31
68 34
69 28
70 34
71 30
72 36
73 27
74 37
75 14
76 31
77 22
78 26
79 38
80 31
81 31
82 31
83 29
84 39
85 40
86 36
87 26
88 17
89 27
90 34
91 34
92 43
93 28
94 30
95 35
96 26
97 31
98 22
99 32
100 32
101 29
102 32
103 32
104 27
105 31
106 28
107 22
108 37
109 29
110 41
111 21
112 25
113 29
114 35
115 40
116 35
117 35
118 33
119 28
120 29
121 36
122 22
123 27
124 33
125 38
126 37
127 27
128 35
129 32
130 37
131 27
132 34
133 34
134 35
135 29
136 30
137 32
138 35
139 25
140 33
141 31
142 35
143 42
144 36
145 27
146 31
147 36
148 27
149 35
150 33
151 23
152 39
153 28
154 31
155 29
156 33
157 34
158 32
159 25
160 24
161 28
162 25
163 30
164 36
165 29
166 35
167 27
168 32
169 26
170 25
171 30
172 33
173 34
174 32
175 28
176 30
177 32
178 26
179 27
180 27
181 35
182 34
183 25
184 32
185 36
186 29
187 34
188 17
189 36
190 34
191 28
192 21
193 29
194 34
195 37
196 34
197 26
198 30
199 26
200 35
201 28
202 36
203 35
204 30
205 32
206 38
207 26
208 40
209 22
210 24
211 36
212 28
213 30
214 30
215 38
216 29
217 19
218 32
219 34
220 34
221 24
222 27
223 29
224 27
225 31
226 33
227 29
228 26
229 31
230 31
231 25
232 32
233 29
234 32
235 31
236 34
237 25
238 28
239 38
240 42
241 32
242 35
243 28
244 39
245 29
246 32
247 35
248 27
249 35
250 26
251 31
252 20
253 36
254 36
255 24
256 32
257 29
258 32
259 30
260 27
261 29
262 33
263 23
264 29
265 30
266 26
267 35
268 32
269 34
270 34
271 34
272 21
273 22
274 30
275 38
276 33
277 28
278 30
279 32
280 28
281 30
282 34
283 31
284 25
285 35
286 33
287 28
288 29
289 30
290 26
291 30
292 34
293 31
294 24
295 29
296 24
297 22
298 31
299 24
300 32
301 39
302 31
303 29
304 35
305 32
306 28
307 24
308 26
309 39
310 31
311 23
312 30
313 35
314 28
315 29
316 34
317 25
318 33
319 29
320 18
321 31
322 33
323 27
324 30
325 30
326 29
327 28
328 32
329 31
330 31
331 32
332 25
333 26
334 32
335 34
336 25
337 33
338 28
339 29
340 34
341 34
342 35
343 30
344 26
345 34
346 35
347 33
348 26
349 37
350 27
351 31
352 34
353 35
354 30
355 30
356 31
357 30
358 32
359 31
360 31
361 26
362 33
363 38
364 28
365 27
366 32
367 29
368 31
369 29
370 40
371 35
372 34
373 30
374 30
375 33
376 28
377 29
378 27
379 32
380 36
381 28
382 38
383 19
384 24
385 29
386 24
387 32
388 34
389 31
390 38
391 27
392 37
393 28
394 33
395 35
396 32
397 31
398 24
399 26
400 31
401 32
402 36
403 35
404 33
405 32
406 33
407 25
408 34
409 23
410 32
411 26
412 33
413 29
414 22
415 32
416 28
417 24
418 31
419 26
420 28
421 28
422 28
423 24
424 36
425 33
426 32
427 23
428 33
429 31
430 27
431 24
432 34
433 27
434 34
435 38
436 24
437 31
438 25
439 35
440 30
441 29
442 26
443 29
444 29
445 39
446 31
447 34
448 31
449 31
450 29
451 33
452 27
453 24
454 37
455 38
456 33
457 28
458 19
459 33
460 37
461 41
462 29
463 35
464 31
465 35
466 27
467 38
468 31
469 33
470 25
471 33
472 23
473 30
474 32
475 39
476 33
477 34
478 28
479 29
480 39
481 38
482 26
483 29
484 30
485 25
486 34
487 28
488 26
489 20
490 28
491 21
492 26
493 34
494 24
495 31
496 34
497 34
498 27
499 27
