0 29
1 21
2 26
3 41
4 32
5 30
6 15
7 28
8 34
9 25
10 30
11 20
12 35
13 28
14 28
15 26
16 25
17 23
18 35
19 32
20 37
21 35
22 32
23 32
24 21
25 26
26 28
27 32
28 24
29 21
30 24
31 18
32 37
33 19
34 29
35 28
36 24
37 17
38 23
39 28
40 21
41 26
42 22
43 18
44 30
45 28
46 34
47 29
48 24
49 23
50 24
51 23
52 22
53 24
54 24
55 27
56 33
57 30
58 33
59 23
60 25
61 24
62 30
63 25
64 24
65 28
66 28
67 23
68 28
69 29
70 25
71 26
72 29
73 31
74 19
75 25
76 22
77 30
78 23
79 28
80 23
81 30
82 25
83 28
84 33
85 39
86 27
87 33
88 24
89 29
90 23
91 30
92 28
93 24
94 27
95 25
96 19
97 30
98 28
99 29
100 19
101 27
102 30
103 25
104 27
105 26
106 33
107 34
108 27
109 24
110 25
111 31
112 32
113 30
114 36
115 31
116 37
117 31
118 27
119 27
120 22
121 29
122 29
123 31
124 24
125 33
126 35
127 27
128 21
129 32
130 31
131 31
132 28
133 25
134 25
135 32
136 19
137 27
138 32
139 23
140 26
141 29
142 31
143 23
144 25
145 28
146 22
147 31
148 29
149 23
150 20
151 18
152 38
153 28
154 27
155 32
156 25
157 20
158 21
159 19
160 28
161 28
162 18
163 25
164 19
165 28
166 28
167 15
168 39
169 28
170 24
171 23
172 25
173 28
174 34
175 17
176 31
177 32
178 33
179 15
180 25
181 25
182 29
183 24
184 33
185 35
186 32
187 25
188 23
189 29
190 22
191 24
192 24
193 17
194 24
195 22
196 28
197 32
198 26
199 36
200 24
201 19
202 24
203 27
204 17
205 26
206 22
207 26
208 24
209 22
210 18
211 33
212 24
213 23
214 33
215 26
216 25
217 22
218 25
219 25
220 25
221 28
222 21
223 33
224 18
225 29
226 33
227 31
228 23
229 20
230 25
231 29
232 22
233 29
234 24
235 25
236 20
237 23
238 23
239 15
240 32
241 28
242 20
243 27
244 38
245 23
246 21
247 33
248 36
249 27
250 27
251 24
252 20
253 26
254 33
255 26
256 31
257 31
258 36
259 26
260 20
261 22
262 18
263 34
264 25
265 28
266 26
267 23
268 26
269 30
270 22
271 42
272 30
273 33
274 26
275 20
276 23
277 32
278 29
279 35
280 29
281 26
282 32
283 19
284 25
285 26
286 26
287 27
288 22
289 29
290 25
291 37
292 29
293 32
294 28
295 21
296 28
297 29
298 22
299 26
300 40
301 31
302 31
303 34
304 22
305 36
306 27
307 28
308 27
309 25
310 19
311 37
312 26
313 29
314 19
315 33
316 24
317 40
318 26
319 21
320 27
321 30
322 25
323 36
324 26
325 25
326 25
327 22
328 25
329 16
330 37
331 33
332 23
333 28
334 27
335 23
336 26
337 32
338 32
339 34
340 30
341 33
342 28
343 32
344 26
345 25
346 33
347 31
348 24
349 28
350 25
351 28
352 25
353 31
354 27
355 27
356 37
357 36
358 15
359 27
360 25
361 26
362 25
363 25
364 28
365 27
366 36
367 27
368 28
369 20
370 26
371 31
372 22
373 29
374 23
375 34
376 31
377 32
378 33
379 20
380 28
381 30
382 13
383 25
384 23
385 17
386 24
387 24
388 27
389 21
390 28
391 24
392 33
393 34
394 32
395 29
396 27
397 25
398 27
399 29
400 21
401 27
402 27
403 17
404 23
405 28
406 28
407 19
408 20
409 21
410 26
411 28
412 24
413 26
414 27
415 27
416 32
417 24
418 28
419 23
420 33
421 22
422 21
423 27
424 25
425 23
426 21
427 20
428 30
429 27
430 27
431 31
432 27
433 22
434 36
435 31
436 22
437 26
438 31
439 23
440 20
441 21
442 22
443 30
444 29
445 27
446 27
447 32
448 22
449 23
450 26
451 35
452 27
453 28
454 25
455 23
456 24
457 25
458 24
459 28
460 31
461 19
462 21
463 19
464 21
465 26
466 29
467 40
468 25
469 28
470 19
471 20
472 24
473 25
474 31
475 33
476 17
477 30
478 21
479 30
480 29
481 30
482 29
483 23
484 21
485 28
486 26
487 27
488 16
489 26
490 31
491 42
492 34
493 28
494 32
495 46
496 27
497 27
498 28
499 24
500 27
501 24
502 26
503 27
504 25
505 29
506 24
507 32
508 26
509 27
510 27
511 32
512 23
513 26
514 28
515 28
516 15
517 26
518 27
519 27
520 29
521 29
522 34
523 12
524 18
525 24
526 32
527 28
528 21
529 33
530 20
531 25
532 24
533 31
534 37
535 22
536 23
537 27
538 24
539 25
540 15
541 29
542 29
543 22
544 33
545 28
546 33
547 23
548 31
549 16
550 26
551 34
552 29
553 32
554 37
555 28
556 23
557 36
558 28
559 32
560 41
561 27
562 26
563 26
564 19
565 30
566 34
567 25
568 23
569 24
570 16
571 22
572 31
573 29
574 20
575 32
576 22
577 30
578 18
579 33
580 35
581 26
582 35
583 26
584 28
585 31
586 19
587 30
588 27
589 22
590 29
591 38
592 22
593 24
594 30
595 24
596 21
597 31
598 29
599 32
600 30
601 29
602 29
603 27
604 20
605 22
606 24
607 31
608 24
609 30
610 31
611 29
612 25
613 23
614 28
615 29
616 31
617 26
618 28
619 26
620 21
621 37
622 27
623 20
624 34
625 32
626 32
627 34
628 29
629 26
630 27
631 30
632 34
633 23
634 25
635 22
636 24
637 29
638 31
639 39
640 31
641 33
642 31
643 24
644 22
645 20
646 34
647 22
648 26
649 27
650 24
651 30
652 30
653 25
654 25
655 23
656 33
657 34
658 26
659 25
660 27
661 22
662 25
663 33
664 30
665 34
666 36
667 26
668 33
669 29
670 29
671 32
672 25
673 25
674 27
675 26
676 33
677 28
678 23
679 25
680 30
681 41
682 34
683 28
684 24
685 25
686 35
687 26
688 25
689 19
690 28
691 28
692 19
693 25
694 32
695 17
696 27
697 31
698 25
699 32
700 28
701 27
702 32
703 23
704 29
705 20
706 27
707 30
708 19
709 30
710 20
711 18
712 37
713 33
714 24
715 25
716 28
717 28
718 30
719 32
720 28
721 35
722 31
723 23
724 23
725 33
726 35
727 26
728 22
729 24
730 32
731 27
732 25
733 29
734 27
735 35
736 21
737 27
738 23
739 26
740 24
741 36
742 32
743 25
744 31
745 30
746 23
747 23
748 27
749 30
750 27
751 28
752 22
753 21
754 23
755 24
756 29
757 24
758 41
759 26
760 29
761 37
762 15
763 28
764 31
765 23
766 18
767 25
768 31
769 20
770 24
771 24
772 21
773 34
774 25
775 24
776 21
777 27
778 24
779 25
780 26
781 24
782 33
783 30
784 26
785 32
786 35
787 28
788 31
789 31
790 26
791 32
792 26
793 27
794 25
795 33
796 25
797 30
798 26
799 23
