0 1
0 2
0 3
0 4
0 5
0 6
0 7
0 8
0 9
0 10
0 11
0 12
0 13
0 14
0 15
0 16
0 17
0 18
0 20
0 24
0 28
0 30
0 38
0 43
0 45
0 49
0 53
0 57
0 59
0 61
0 62
0 64
0 73
0 79
0 81
0 82
0 84
0 85
0 87
0 91
0 93
0 96
0 97
0 98
0 100
0 107
0 111
0 124
0 126
0 139
0 140
0 141
0 143
0 151
0 171
0 173
0 184
0 221
0 234
0 235
0 240
0 253
0 274
0 278
0 281
0 288
0 298
0 299
0 321
0 328
0 339
0 347
0 373
0 374
0 375
0 391
0 410
0 414
0 431
0 435
0 438
0 448
0 483
0 510
0 533
0 553
0 562
0 570
0 583
0 586
0 593
0 598
1 0
1 2
1 3
1 4
1 5
1 6
1 7
1 8
1 9
1 10
1 11
1 12
1 13
1 14
1 16
1 19
1 21
1 22
1 24
1 25
1 33
1 38
1 40
1 47
1 50
1 60
1 62
1 64
1 68
1 70
1 71
1 72
1 77
1 78
1 80
1 84
1 86
1 90
1 95
1 103
1 108
1 127
1 132
1 142
1 145
1 146
1 147
1 159
1 160
1 163
1 164
1 171
1 173
1 174
1 180
1 189
1 193
1 195
1 204
1 214
1 218
1 222
1 226
1 257
1 260
1 262
1 269
1 280
1 289
1 294
1 298
1 300
1 311
1 322
1 327
1 335
1 339
1 346
1 359
1 370
1 376
1 378
1 381
1 415
1 424
1 427
1 430
1 432
1 460
1 467
1 468
1 472
1 476
1 490
1 507
1 531
1 541
1 544
1 549
1 553
1 559
1 581
2 0
2 1
2 3
2 4
2 5
2 6
2 7
2 8
2 9
2 10
2 11
2 12
2 13
2 14
2 17
2 19
2 20
2 21
2 25
2 27
2 28
2 29
2 31
2 39
2 42
2 43
2 45
2 46
2 51
2 54
2 60
2 69
2 71
2 82
2 93
2 94
2 98
2 112
2 118
2 130
2 132
2 133
2 139
2 152
2 170
2 173
2 174
2 186
2 191
2 223
2 224
2 229
2 237
2 242
2 247
2 263
2 274
2 276
2 284
2 310
2 312
2 332
2 350
2 365
2 367
2 376
2 390
2 400
2 441
2 449
2 450
2 462
2 482
2 485
2 498
2 521
2 558
2 584
2 591
3 0
3 1
3 2
3 4
3 5
3 6
3 7
3 8
3 9
3 10
3 11
3 12
3 13
3 14
3 15
3 19
3 21
3 22
3 23
3 24
3 26
3 29
3 32
3 33
3 34
3 35
3 36
3 40
3 43
3 44
3 47
3 49
3 50
3 51
3 55
3 57
3 58
3 59
3 60
3 61
3 63
3 71
3 76
3 78
3 80
3 83
3 87
3 88
3 92
3 93
3 98
3 100
3 101
3 106
3 107
3 108
3 114
3 115
3 117
3 118
3 122
3 131
3 137
3 140
3 142
3 154
3 155
3 163
3 165
3 167
3 184
3 198
3 213
3 217
3 219
3 220
3 222
3 223
3 225
3 226
3 233
3 251
3 254
3 270
3 271
3 276
3 285
3 308
3 317
3 326
3 329
3 330
3 335
3 343
3 346
3 352
3 354
3 373
3 411
3 414
3 416
3 418
3 420
3 424
3 432
3 440
3 444
3 455
3 483
3 492
3 493
3 506
3 511
3 513
3 515
3 525
3 527
3 548
3 568
4 0
4 1
4 2
4 3
4 5
4 6
4 7
4 8
4 9
4 10
4 11
4 12
4 13
4 15
4 16
4 17
4 18
4 19
4 20
4 21
4 22
4 23
4 24
4 28
4 29
4 34
4 35
4 38
4 46
4 48
4 49
4 55
4 58
4 66
4 69
4 73
4 74
4 76
4 86
4 87
4 90
4 91
4 95
4 97
4 104
4 108
4 110
4 112
4 120
4 123
4 132
4 134
4 136
4 140
4 143
4 144
4 162
4 166
4 172
4 185
4 187
4 190
4 196
4 199
4 200
4 207
4 213
4 218
4 222
4 227
4 238
4 240
4 245
4 247
4 251
4 259
4 287
4 291
4 295
4 305
4 306
4 313
4 315
4 316
4 318
4 329
4 339
4 347
4 348
4 349
4 354
4 374
4 399
4 416
4 439
4 459
4 463
4 466
4 487
4 524
4 541
4 548
4 562
4 568
4 593
4 594
4 597
5 0
5 1
5 2
5 3
5 4
5 6
5 7
5 8
5 9
5 10
5 11
5 13
5 14
5 15
5 16
5 17
5 18
5 19
5 20
5 21
5 26
5 27
5 28
5 29
5 33
5 34
5 37
5 39
5 50
5 55
5 57
5 66
5 67
5 70
5 72
5 80
5 82
5 86
5 87
5 88
5 92
5 94
5 95
5 97
5 109
5 112
5 113
5 119
5 133
5 145
5 149
5 152
5 161
5 171
5 192
5 202
5 206
5 207
5 210
5 212
5 219
5 222
5 224
5 229
5 230
5 231
5 232
5 238
5 244
5 247
5 248
5 267
5 278
5 289
5 291
5 295
5 296
5 310
5 318
5 320
5 321
5 325
5 327
5 328
5 339
5 341
5 343
5 348
5 349
5 351
5 357
5 358
5 360
5 382
5 393
5 396
5 421
5 422
5 425
5 436
5 441
5 447
5 448
5 471
5 486
5 488
5 516
5 526
5 544
5 548
5 553
5 561
5 571
5 572
5 574
5 592
6 0
6 1
6 2
6 3
6 4
6 5
6 7
6 8
6 9
6 10
6 11
6 12
6 13
6 16
6 17
6 18
6 20
6 23
6 24
6 25
6 27
6 31
6 33
6 34
6 35
6 37
6 39
6 41
6 42
6 43
6 44
6 45
6 46
6 47
6 49
6 52
6 54
6 55
6 63
6 68
6 73
6 75
6 80
6 81
6 84
6 91
6 99
6 105
6 109
6 112
6 123
6 132
6 133
6 134
6 136
6 138
6 141
6 142
6 149
6 150
6 156
6 160
6 161
6 163
6 166
6 168
6 170
6 172
6 178
6 187
6 188
6 190
6 195
6 197
6 198
6 205
6 217
6 226
6 233
6 236
6 239
6 241
6 242
6 245
6 246
6 251
6 257
6 258
6 261
6 266
6 276
6 282
6 287
6 292
6 293
6 299
6 301
6 312
6 314
6 319
6 322
6 323
6 324
6 325
6 331
6 337
6 345
6 349
6 360
6 364
6 368
6 377
6 393
6 397
6 405
6 417
6 429
6 438
6 439
6 440
6 449
6 453
6 458
6 459
6 474
6 489
6 490
6 493
6 498
6 504
6 506
6 512
6 532
6 538
6 546
6 547
6 550
6 551
6 555
6 564
6 577
6 581
6 590
7 0
7 1
7 2
7 3
7 4
7 5
7 6
7 8
7 9
7 10
7 11
7 12
7 14
7 15
7 16
7 18
7 19
7 20
7 21
7 22
7 25
7 26
7 30
7 33
7 37
7 41
7 43
7 48
7 49
7 54
7 66
7 73
7 88
7 98
7 99
7 103
7 105
7 106
7 109
7 114
7 115
7 118
7 121
7 143
7 144
7 155
7 160
7 182
7 184
7 186
7 189
7 192
7 196
7 203
7 205
7 230
7 243
7 246
7 256
7 266
7 268
7 272
7 276
7 294
7 337
7 340
7 342
7 354
7 360
7 363
7 364
7 372
7 385
7 395
7 399
7 407
7 420
7 432
7 433
7 434
7 445
7 451
7 465
7 473
7 478
7 479
7 509
7 532
7 536
7 539
7 564
7 572
7 576
7 583
7 589
7 591
7 592
8 0
8 1
8 2
8 3
8 4
8 5
8 6
8 7
8 9
8 10
8 11
8 12
8 13
8 14
8 15
8 16
8 17
8 18
8 22
8 24
8 26
8 27
8 29
8 30
8 32
8 33
8 36
8 38
8 40
8 43
8 44
8 48
8 49
8 50
8 56
8 58
8 59
8 61
8 64
8 65
8 70
8 82
8 86
8 89
8 90
8 91
8 92
8 96
8 98
8 103
8 106
8 129
8 131
8 134
8 144
8 146
8 149
8 151
8 166
8 209
8 212
8 246
8 255
8 258
8 288
8 293
8 298
8 303
8 306
8 319
8 322
8 328
8 345
8 368
8 375
8 380
8 383
8 385
8 386
8 395
8 396
8 414
8 422
8 474
8 492
8 494
8 517
8 530
9 0
9 1
9 2
9 3
9 4
9 5
9 6
9 7
9 8
9 10
9 11
9 13
9 14
9 15
9 16
9 19
9 24
9 27
9 28
9 33
9 37
9 38
9 39
9 48
9 50
9 51
9 52
9 55
9 61
9 64
9 69
9 81
9 90
9 101
9 103
9 104
9 116
9 117
9 118
9 119
9 129
9 136
9 138
9 144
9 146
9 153
9 167
9 178
9 183
9 187
9 194
9 212
9 215
9 216
9 244
9 259
9 260
9 275
9 277
9 285
9 306
9 310
9 311
9 345
9 358
9 359
9 371
9 379
9 407
9 433
9 474
9 480
9 484
9 488
9 526
9 537
9 542
9 552
9 561
9 563
9 568
9 580
10 0
10 1
10 2
10 3
10 4
10 5
10 6
10 7
10 8
10 9
10 12
10 14
10 17
10 18
10 20
10 22
10 23
10 30
10 36
10 51
10 53
10 60
10 74
10 81
10 84
10 87
10 89
10 97
10 109
10 117
10 118
10 154
10 155
10 156
10 176
10 183
10 190
10 197
10 203
10 215
10 225
10 228
10 232
10 243
10 248
10 273
10 299
10 307
10 311
10 312
10 314
10 316
10 338
10 342
10 343
10 352
10 357
10 359
10 373
10 375
10 387
10 392
10 402
10 413
10 414
10 424
10 425
10 443
10 453
10 459
10 471
10 521
10 534
10 535
10 555
11 0
11 1
11 2
11 3
11 4
11 5
11 6
11 7
11 8
11 9
11 12
11 13
11 15
11 16
11 17
11 20
11 21
11 23
11 25
11 27
11 28
11 30
11 35
11 36
11 38
11 45
11 47
11 53
11 54
11 55
11 57
11 62
11 63
11 66
11 69
11 71
11 75
11 76
11 81
11 96
11 97
11 100
11 102
11 108
11 111
11 113
11 119
11 120
11 122
11 134
11 142
11 146
11 151
11 158
11 166
11 179
11 180
11 182
11 197
11 198
11 202
11 216
11 229
11 230
11 247
11 258
11 275
11 280
11 307
11 312
11 328
11 334
11 352
11 363
11 371
11 373
11 420
11 422
11 460
11 484
11 503
11 510
11 513
12 0
12 1
12 2
12 3
12 4
12 6
12 7
12 8
12 10
12 11
12 14
12 19
12 20
12 21
12 23
12 24
12 26
12 40
12 41
12 48
12 51
12 52
12 62
12 63
12 66
12 68
12 69
12 74
12 75
12 77
12 82
12 93
12 98
12 99
12 100
12 103
12 107
12 108
12 114
12 124
12 132
12 138
12 165
12 173
12 177
12 182
12 197
12 216
12 218
12 237
12 240
12 251
12 261
12 265
12 266
12 277
12 319
12 341
12 386
12 401
12 417
12 418
12 438
12 446
12 455
12 462
12 528
12 529
12 564
12 595
13 0
13 1
13 2
13 3
13 4
13 5
13 6
13 8
13 9
13 11
13 15
13 18
13 20
13 23
13 25
13 26
13 27
13 28
13 30
13 32
13 35
13 36
13 41
13 45
13 48
13 60
13 65
13 78
13 94
13 103
13 115
13 117
13 121
13 129
13 130
13 131
13 132
13 139
13 141
13 147
13 150
13 170
13 176
13 180
13 200
13 208
13 229
13 231
13 241
13 243
13 249
13 283
13 297
13 306
13 317
13 327
13 336
13 337
13 358
13 360
13 386
13 416
13 432
13 446
13 449
13 458
13 482
13 513
13 565
13 596
14 0
14 1
14 2
14 3
14 5
14 7
14 8
14 9
14 10
14 12
14 15
14 16
14 19
14 34
14 37
14 39
14 40
14 44
14 45
14 50
14 57
14 58
14 61
14 69
14 71
14 79
14 86
14 90
14 115
14 118
14 122
14 125
14 132
14 135
14 141
14 144
14 149
14 154
14 155
14 168
14 169
14 170
14 178
14 199
14 235
14 271
14 291
14 299
14 302
14 332
14 369
14 408
14 423
14 431
14 435
14 446
14 452
14 458
14 478
14 495
14 511
14 529
14 549
14 550
14 573
14 593
15 0
15 3
15 4
15 5
15 7
15 8
15 9
15 11
15 13
15 14
15 17
15 18
15 19
15 21
15 22
15 23
15 25
15 26
15 28
15 29
15 30
15 34
15 39
15 54
15 61
15 62
15 63
15 65
15 77
15 102
15 105
15 112
15 116
15 146
15 148
15 151
15 182
15 190
15 193
15 199
15 211
15 214
15 223
15 229
15 230
15 247
15 251
15 259
15 263
15 265
15 275
15 278
15 279
15 290
15 292
15 293
15 326
15 334
15 336
15 412
15 418
15 428
15 435
15 437
15 438
15 466
15 485
15 527
15 595
16 0
16 1
16 4
16 5
16 6
16 7
16 8
16 9
16 11
16 14
16 17
16 18
16 22
16 26
16 27
16 29
16 31
16 32
16 36
16 39
16 40
16 41
16 42
16 47
16 48
16 49
16 58
16 62
16 67
16 74
16 84
16 100
16 104
16 116
16 117
16 125
16 147
16 178
16 182
16 187
16 188
16 216
16 221
16 239
16 248
16 258
16 267
16 282
16 288
16 336
16 351
16 353
16 381
16 388
16 390
16 397
16 399
16 418
16 419
16 433
16 477
16 480
16 489
16 504
16 519
16 524
16 534
16 543
16 547
16 559
16 569
16 571
16 578
16 588
17 0
17 2
17 4
17 5
17 6
17 8
17 10
17 11
17 15
17 16
17 23
17 28
17 31
17 32
17 37
17 39
17 44
17 49
17 50
17 52
17 56
17 63
17 64
17 65
17 68
17 71
17 75
17 82
17 83
17 90
17 96
17 108
17 110
17 127
17 144
17 151
17 154
17 186
17 208
17 217
17 228
17 235
17 244
17 248
17 252
17 256
17 260
17 268
17 269
17 291
17 295
17 302
17 323
17 392
17 410
17 413
17 425
17 434
17 439
17 445
17 452
17 460
17 495
17 501
17 537
17 539
17 542
17 549
17 563
17 571
17 580
17 582
18 0
18 4
18 5
18 6
18 7
18 8
18 10
18 13
18 15
18 16
18 26
18 30
18 36
18 46
18 48
18 56
18 58
18 70
18 72
18 85
18 95
18 101
18 112
18 135
18 138
18 158
18 186
18 191
18 212
18 216
18 233
18 234
18 238
18 240
18 244
18 252
18 262
18 286
18 300
18 303
18 317
18 325
18 345
18 362
18 371
18 384
18 434
18 465
18 468
18 498
18 520
18 578
19 1
19 2
19 3
19 4
19 5
19 7
19 9
19 12
19 14
19 15
19 22
19 28
19 29
19 31
19 41
19 42
19 49
19 59
19 66
19 69
19 72
19 74
19 77
19 111
19 117
19 124
19 126
19 135
19 137
19 149
19 154
19 166
19 187
19 208
19 225
19 240
19 246
19 248
19 249
19 250
19 272
19 281
19 343
19 365
19 438
19 457
19 588
20 0
20 2
20 4
20 5
20 6
20 7
20 10
20 11
20 12
20 13
20 21
20 22
20 30
20 36
20 37
20 53
20 58
20 59
20 68
20 70
20 73
20 80
20 82
20 84
20 97
20 103
20 106
20 111
20 116
20 118
20 129
20 131
20 157
20 213
20 221
20 227
20 239
20 245
20 291
20 294
20 325
20 374
20 388
20 397
20 441
20 473
20 491
20 517
20 545
20 597
21 1
21 2
21 3
21 4
21 5
21 7
21 11
21 12
21 15
21 20
21 23
21 24
21 25
21 30
21 31
21 32
21 34
21 35
21 38
21 41
21 47
21 55
21 92
21 102
21 128
21 142
21 175
21 181
21 186
21 188
21 199
21 201
21 203
21 207
21 221
21 236
21 245
21 254
21 290
21 306
21 313
21 317
21 322
21 336
21 340
21 377
21 378
21 404
21 406
21 407
21 419
21 423
21 431
21 441
21 446
21 451
21 494
21 495
21 506
21 517
21 533
21 552
21 556
21 572
22 1
22 3
22 4
22 7
22 8
22 10
22 15
22 16
22 19
22 20
22 25
22 36
22 53
22 76
22 82
22 89
22 100
22 112
22 119
22 128
22 133
22 142
22 147
22 148
22 177
22 214
22 255
22 303
22 341
22 346
22 353
22 405
22 421
22 455
22 460
22 468
22 475
22 519
22 526
22 547
22 548
22 559
22 579
23 3
23 4
23 6
23 10
23 11
23 12
23 13
23 15
23 17
23 21
23 24
23 27
23 29
23 31
23 37
23 38
23 40
23 43
23 45
23 47
23 48
23 56
23 60
23 65
23 72
23 76
23 77
23 86
23 87
23 95
23 102
23 123
23 125
23 147
23 153
23 167
23 189
23 251
23 254
23 255
23 258
23 265
23 266
23 278
23 287
23 315
23 389
23 412
23 430
23 439
23 486
23 487
23 503
23 543
23 559
23 561
24 0
24 1
24 3
24 4
24 6
24 8
24 9
24 12
24 21
24 23
24 25
24 31
24 34
24 46
24 53
24 68
24 89
24 151
24 174
24 181
24 187
24 191
24 192
24 213
24 239
24 247
24 276
24 290
24 295
24 312
24 333
24 334
24 366
24 386
24 430
24 434
24 470
24 472
24 509
24 532
24 567
24 594
25 1
25 2
25 6
25 7
25 11
25 13
25 15
25 21
25 22
25 24
25 26
25 27
25 29
25 33
25 34
25 35
25 37
25 39
25 40
25 42
25 44
25 46
25 52
25 57
25 67
25 71
25 73
25 75
25 77
25 85
25 93
25 107
25 116
25 119
25 120
25 126
25 135
25 139
25 143
25 144
25 147
25 157
25 159
25 172
25 176
25 188
25 203
25 205
25 210
25 234
25 240
25 244
25 246
25 254
25 260
25 268
25 269
25 286
25 289
25 293
25 297
25 303
25 306
25 308
25 333
25 346
25 353
25 399
25 415
25 427
25 455
25 503
25 518
25 560
25 573
25 577
25 586
25 589
25 591
25 599
26 3
26 5
26 7
26 8
26 12
26 13
26 15
26 16
26 18
26 25
26 32
26 45
26 60
26 74
26 78
26 80
26 120
26 155
26 157
26 166
26 179
26 180
26 225
26 226
26 241
26 284
26 294
26 316
26 324
26 325
26 347
26 359
26 362
26 382
26 413
26 426
26 439
26 445
26 451
26 465
26 467
26 470
26 533
26 535
26 599
27 2
27 5
27 6
27 8
27 9
27 11
27 13
27 16
27 23
27 25
27 31
27 33
27 42
27 43
27 45
27 50
27 58
27 63
27 64
27 67
27 73
27 80
27 81
27 94
27 98
27 102
27 104
27 110
27 128
27 132
27 135
27 137
27 138
27 169
27 172
27 174
27 185
27 190
27 193
27 194
27 195
27 205
27 232
27 245
27 255
27 260
27 265
27 285
27 310
27 314
27 319
27 326
27 329
27 343
27 361
27 384
27 389
27 430
27 472
27 481
27 495
27 519
27 525
27 539
27 550
27 559
27 575
27 576
27 590
28 0
28 2
28 4
28 5
28 9
28 11
28 13
28 15
28 17
28 19
28 31
28 32
28 35
28 36
28 38
28 42
28 44
28 54
28 67
28 72
28 73
28 78
28 79
28 83
28 86
28 89
28 95
28 104
28 106
28 131
28 135
28 136
28 144
28 146
28 161
28 164
28 179
28 190
28 197
28 202
28 236
28 269
28 274
28 287
28 289
28 298
28 303
28 327
28 336
28 375
28 420
28 444
28 466
28 467
28 480
28 489
28 498
28 503
28 516
28 524
28 545
28 550
29 2
29 3
29 4
29 5
29 8
29 15
29 16
29 19
29 23
29 25
29 37
29 38
29 39
29 46
29 51
29 59
29 76
29 109
29 128
29 194
29 219
29 222
29 231
29 243
29 253
29 259
29 279
29 302
29 317
29 362
29 365
29 369
29 418
29 421
29 430
29 436
29 453
29 456
29 472
29 493
29 525
29 554
30 0
30 7
30 8
30 10
30 11
30 13
30 15
30 18
30 20
30 21
30 32
30 35
30 59
30 74
30 75
30 80
30 87
30 91
30 101
30 106
30 108
30 119
30 124
30 125
30 129
30 130
30 145
30 151
30 163
30 179
30 190
30 206
30 217
30 219
30 223
30 243
30 252
30 255
30 273
30 278
30 286
30 289
30 305
30 309
30 329
30 340
30 353
30 371
30 382
30 384
30 402
30 403
30 412
30 458
30 486
30 508
30 510
30 534
30 543
30 566
30 573
31 2
31 6
31 16
31 17
31 19
31 21
31 23
31 24
31 27
31 28
31 32
31 42
31 44
31 47
31 53
31 62
31 100
31 120
31 150
31 151
31 158
31 165
31 169
31 177
31 186
31 203
31 208
31 220
31 252
31 273
31 292
31 296
31 307
31 333
31 344
31 345
31 389
31 402
31 420
31 446
31 464
31 465
31 473
31 490
31 492
31 550
31 577
32 3
32 8
32 13
32 16
32 17
32 21
32 26
32 28
32 30
32 31
32 33
32 34
32 35
32 40
32 43
32 50
32 52
32 53
32 56
32 65
32 84
32 89
32 92
32 95
32 99
32 105
32 109
32 111
32 129
32 133
32 137
32 140
32 162
32 163
32 169
32 170
32 183
32 185
32 187
32 192
32 197
32 204
32 212
32 220
32 250
32 254
32 264
32 281
32 288
32 318
32 323
32 335
32 367
32 391
32 392
32 399
32 409
32 454
32 457
32 501
32 516
32 528
32 584
33 1
33 3
33 5
33 6
33 7
33 8
33 9
33 25
33 27
33 32
33 42
33 45
33 56
33 69
33 79
33 93
33 98
33 102
33 104
33 123
33 124
33 135
33 141
33 157
33 159
33 167
33 189
33 198
33 205
33 220
33 230
33 238
33 269
33 273
33 277
33 287
33 288
33 304
33 367
33 381
33 388
33 393
33 430
33 437
33 455
33 478
33 480
33 485
33 560
34 3
34 4
34 5
34 6
34 14
34 15
34 21
34 24
34 25
34 32
34 42
34 54
34 56
34 62
34 66
34 67
34 73
34 78
34 79
34 84
34 88
34 89
34 93
34 98
34 104
34 114
34 147
34 155
34 162
34 164
34 176
34 195
34 206
34 212
34 230
34 241
34 246
34 291
34 303
34 321
34 347
34 349
34 357
34 369
34 379
34 386
34 419
34 426
34 443
34 454
34 458
34 504
34 518
34 520
34 528
34 559
34 566
34 579
34 581
35 3
35 4
35 6
35 11
35 13
35 21
35 25
35 28
35 30
35 32
35 41
35 46
35 47
35 51
35 52
35 79
35 83
35 121
35 132
35 150
35 155
35 158
35 175
35 199
35 210
35 211
35 223
35 231
35 235
35 237
35 241
35 250
35 292
35 330
35 338
35 354
35 369
35 386
35 394
35 396
35 408
35 426
35 429
35 434
35 438
35 492
35 532
35 549
36 3
36 8
36 10
36 11
36 13
36 16
36 18
36 20
36 22
36 28
36 43
36 46
36 52
36 53
36 57
36 64
36 65
36 70
36 94
36 110
36 111
36 113
36 135
36 138
36 169
36 179
36 181
36 210
36 213
36 214
36 231
36 232
36 255
36 261
36 324
36 338
36 354
36 358
36 364
36 383
36 475
36 477
36 484
36 585
36 587
36 591
37 5
37 6
37 7
37 9
37 14
37 17
37 20
37 23
37 25
37 29
37 46
37 55
37 70
37 75
37 81
37 83
37 95
37 96
37 98
37 101
37 129
37 153
37 158
37 162
37 176
37 179
37 196
37 205
37 213
37 253
37 280
37 283
37 319
37 334
37 348
37 368
37 372
37 376
37 379
37 389
37 449
37 466
37 549
37 573
37 592
38 0
38 1
38 4
38 8
38 9
38 11
38 21
38 23
38 28
38 29
38 41
38 47
38 50
38 57
38 60
38 78
38 86
38 88
38 93
38 96
38 130
38 162
38 169
38 174
38 175
38 181
38 196
38 198
38 209
38 210
38 291
38 304
38 305
38 331
38 341
38 351
38 360
38 369
38 404
38 413
38 416
38 465
38 484
38 536
39 2
39 5
39 6
39 9
39 14
39 15
39 16
39 17
39 25
39 29
39 40
39 61
39 67
39 91
39 93
39 101
39 107
39 143
39 152
39 170
39 176
39 179
39 193
39 196
39 207
39 208
39 215
39 238
39 283
39 312
39 344
39 392
39 416
39 444
39 479
39 493
39 559
40 1
40 3
40 8
40 12
40 14
40 16
40 23
40 25
40 32
40 39
40 41
40 44
40 48
40 52
40 54
40 74
40 83
40 117
40 123
40 141
40 154
40 162
40 165
40 189
40 192
40 206
40 211
40 217
40 224
40 286
40 297
40 313
40 402
40 406
40 441
40 484
40 589
41 6
41 7
41 12
41 13
41 16
41 19
41 21
41 35
41 38
41 40
41 54
41 56
41 174
41 177
41 249
41 313
41 340
41 367
41 369
41 371
41 385
41 386
41 487
41 597
42 2
42 6
42 16
42 19
42 25
42 27
42 28
42 31
42 33
42 34
42 56
42 61
42 92
42 99
42 117
42 128
42 161
42 171
42 206
42 277
42 300
42 371
42 415
42 432
42 433
42 478
42 505
42 534
43 0
43 2
43 3
43 6
43 7
43 8
43 23
43 27
43 32
43 36
43 44
43 55
43 67
43 72
43 75
43 80
43 88
43 95
43 99
43 109
43 114
43 122
43 127
43 130
43 149
43 150
43 157
43 191
43 194
43 218
43 271
43 282
43 290
43 293
43 299
43 344
43 345
43 362
43 366
43 381
43 388
43 398
43 470
43 475
43 484
43 508
43 512
43 514
43 517
43 530
43 544
43 554
43 572
43 584
43 596
44 3
44 6
44 8
44 14
44 17
44 25
44 28
44 31
44 40
44 43
44 58
44 81
44 82
44 99
44 127
44 145
44 152
44 160
44 162
44 175
44 180
44 181
44 200
44 204
44 211
44 239
44 264
44 300
44 333
44 344
44 352
44 365
44 373
44 383
44 389
44 401
44 418
44 447
44 468
44 469
44 479
44 505
44 515
44 530
44 558
44 564
44 577
45 0
45 2
45 6
45 11
45 13
45 14
45 23
45 26
45 27
45 33
45 53
45 77
45 85
45 102
45 110
45 123
45 124
45 126
45 137
45 139
45 144
45 153
45 156
45 159
45 160
45 172
45 173
45 186
45 188
45 194
45 206
45 211
45 218
45 222
45 230
45 234
45 245
45 250
45 253
45 287
45 294
45 305
45 318
45 332
45 345
45 357
45 369
45 374
45 379
45 389
45 414
45 424
45 440
45 446
45 452
45 455
45 468
45 471
45 492
45 501
45 553
45 586
46 2
46 4
46 6
46 18
46 24
46 25
46 29
46 35
46 36
46 37
46 49
46 65
46 68
46 80
46 84
46 99
46 105
46 115
46 120
46 129
46 134
46 154
46 191
46 217
46 247
46 289
46 303
46 304
46 327
46 350
46 359
46 369
46 381
46 401
46 450
46 455
46 466
46 471
46 496
46 520
46 527
46 532
46 536
46 548
46 570
46 584
47 1
47 3
47 6
47 11
47 16
47 21
47 23
47 31
47 35
47 38
47 54
47 56
47 140
47 148
47 160
47 200
47 203
47 206
47 233
47 307
47 367
47 380
47 470
47 590
48 4
48 7
48 8
48 9
48 12
48 13
48 16
48 18
48 23
48 40
48 51
48 58
48 60
48 64
48 65
48 83
48 95
48 114
48 119
48 158
48 159
48 192
48 217
48 276
48 312
48 318
48 323
48 368
48 407
48 436
48 450
48 464
48 512
48 520
48 541
48 551
49 0
49 3
49 4
49 6
49 7
49 8
49 16
49 17
49 19
49 46
49 51
49 52
49 63
49 64
49 66
49 71
49 74
49 92
49 96
49 105
49 107
49 111
49 126
49 154
49 158
49 168
49 181
49 182
49 192
49 195
49 227
49 242
49 316
49 317
49 330
49 332
49 341
49 351
49 360
49 412
49 456
49 487
49 538
49 546
49 575
49 598
50 1
50 3
50 5
50 8
50 9
50 14
50 17
50 27
50 32
50 38
50 51
50 55
50 59
50 69
50 72
50 82
50 115
50 120
50 123
50 140
50 148
50 152
50 188
50 202
50 240
50 260
50 269
50 278
50 288
50 311
50 323
50 372
50 380
50 393
50 434
50 488
50 491
50 496
50 534
50 568
50 579
50 584
50 587
51 2
51 3
51 9
51 10
51 12
51 29
51 35
51 48
51 49
51 50
51 70
51 100
51 115
51 120
51 135
51 147
51 169
51 175
51 180
51 183
51 189
51 227
51 308
51 320
51 326
51 339
51 350
51 370
51 372
51 373
51 399
51 428
51 461
51 462
51 493
51 517
51 526
51 544
52 6
52 9
52 12
52 17
52 25
52 32
52 35
52 36
52 40
52 49
52 59
52 60
52 77
52 122
52 124
52 126
52 152
52 156
52 177
52 207
52 214
52 215
52 227
52 232
52 271
52 305
52 332
52 336
52 346
52 385
52 390
52 396
52 403
52 416
52 443
52 456
52 502
52 530
53 0
53 10
53 11
53 20
53 22
53 24
53 31
53 32
53 36
53 45
53 57
53 62
53 64
53 73
53 113
53 126
53 137
53 172
53 191
53 226
53 231
53 237
53 257
53 274
53 314
53 421
53 439
53 465
53 486
53 575
54 2
54 6
54 7
54 11
54 15
54 28
54 34
54 40
54 41
54 47
54 61
54 68
54 79
54 92
54 94
54 131
54 136
54 143
54 157
54 244
54 264
54 290
54 305
54 332
54 334
54 406
54 506
54 509
55 3
55 4
55 5
55 6
55 9
55 11
55 21
55 37
55 43
55 50
55 57
55 59
55 65
55 87
55 91
55 99
55 104
55 109
55 126
55 140
55 145
55 146
55 150
55 163
55 179
55 188
55 233
55 234
55 243
55 259
55 267
55 275
55 276
55 278
55 284
55 287
55 298
55 301
55 312
55 313
55 346
55 354
55 361
55 378
55 400
55 437
55 487
55 502
55 523
55 538
55 541
55 563
55 594
56 8
56 17
56 18
56 23
56 32
56 33
56 34
56 41
56 42
56 47
56 69
56 78
56 79
56 90
56 92
56 183
56 188
56 208
56 213
56 217
56 232
56 279
56 286
56 333
56 376
56 383
56 411
56 477
56 527
56 593
57 0
57 3
57 5
57 11
57 14
57 25
57 36
57 38
57 53
57 55
57 61
57 62
57 74
57 76
57 78
57 79
57 105
57 121
57 135
57 137
57 153
57 158
57 161
57 174
57 181
57 204
57 228
57 261
57 281
57 297
57 327
57 339
57 347
57 348
57 358
57 386
57 429
57 450
57 459
57 476
57 491
57 551
57 556
58 3
58 4
58 8
58 14
58 16
58 18
58 20
58 27
58 44
58 48
58 63
58 115
58 139
58 141
58 197
58 219
58 277
58 279
58 339
58 415
58 443
58 498
58 500
59 0
59 3
59 8
59 19
59 20
59 29
59 30
59 50
59 52
59 55
59 66
59 67
59 72
59 87
59 91
59 105
59 121
59 171
59 173
59 190
59 215
59 221
59 267
59 329
59 330
59 353
59 439
59 442
59 452
59 457
59 475
59 494
59 504
59 540
59 548
59 570
59 585
59 592
60 1
60 2
60 3
60 10
60 13
60 23
60 26
60 38
60 48
60 52
60 72
60 83
60 84
60 113
60 121
60 127
60 134
60 142
60 151
60 156
60 193
60 198
60 200
60 270
60 278
60 285
60 298
60 328
60 351
60 372
60 381
60 398
60 399
60 427
60 440
60 502
60 534
60 567
61 0
61 3
61 8
61 9
61 14
61 15
61 39
61 42
61 54
61 57
61 63
61 70
61 83
61 94
61 113
61 138
61 140
61 150
61 153
61 160
61 161
61 162
61 184
61 243
61 245
61 268
61 274
61 290
61 296
61 326
61 331
61 350
61 364
61 372
61 398
61 406
61 419
61 470
61 542
61 565
61 574
61 579
61 593
62 0
62 1
62 11
62 12
62 15
62 16
62 31
62 34
62 53
62 57
62 77
62 88
62 89
62 90
62 110
62 124
62 172
62 195
62 281
62 310
62 313
62 377
62 378
62 419
62 424
62 433
62 436
62 442
62 445
62 483
62 500
62 505
62 598
63 3
63 6
63 11
63 12
63 15
63 17
63 27
63 49
63 58
63 61
63 106
63 119
63 121
63 177
63 225
63 226
63 275
63 362
63 391
63 417
63 420
63 498
63 514
63 557
63 594
64 0
64 1
64 8
64 9
64 17
64 27
64 36
64 48
64 49
64 53
64 78
64 94
64 97
64 107
64 128
64 202
64 216
64 237
64 261
64 265
64 270
64 299
64 301
64 309
64 344
64 347
64 414
64 529
64 554
65 8
65 13
65 15
65 17
65 23
65 32
65 36
65 46
65 48
65 55
65 66
65 67
65 79
65 108
65 112
65 137
65 143
65 163
65 222
65 231
65 232
65 243
65 254
65 258
65 295
65 343
65 360
65 381
65 427
65 433
65 461
65 467
65 479
65 485
65 490
65 491
65 523
65 556
65 567
66 4
66 5
66 7
66 11
66 12
66 19
66 34
66 49
66 59
66 65
66 68
66 90
66 97
66 105
66 114
66 130
66 137
66 148
66 162
66 163
66 220
66 233
66 272
66 295
66 297
66 331
66 420
66 459
66 504
66 517
66 527
66 566
66 577
66 590
67 5
67 16
67 25
67 27
67 28
67 34
67 39
67 43
67 59
67 65
67 68
67 70
67 75
67 81
67 96
67 144
67 149
67 155
67 177
67 203
67 214
67 258
67 269
67 325
67 342
67 393
67 395
67 406
67 462
67 513
67 523
67 538
67 566
68 1
68 6
68 12
68 17
68 20
68 24
68 46
68 54
68 66
68 67
68 71
68 76
68 89
68 93
68 107
68 132
68 143
68 152
68 169
68 180
68 185
68 209
68 216
68 233
68 248
68 365
68 372
68 393
68 413
68 452
68 461
68 469
68 473
68 487
68 508
68 584
69 2
69 4
69 9
69 11
69 12
69 14
69 19
69 33
69 50
69 56
69 71
69 86
69 111
69 121
69 129
69 173
69 185
69 202
69 256
69 263
69 274
69 301
69 303
69 308
69 341
69 355
69 407
69 422
69 425
69 480
69 491
69 537
69 570
70 1
70 5
70 8
70 18
70 20
70 36
70 37
70 51
70 61
70 67
70 75
70 76
70 97
70 102
70 128
70 156
70 159
70 165
70 184
70 259
70 286
70 304
70 322
70 349
70 350
70 375
70 494
70 545
70 556
71 1
71 2
71 3
71 11
71 14
71 17
71 25
71 49
71 68
71 69
71 76
71 109
71 117
71 175
71 182
71 205
71 225
71 238
71 242
71 412
71 426
71 536
71 557
72 1
72 5
72 18
72 19
72 23
72 28
72 43
72 50
72 59
72 60
72 109
72 116
72 125
72 182
72 194
72 208
72 329
72 553
72 554
73 0
73 4
73 6
73 7
73 20
73 25
73 27
73 28
73 34
73 53
73 85
73 127
73 136
73 139
73 185
73 195
73 200
73 221
73 251
73 296
73 312
73 316
73 445
73 446
73 470
73 510
74 4
74 10
74 12
74 16
74 19
74 26
74 30
74 40
74 49
74 57
74 91
74 111
74 126
74 127
74 145
74 177
74 201
74 246
74 249
74 272
74 273
74 340
74 438
74 457
74 507
74 526
74 564
74 582
74 596
75 6
75 11
75 12
75 17
75 25
75 30
75 37
75 43
75 67
75 70
75 101
75 159
75 170
75 195
75 231
75 377
75 415
75 485
75 495
75 568
75 579
75 585
76 3
76 4
76 11
76 22
76 23
76 29
76 57
76 68
76 70
76 71
76 77
76 81
76 83
76 148
76 172
76 201
76 204
76 209
76 242
76 248
76 293
76 301
76 308
76 337
76 364
76 371
76 410
76 436
76 522
76 549
76 581
77 1
77 12
77 15
77 19
77 23
77 25
77 45
77 52
77 62
77 76
77 88
77 105
77 106
77 117
77 121
77 122
77 133
77 148
77 190
77 196
77 211
77 223
77 224
77 229
77 235
77 307
77 310
77 367
77 447
77 495
77 506
77 554
77 555
77 598
78 1
78 3
78 13
78 26
78 28
78 34
78 38
78 56
78 57
78 64
78 85
78 91
78 94
78 130
78 141
78 160
78 161
78 175
78 209
78 218
78 232
78 257
78 259
78 364
78 428
78 454
78 479
78 522
78 551
78 557
78 560
78 562
78 566
79 0
79 14
79 28
79 33
79 34
79 35
79 54
79 56
79 57
79 65
79 85
79 86
79 107
79 108
79 112
79 122
79 131
79 141
79 153
79 155
79 204
79 227
79 289
79 294
79 320
80 1
80 3
80 5
80 6
80 20
80 26
80 27
80 30
80 43
80 46
80 85
80 88
80 114
80 130
80 131
80 176
80 210
80 214
80 250
80 296
80 377
80 397
80 431
80 453
80 499
80 592
81 0
81 6
81 9
81 10
81 11
81 27
81 37
81 44
81 67
81 76
81 94
81 103
81 131
81 145
81 212
81 226
81 242
81 247
81 255
81 304
81 311
81 325
81 334
81 411
81 482
81 483
81 507
81 538
82 0
82 2
82 5
82 8
82 12
82 17
82 20
82 22
82 44
82 50
82 85
82 100
82 104
82 107
82 124
82 128
82 136
82 153
82 155
82 159
82 184
82 188
82 193
82 200
82 213
82 220
82 248
82 271
82 273
82 290
82 302
82 403
82 507
82 514
82 519
82 525
82 526
82 528
82 532
82 549
83 3
83 17
83 28
83 35
83 37
83 40
83 48
83 60
83 61
83 76
83 88
83 113
83 115
83 126
83 134
83 143
83 159
83 253
83 264
83 294
83 299
83 405
83 436
83 447
83 484
83 499
83 502
83 522
83 568
83 571
84 0
84 1
84 6
84 10
84 16
84 20
84 32
84 34
84 46
84 60
84 85
84 103
84 123
84 133
84 134
84 157
84 159
84 176
84 184
84 198
84 223
84 249
84 260
84 311
84 329
84 347
84 390
84 444
84 468
84 475
84 482
84 499
84 505
84 514
84 536
84 547
84 556
84 576
85 0
85 18
85 25
85 45
85 73
85 78
85 79
85 80
85 82
85 84
85 97
85 112
85 140
85 182
85 240
85 285
85 382
85 389
85 442
85 477
85 484
85 493
85 585
85 591
86 1
86 4
86 5
86 8
86 14
86 23
86 28
86 38
86 69
86 79
86 87
86 110
86 125
86 133
86 140
86 150
86 165
86 178
86 204
86 215
86 281
86 326
86 330
86 352
86 361
86 411
86 453
86 474
86 481
86 540
86 590
87 0
87 3
87 4
87 5
87 10
87 23
87 30
87 55
87 59
87 86
87 92
87 96
87 103
87 113
87 120
87 170
87 199
87 415
87 451
87 468
87 473
87 498
87 594
88 3
88 5
88 7
88 34
88 38
88 43
88 62
88 77
88 80
88 83
88 89
88 101
88 141
88 157
88 164
88 221
88 250
88 271
88 282
88 314
88 331
88 376
88 385
88 449
88 473
88 493
89 8
89 10
89 22
89 24
89 28
89 32
89 34
89 62
89 68
89 88
89 90
89 96
89 125
89 148
89 150
89 171
89 224
89 292
89 377
89 469
89 508
89 510
89 556
90 1
90 4
90 8
90 9
90 14
90 17
90 56
90 62
90 66
90 89
90 168
90 186
90 203
90 204
90 214
90 402
90 407
90 421
90 467
91 0
91 4
91 6
91 8
91 30
91 39
91 55
91 59
91 74
91 78
91 189
91 268
91 432
91 450
92 3
92 5
92 8
92 21
92 32
92 42
92 49
92 54
92 56
92 87
92 120
92 125
92 182
92 195
92 255
92 262
92 315
92 351
92 366
92 396
92 407
92 423
92 429
92 485
92 552
93 0
93 2
93 3
93 12
93 25
93 33
93 34
93 38
93 39
93 68
93 99
93 101
93 102
93 152
93 167
93 183
93 212
93 270
93 322
93 324
93 417
93 426
93 435
93 481
93 503
93 542
94 2
94 5
94 13
94 27
94 36
94 54
94 61
94 64
94 78
94 81
94 123
94 133
94 146
94 171
94 189
94 209
94 254
94 267
94 284
94 307
94 310
94 336
94 356
94 387
94 407
94 450
94 473
94 499
94 502
94 516
94 571
95 1
95 4
95 5
95 18
95 23
95 28
95 32
95 37
95 43
95 48
95 101
95 102
95 145
95 163
95 164
95 176
95 189
95 191
95 201
95 228
95 236
95 311
95 331
95 444
95 480
95 507
95 543
95 595
96 0
96 8
96 11
96 17
96 37
96 38
96 49
96 67
96 87
96 89
96 106
96 114
96 118
96 142
96 171
96 174
96 181
96 229
96 233
96 237
96 245
96 320
96 336
96 362
96 406
96 425
96 437
96 478
96 509
96 540
96 575
97 0
97 4
97 5
97 10
97 11
97 20
97 64
97 66
97 70
97 85
97 108
97 138
97 162
97 239
97 403
97 479
97 532
97 546
98 0
98 2
98 3
98 7
98 8
98 12
98 27
98 33
98 34
98 37
98 113
98 171
98 215
98 222
98 226
98 283
98 302
98 330
98 387
98 411
98 477
98 517
98 537
99 6
99 7
99 12
99 32
99 42
99 43
99 44
99 46
99 55
99 93
99 100
99 104
99 113
99 125
99 128
99 166
99 173
99 217
99 228
99 237
99 245
99 246
99 252
99 275
99 303
99 307
99 311
99 332
99 383
99 387
99 412
99 459
99 474
99 480
99 520
99 581
99 593
100 0
100 3
100 11
100 12
100 16
100 22
100 31
100 51
100 82
100 99
100 116
100 130
100 161
100 165
100 167
100 187
100 192
100 193
100 207
100 287
100 360
100 461
100 544
101 3
101 9
101 18
101 30
101 37
101 39
101 75
101 88
101 93
101 95
101 154
101 166
101 173
101 206
101 270
101 293
101 313
101 318
101 341
101 348
101 349
101 382
101 392
101 445
101 493
101 501
101 566
101 578
102 11
102 15
102 21
102 23
102 27
102 33
102 45
102 70
102 93
102 95
102 110
102 192
102 291
102 436
102 454
102 468
102 539
102 543
103 1
103 7
103 8
103 9
103 12
103 13
103 20
103 81
103 84
103 87
103 106
103 110
103 111
103 124
103 163
103 194
103 196
103 227
103 232
103 253
103 271
103 355
103 427
103 467
103 471
103 492
103 509
104 4
104 9
104 16
104 27
104 28
104 33
104 34
104 55
104 82
104 99
104 225
104 282
104 371
104 488
105 6
105 7
105 15
105 32
105 46
105 49
105 57
105 59
105 66
105 77
105 114
105 118
105 127
105 137
105 142
105 167
105 209
105 219
105 257
105 263
105 333
105 353
105 366
105 413
105 414
105 454
105 521
106 3
106 7
106 8
106 20
106 28
106 30
106 63
106 77
106 96
106 103
106 121
106 191
106 209
106 267
106 304
106 337
106 350
106 367
106 376
106 408
106 411
106 493
106 496
106 519
106 565
106 575
107 0
107 3
107 12
107 25
107 39
107 49
107 64
107 68
107 79
107 82
107 119
107 133
107 134
107 153
107 171
107 201
107 218
107 232
107 255
107 274
107 324
107 409
107 458
107 522
107 596
108 1
108 3
108 4
108 11
108 12
108 17
108 30
108 65
108 79
108 97
108 110
108 116
108 128
108 148
108 327
108 377
108 475
108 551
108 568
108 584
109 5
109 6
109 7
109 10
109 29
109 32
109 43
109 55
109 71
109 72
109 129
109 223
109 236
109 252
109 268
109 278
109 315
109 397
109 429
109 432
109 454
109 530
109 574
109 580
110 4
110 17
110 27
110 36
110 45
110 62
110 86
110 102
110 103
110 108
110 116
110 122
110 127
110 172
110 194
110 205
110 210
110 270
110 296
110 339
110 363
110 418
110 422
110 456
110 534
111 0
111 11
111 19
111 20
111 32
111 36
111 49
111 69
111 74
111 103
111 122
111 123
111 177
111 250
111 253
111 258
111 259
111 286
111 400
111 440
111 451
111 480
111 528
111 566
111 589
112 2
112 4
112 5
112 6
112 15
112 18
112 22
112 65
112 79
112 85
112 127
112 134
112 139
112 191
112 239
112 280
112 281
112 367
112 382
112 417
112 471
112 520
112 541
112 596
113 5
113 11
113 36
113 53
113 60
113 61
113 83
113 87
113 98
113 99
113 122
113 136
113 149
113 174
113 224
113 257
113 267
113 359
113 417
113 434
113 509
114 3
114 7
114 12
114 34
114 43
114 48
114 66
114 80
114 96
114 105
114 115
114 116
114 149
114 152
114 156
114 168
114 195
114 198
114 204
114 210
114 248
114 321
114 413
114 459
114 521
114 554
115 3
115 7
115 13
115 14
115 46
115 50
115 51
115 58
115 83
115 114
115 119
115 131
115 136
115 139
115 146
115 167
115 178
115 184
115 309
115 314
115 359
115 400
115 440
115 446
116 9
116 15
116 16
116 20
116 25
116 72
116 100
116 108
116 110
116 114
116 118
116 142
116 145
116 177
116 193
116 199
116 221
116 226
116 228
116 234
116 308
116 426
116 496
117 3
117 9
117 10
117 13
117 16
117 19
117 40
117 42
117 71
117 77
117 143
117 147
117 152
117 165
117 167
117 192
117 200
117 210
117 231
117 260
117 264
117 265
117 308
117 375
117 481
117 555
117 568
118 2
118 3
118 7
118 9
118 10
118 14
118 20
118 96
118 105
118 116
118 125
118 201
118 204
118 263
118 272
118 375
118 451
118 558
119 5
119 9
119 11
119 22
119 25
119 30
119 48
119 63
119 107
119 115
119 168
119 178
119 194
119 230
119 236
119 268
119 288
119 388
119 438
119 442
119 450
119 510
119 538
119 551
119 573
119 578
120 4
120 11
120 25
120 26
120 31
120 46
120 50
120 51
120 87
120 92
120 136
120 151
120 174
120 201
120 278
120 304
120 310
120 350
120 366
120 384
120 512
120 521
120 538
120 551
120 572
120 588
121 7
121 13
121 35
121 57
121 59
121 60
121 63
121 69
121 77
121 106
121 146
121 161
121 176
121 178
121 188
121 268
121 274
121 313
121 408
121 418
121 452
121 475
121 502
121 522
122 3
122 11
122 14
122 43
122 52
122 77
122 79
122 110
122 111
122 113
122 138
122 147
122 164
122 202
122 219
122 245
122 258
122 298
122 304
122 315
122 348
122 353
122 370
122 387
122 411
122 494
122 535
122 578
122 581
122 586
123 4
123 6
123 23
123 33
123 40
123 45
123 50
123 84
123 94
123 111
123 156
123 164
123 170
123 175
123 206
123 207
123 217
123 237
123 300
123 363
123 379
123 412
123 422
123 437
123 477
123 478
123 565
124 0
124 12
124 19
124 30
124 33
124 45
124 52
124 62
124 82
124 103
124 175
124 197
124 202
124 266
124 307
124 343
124 421
124 499
124 577
124 587
124 599
125 14
125 16
125 23
125 30
125 72
125 86
125 89
125 92
125 99
125 118
125 170
125 185
125 197
125 215
125 220
125 221
125 236
125 239
125 262
125 270
125 462
125 501
125 555
126 0
126 19
126 25
126 45
126 49
126 52
126 53
126 55
126 74
126 83
126 254
126 259
126 349
126 390
126 403
126 526
127 1
127 17
127 43
127 44
127 60
127 73
127 74
127 105
127 110
127 112
127 164
127 185
127 209
127 410
127 471
127 477
127 526
127 573
128 21
128 22
128 27
128 29
128 42
128 64
128 70
128 82
128 99
128 108
128 130
128 148
128 160
128 219
128 291
128 309
128 327
128 362
128 477
128 582
128 591
129 8
129 9
129 13
129 20
129 30
129 32
129 37
129 46
129 69
129 109
129 283
129 305
129 334
129 506
129 595
129 598
130 2
130 13
130 30
130 38
130 43
130 66
130 78
130 80
130 100
130 128
130 168
130 196
130 202
130 210
130 244
130 287
130 395
130 440
130 488
131 3
131 8
131 13
131 20
131 28
131 54
131 79
131 80
131 81
131 115
131 216
131 219
131 282
131 524
132 1
132 2
132 4
132 6
132 12
132 13
132 14
132 27
132 35
132 68
132 193
132 200
132 252
132 256
132 285
132 318
132 374
132 384
132 394
132 402
132 531
132 540
133 2
133 5
133 6
133 22
133 32
133 77
133 84
133 86
133 94
133 107
133 149
133 157
133 211
133 244
133 259
133 330
133 440
133 447
133 506
133 533
133 576
134 4
134 6
134 8
134 11
134 46
134 60
134 83
134 84
134 107
134 112
134 138
134 179
134 241
134 277
134 283
134 306
134 315
134 323
134 332
134 361
134 380
134 431
134 491
135 14
135 18
135 19
135 25
135 27
135 28
135 33
135 36
135 51
135 57
135 157
135 295
135 296
135 319
135 365
135 394
135 452
135 567
135 576
136 4
136 6
136 9
136 28
136 54
136 73
136 82
136 113
136 115
136 120
136 139
136 153
136 161
136 165
136 183
136 187
136 196
136 215
136 216
136 267
136 277
136 282
136 284
136 301
136 304
136 385
136 410
136 543
136 553
136 596
137 3
137 19
137 27
137 32
137 45
137 53
137 57
137 65
137 66
137 105
137 218
137 237
137 240
137 241
137 255
137 447
137 500
137 581
137 598
138 6
138 9
138 12
138 18
138 27
138 36
138 61
138 97
138 122
138 134
138 150
138 156
138 165
138 181
138 183
138 292
138 319
138 340
138 363
138 392
138 396
138 429
138 460
138 482
138 558
139 0
139 2
139 13
139 25
139 45
139 58
139 73
139 112
139 115
139 136
139 168
139 214
139 220
139 250
139 279
139 462
139 512
139 527
139 552
139 584
139 599
140 0
140 3
140 4
140 32
140 47
140 50
140 55
140 61
140 85
140 86
140 158
140 160
140 173
140 180
140 191
140 208
140 228
140 250
140 286
140 296
140 339
140 343
140 353
140 373
140 387
140 394
140 405
140 421
140 470
140 520
140 523
140 540
140 544
141 0
141 6
141 13
141 14
141 33
141 40
141 58
141 78
141 79
141 88
141 218
141 261
141 317
141 320
141 392
141 395
141 398
141 422
141 500
141 525
141 579
142 1
142 3
142 6
142 11
142 21
142 22
142 60
142 96
142 105
142 116
142 164
142 201
142 205
142 257
142 313
142 319
142 321
142 361
142 383
142 388
142 457
142 460
142 523
142 531
142 565
143 0
143 4
143 7
143 25
143 39
143 54
143 65
143 68
143 83
143 117
143 180
143 212
143 220
143 267
143 328
143 340
143 459
143 571
144 4
144 7
144 8
144 9
144 14
144 17
144 25
144 28
144 45
144 67
144 145
144 233
144 244
144 271
144 371
144 399
144 481
144 505
144 525
144 562
145 1
145 5
145 30
145 44
145 55
145 74
145 81
145 95
145 116
145 144
145 158
145 370
145 425
145 444
146 1
146 8
146 9
146 11
146 15
146 28
146 55
146 94
146 115
146 121
146 180
146 224
146 235
146 242
146 261
146 288
146 443
146 591
147 1
147 13
147 16
147 22
147 23
147 25
147 34
147 51
147 117
147 122
147 167
147 207
147 213
147 225
147 273
147 275
147 301
147 316
147 327
147 419
147 470
147 471
147 482
147 532
147 541
148 15
148 22
148 47
148 50
148 66
148 76
148 77
148 89
148 108
148 128
148 169
148 215
148 314
148 323
148 325
148 326
148 342
148 357
148 378
148 412
148 457
148 488
148 490
148 542
148 587
149 5
149 6
149 8
149 14
149 19
149 43
149 67
149 113
149 114
149 133
149 228
149 229
149 239
149 272
149 410
149 428
149 562
150 6
150 13
150 31
150 35
150 43
150 55
150 61
150 86
150 89
150 138
150 156
150 199
150 282
150 354
150 420
150 428
150 442
150 467
150 484
150 495
150 529
150 569
150 593
151 0
151 8
151 11
151 15
151 17
151 24
151 30
151 31
151 60
151 120
151 164
151 166
151 225
151 235
151 357
151 517
152 2
152 5
152 39
152 44
152 50
152 52
152 68
152 93
152 114
152 117
152 154
152 178
152 181
152 185
152 187
152 198
152 211
152 229
152 235
152 238
152 264
152 268
152 273
152 291
152 292
152 307
152 395
152 404
152 436
152 475
152 515
152 545
152 556
152 557
152 576
153 9
153 23
153 37
153 45
153 57
153 61
153 79
153 82
153 107
153 136
153 221
153 280
153 305
153 318
153 340
153 342
153 370
153 404
153 443
153 463
153 466
153 564
153 572
154 3
154 10
154 14
154 17
154 19
154 40
154 46
154 49
154 101
154 152
154 269
154 270
154 279
154 304
154 327
154 336
154 341
154 414
154 428
154 464
154 494
154 501
154 516
154 536
154 582
154 598
155 3
155 7
155 10
155 14
155 26
155 34
155 35
155 67
155 79
155 82
155 166
155 199
155 216
155 222
155 234
155 284
155 314
155 394
155 423
155 428
155 441
155 469
155 550
156 6
156 10
156 45
156 52
156 60
156 70
156 114
156 123
156 138
156 150
156 183
156 211
156 272
156 277
156 311
156 354
156 499
156 514
156 565
156 580
156 583
157 20
157 25
157 26
157 33
157 43
157 54
157 84
157 88
157 133
157 135
157 213
157 235
157 249
157 273
157 283
157 297
157 383
157 389
157 540
157 553
158 11
158 18
158 31
158 35
158 37
158 48
158 49
158 57
158 140
158 145
158 243
158 258
158 299
158 328
158 349
158 350
159 1
159 25
159 33
159 45
159 48
159 70
159 75
159 82
159 83
159 84
159 175
159 178
159 185
159 223
159 283
159 337
159 380
159 419
160 1
160 6
160 7
160 44
160 45
160 47
160 61
160 78
160 128
160 140
160 324
160 330
160 377
160 409
160 427
160 439
160 454
160 503
161 5
161 6
161 28
161 42
161 57
161 61
161 78
161 100
161 121
161 136
161 172
161 206
161 247
161 256
161 345
161 445
162 4
162 32
162 34
162 37
162 38
162 40
162 44
162 61
162 66
162 97
162 248
162 283
162 295
162 406
162 468
162 544
162 599
163 1
163 3
163 6
163 30
163 32
163 55
163 65
163 66
163 95
163 103
163 168
163 184
163 226
163 243
163 264
163 337
163 342
163 372
163 403
163 474
164 1
164 28
164 34
164 88
164 95
164 122
164 123
164 127
164 142
164 151
164 274
164 342
164 375
164 470
164 500
164 530
165 3
165 12
165 31
165 40
165 70
165 86
165 100
165 117
165 136
165 138
165 179
165 209
165 251
165 311
165 464
165 497
165 578
165 588
165 589
166 4
166 6
166 8
166 11
166 19
166 26
166 99
166 101
166 151
166 155
166 190
166 253
166 257
166 414
166 422
166 460
166 483
166 592
167 3
167 9
167 23
167 33
167 93
167 100
167 105
167 115
167 117
167 147
167 168
167 169
167 477
167 478
167 562
168 6
168 14
168 49
168 90
168 114
168 119
168 130
168 139
168 163
168 167
168 253
168 261
168 262
168 267
168 329
168 338
168 426
169 14
169 27
169 31
169 32
169 36
169 38
169 51
169 68
169 148
169 167
169 186
169 201
169 211
169 262
169 326
169 366
169 374
169 435
169 459
169 512
169 528
170 2
170 6
170 13
170 14
170 32
170 39
170 75
170 87
170 123
170 125
170 194
170 200
170 228
170 294
170 417
170 454
170 521
170 526
171 0
171 1
171 5
171 42
171 59
171 89
171 94
171 96
171 98
171 107
171 184
171 242
171 300
171 322
171 417
171 464
171 567
172 4
172 6
172 25
172 27
172 45
172 53
172 62
172 76
172 110
172 161
172 189
172 268
172 316
172 328
172 490
172 589
173 0
173 1
173 2
173 12
173 45
173 59
173 69
173 99
173 101
173 140
173 198
173 246
173 387
173 399
173 451
174 1
174 2
174 24
174 27
174 38
174 41
174 57
174 96
174 113
174 120
174 285
174 352
174 359
174 364
174 427
174 441
175 21
175 35
175 38
175 44
175 51
175 71
175 78
175 123
175 124
175 159
175 193
175 197
175 199
175 224
175 257
175 356
175 374
175 386
175 476
175 555
176 10
176 13
176 25
176 34
176 37
176 39
176 80
176 84
176 95
176 121
176 263
176 355
176 380
176 389
176 396
176 517
176 534
177 12
177 22
177 31
177 41
177 52
177 63
177 67
177 74
177 111
177 116
177 202
177 229
177 272
177 283
177 357
177 453
177 508
178 6
178 9
178 14
178 16
178 86
178 115
178 119
178 121
178 152
178 159
178 330
178 483
178 496
179 11
179 26
179 28
179 30
179 36
179 37
179 39
179 55
179 134
179 165
179 183
179 266
179 276
179 282
179 309
179 403
179 444
179 453
179 524
179 552
180 1
180 11
180 13
180 26
180 44
180 51
180 68
180 140
180 143
180 146
180 186
180 196
180 227
180 253
180 290
180 439
180 481
180 522
180 544
180 576
181 21
181 24
181 36
181 38
181 44
181 49
181 57
181 96
181 138
181 152
181 274
181 293
181 356
181 437
181 448
181 530
181 597
182 7
182 11
182 12
182 15
182 16
182 49
182 71
182 72
182 85
182 92
182 218
182 252
182 338
182 423
182 519
183 9
183 10
183 32
183 51
183 56
183 93
183 136
183 138
183 156
183 179
183 233
183 237
183 239
183 282
183 302
183 326
183 331
183 376
183 394
183 408
183 518
184 0
184 3
184 7
184 61
184 70
184 82
184 84
184 115
184 163
184 171
184 212
184 238
184 355
184 415
184 497
185 4
185 27
185 32
185 68
185 69
185 73
185 125
185 127
185 152
185 159
185 271
185 385
185 405
185 442
185 579
186 2
186 7
186 17
186 18
186 21
186 31
186 45
186 90
186 169
186 180
186 238
186 294
186 298
186 384
186 400
186 416
186 454
186 539
186 586
187 4
187 6
187 9
187 16
187 19
187 24
187 32
187 100
187 136
187 152
187 208
187 292
187 447
187 458
187 476
187 479
187 544
188 6
188 16
188 21
188 25
188 45
188 50
188 55
188 56
188 82
188 121
188 275
188 447
188 525
188 599
189 1
189 7
189 23
189 33
189 40
189 51
189 91
189 94
189 95
189 172
189 297
189 331
189 341
189 356
189 492
189 515
189 557
190 4
190 6
190 10
190 15
190 27
190 28
190 30
190 59
190 77
190 166
190 203
190 337
190 508
190 529
191 2
191 18
191 24
191 43
191 46
191 53
191 95
191 106
191 112
191 140
191 262
191 310
191 400
191 401
191 456
191 521
191 525
191 568
191 590
192 5
192 7
192 24
192 32
192 40
192 48
192 49
192 100
192 102
192 117
192 207
192 222
192 252
192 301
192 348
192 366
192 382
192 391
192 402
192 448
193 1
193 15
193 27
193 39
193 60
193 82
193 100
193 116
193 132
193 175
193 325
193 491
193 504
193 511
193 547
193 569
194 9
194 27
194 29
194 43
194 45
194 72
194 103
194 110
194 119
194 170
194 201
194 219
194 228
194 263
194 335
194 364
194 408
194 461
194 469
194 475
194 482
194 492
194 521
194 537
194 551
194 560
195 1
195 6
195 27
195 34
195 49
195 62
195 73
195 75
195 92
195 114
195 263
195 264
195 329
195 392
195 433
195 481
195 524
196 4
196 7
196 37
196 38
196 39
196 77
196 103
196 130
196 136
196 180
196 207
196 247
196 515
196 585
197 6
197 10
197 11
197 12
197 28
197 32
197 58
197 124
197 125
197 175
197 225
197 235
197 335
197 342
197 405
197 472
198 3
198 6
198 11
198 33
198 38
198 60
198 84
198 114
198 152
198 173
198 203
198 227
198 249
198 262
198 301
198 317
198 333
198 356
198 410
198 499
198 581
199 4
199 14
199 15
199 21
199 35
199 87
199 116
199 150
199 155
199 175
199 323
199 381
199 449
200 4
200 13
200 44
200 47
200 60
200 73
200 82
200 117
200 132
200 170
200 208
200 224
200 464
200 494
201 21
201 74
201 76
201 95
201 107
201 118
201 120
201 142
201 169
201 194
201 214
201 385
201 388
201 424
201 441
201 450
201 483
201 532
202 5
202 11
202 28
202 50
202 64
202 69
202 122
202 124
202 130
202 177
202 285
202 378
202 492
202 531
202 585
203 7
203 10
203 21
203 25
203 31
203 47
203 67
203 90
203 190
203 198
203 265
203 355
203 469
203 513
204 1
204 32
204 44
204 57
204 76
204 79
204 86
204 90
204 114
204 118
204 205
204 223
204 224
204 240
204 249
204 279
204 280
204 290
204 295
204 306
204 315
204 320
204 330
204 335
204 349
204 352
204 364
204 384
204 391
204 409
204 448
204 450
204 511
204 519
204 549
204 563
205 6
205 7
205 25
205 27
205 33
205 37
205 71
205 110
205 142
205 204
205 260
205 296
205 309
205 324
205 368
205 466
206 5
206 30
206 34
206 40
206 42
206 45
206 47
206 101
206 123
206 161
206 340
206 342
206 346
206 442
206 469
206 494
206 513
207 4
207 5
207 21
207 39
207 52
207 100
207 123
207 147
207 192
207 196
207 295
207 300
207 437
207 462
207 480
207 567
207 571
208 13
208 17
208 19
208 31
208 39
208 56
208 72
208 140
208 187
208 200
208 241
208 320
208 410
208 426
208 448
209 8
209 38
209 68
209 76
209 78
209 94
209 105
209 106
209 127
209 165
209 230
209 238
209 284
209 300
209 360
209 457
209 542
209 543
209 569
210 5
210 25
210 35
210 36
210 38
210 80
210 110
210 114
210 117
210 130
210 242
210 257
210 260
210 275
210 284
210 306
210 366
210 486
210 506
211 15
211 35
211 40
211 44
211 45
211 77
211 133
211 152
211 156
211 169
211 261
211 298
211 383
211 400
211 463
211 531
211 589
212 5
212 8
212 9
212 18
212 32
212 34
212 81
212 93
212 143
212 184
212 256
212 266
212 338
212 424
212 442
212 466
213 3
213 4
213 20
213 24
213 36
213 37
213 56
213 82
213 147
213 157
213 220
213 236
213 261
213 448
214 1
214 15
214 22
214 36
214 52
214 67
214 80
214 90
214 139
214 201
214 242
214 322
214 362
214 386
214 404
214 514
214 535
214 554
215 9
215 10
215 39
215 52
215 59
215 86
215 98
215 125
215 136
215 148
215 236
215 263
215 285
215 333
215 334
215 358
215 361
215 372
215 390
215 391
215 535
215 552
215 570
216 9
216 11
216 12
216 16
216 18
216 64
216 68
216 131
216 136
216 155
216 266
216 321
216 334
216 335
216 355
216 356
216 361
216 362
216 364
216 368
216 390
216 423
216 465
216 472
216 488
216 495
216 539
216 582
216 583
217 3
217 6
217 17
217 30
217 40
217 46
217 48
217 56
217 99
217 123
217 227
217 234
217 345
217 497
217 527
217 538
217 574
218 1
218 4
218 12
218 43
218 45
218 78
218 107
218 137
218 141
218 182
218 277
218 281
218 343
218 387
218 516
218 518
218 524
219 3
219 5
219 29
219 30
219 58
219 105
219 122
219 128
219 131
219 194
219 302
219 345
219 354
219 367
219 425
219 444
219 455
219 528
219 546
219 561
219 562
220 3
220 31
220 32
220 33
220 66
220 82
220 125
220 139
220 143
220 213
220 241
220 244
220 250
220 273
220 276
220 294
220 449
221 0
221 16
221 20
221 21
221 59
221 73
221 88
221 116
221 125
221 153
221 286
221 370
221 373
222 1
222 3
222 4
222 5
222 29
222 45
222 65
222 98
222 155
222 192
222 249
222 251
222 252
222 270
222 317
222 322
222 340
222 348
222 368
222 481
223 2
223 3
223 15
223 30
223 35
223 77
223 84
223 109
223 159
223 204
223 234
223 269
223 284
223 346
223 358
223 363
223 369
223 397
223 409
223 430
223 435
223 461
223 463
224 2
224 5
224 40
224 77
224 89
224 113
224 146
224 175
224 200
224 204
224 249
224 280
224 289
224 313
224 319
224 323
224 412
224 463
224 565
224 597
225 3
225 10
225 19
225 26
225 63
225 71
225 104
225 147
225 151
225 197
225 256
225 334
225 479
225 489
225 558
226 1
226 3
226 6
226 26
226 53
226 63
226 81
226 98
226 116
226 163
226 230
226 231
226 265
226 315
226 352
226 376
226 446
226 559
227 4
227 20
227 49
227 51
227 52
227 79
227 103
227 180
227 198
227 217
227 286
227 335
227 355
227 382
227 398
227 515
227 589
228 10
228 17
228 57
228 95
228 99
228 116
228 140
228 149
228 170
228 194
228 234
228 256
228 262
228 264
228 271
228 300
228 405
228 415
228 493
228 565
228 575
229 2
229 5
229 11
229 13
229 15
229 77
229 96
229 149
229 152
229 177
229 421
229 464
230 5
230 7
230 11
230 15
230 33
230 34
230 45
230 119
230 209
230 226
230 320
230 348
230 355
230 361
230 397
230 401
230 428
230 596
231 5
231 13
231 29
231 35
231 36
231 53
231 65
231 75
231 117
231 226
231 251
231 279
231 333
231 511
231 588
232 5
232 10
232 27
232 36
232 52
232 56
232 65
232 78
232 103
232 107
232 254
232 284
232 299
232 321
232 418
232 426
232 575
233 3
233 6
233 18
233 47
233 55
233 66
233 68
233 96
233 144
233 183
233 236
233 241
233 256
233 279
233 312
233 326
233 347
233 354
233 370
233 387
233 450
233 572
234 0
234 18
234 25
234 45
234 55
234 116
234 155
234 217
234 223
234 228
234 265
234 266
234 310
234 329
234 384
235 0
235 14
235 17
235 35
235 77
235 146
235 151
235 152
235 157
235 197
235 420
236 6
236 21
236 28
236 95
236 109
236 119
236 125
236 213
236 215
236 233
236 256
236 299
236 358
236 423
236 427
236 478
236 558
236 561
236 572
237 2
237 12
237 35
237 53
237 64
237 96
237 99
237 123
237 137
237 183
237 263
237 365
237 422
237 499
238 4
238 5
238 18
238 33
238 39
238 71
238 152
238 184
238 186
238 209
238 288
238 356
238 476
238 550
238 598
239 6
239 16
239 20
239 24
239 44
239 97
239 112
239 125
239 149
239 183
239 262
239 383
239 402
239 428
239 479
240 0
240 4
240 12
240 18
240 19
240 25
240 50
240 85
240 137
240 204
240 357
240 370
240 487
240 497
240 529
240 545
240 588
241 6
241 13
241 26
241 34
241 35
241 134
241 137
241 208
241 220
241 233
241 246
241 308
241 374
241 382
241 541
241 557
242 2
242 6
242 49
242 71
242 76
242 81
242 146
242 171
242 210
242 214
242 280
242 342
242 363
242 401
242 507
242 516
242 551
242 558
242 563
242 598
243 7
243 10
243 13
243 29
243 30
243 55
243 61
243 65
243 158
243 163
243 264
243 288
243 305
243 335
243 346
243 404
243 476
243 546
244 5
244 9
244 17
244 18
244 25
244 54
244 130
244 133
244 144
244 220
244 272
244 333
244 358
244 368
244 404
244 502
244 554
244 560
245 4
245 6
245 20
245 21
245 27
245 45
245 61
245 96
245 99
245 122
245 365
245 383
245 503
246 6
246 7
246 8
246 19
246 25
246 34
246 74
246 99
246 173
246 241
246 489
247 2
247 4
247 5
247 11
247 15
247 24
247 46
247 81
247 161
247 196
247 270
247 281
247 309
247 402
247 580
248 5
248 10
248 16
248 17
248 19
248 68
248 76
248 82
248 114
248 162
248 394
248 461
248 518
248 578
249 13
249 19
249 41
249 74
249 84
249 157
249 198
249 204
249 222
249 224
249 297
249 308
249 397
249 483
250 19
250 32
250 35
250 45
250 80
250 88
250 111
250 139
250 140
250 220
250 306
250 321
250 353
250 398
250 515
250 537
251 3
251 4
251 6
251 12
251 15
251 23
251 73
251 165
251 222
251 231
251 275
251 292
251 335
251 344
251 393
251 473
251 545
251 547
251 560
252 17
252 18
252 30
252 31
252 99
252 109
252 132
252 182
252 192
252 222
252 303
252 377
252 419
252 573
252 583
253 0
253 29
253 37
253 45
253 83
253 103
253 111
253 166
253 168
253 180
253 254
253 308
253 349
253 406
253 510
254 3
254 21
254 23
254 25
254 32
254 65
254 94
254 126
254 232
254 253
254 290
254 378
254 592
255 8
255 22
255 23
255 27
255 30
255 36
255 81
255 92
255 107
255 137
255 285
255 331
255 347
255 431
255 468
255 472
255 478
255 595
255 599
256 7
256 17
256 69
256 132
256 161
256 212
256 225
256 228
256 233
256 236
256 317
256 352
256 428
256 469
256 511
256 560
256 587
257 1
257 6
257 53
257 78
257 105
257 113
257 142
257 166
257 175
257 210
257 269
257 277
257 302
257 403
257 457
257 566
257 586
258 6
258 8
258 11
258 16
258 23
258 65
258 67
258 111
258 122
258 158
258 367
258 374
258 408
258 463
258 485
258 541
258 569
258 591
259 4
259 9
259 15
259 29
259 55
259 70
259 78
259 111
259 126
259 133
259 265
259 272
259 279
259 293
259 321
259 405
259 415
259 434
259 549
260 1
260 9
260 17
260 25
260 27
260 50
260 84
260 117
260 205
260 210
260 427
260 446
261 6
261 12
261 36
261 57
261 64
261 141
261 146
261 168
261 211
261 213
261 314
261 324
261 398
261 411
261 429
261 498
261 590
262 1
262 18
262 92
262 125
262 168
262 169
262 191
262 198
262 228
262 239
262 315
262 522
262 571
263 2
263 15
263 69
263 105
263 118
263 176
263 194
263 195
263 215
263 237
263 348
263 360
263 403
263 509
263 526
263 593
264 32
264 44
264 54
264 83
264 117
264 152
264 163
264 195
264 228
264 243
264 266
264 300
264 380
264 381
264 397
265 12
265 15
265 23
265 27
265 64
265 117
265 203
265 226
265 234
265 259
265 280
265 297
265 320
265 375
265 472
265 496
265 513
265 514
265 528
266 6
266 7
266 12
266 23
266 124
266 179
266 212
266 216
266 234
266 264
266 280
266 378
266 594
267 5
267 16
267 55
267 59
267 94
267 106
267 113
267 136
267 143
267 168
267 293
267 380
267 458
267 463
267 550
268 7
268 17
268 25
268 61
268 91
268 109
268 119
268 121
268 152
268 172
268 315
268 316
268 404
268 486
268 522
269 1
269 17
269 25
269 28
269 33
269 50
269 67
269 154
269 223
269 257
269 298
269 350
269 379
269 454
269 485
269 518
269 584
270 3
270 60
270 64
270 93
270 101
270 110
270 125
270 154
270 222
270 247
270 297
270 411
270 432
270 445
270 558
270 588
271 3
271 14
271 43
271 52
271 82
271 88
271 103
271 144
271 185
271 228
271 287
271 289
271 331
271 346
271 355
271 356
271 440
271 443
271 461
271 471
271 474
271 554
272 7
272 19
272 66
272 74
272 118
272 149
272 156
272 177
272 244
272 259
272 350
272 391
272 509
273 10
273 30
273 31
273 33
273 74
273 82
273 147
273 152
273 157
273 220
273 276
273 281
273 442
273 451
273 515
273 527
274 0
274 2
274 28
274 53
274 61
274 69
274 107
274 121
274 164
274 181
275 9
275 11
275 15
275 55
275 63
275 99
275 147
275 188
275 210
275 251
275 369
275 417
275 435
275 514
275 531
275 548
275 555
276 2
276 3
276 6
276 7
276 24
276 48
276 55
276 179
276 220
276 273
276 309
276 318
276 322
276 328
276 400
276 539
277 9
277 12
277 33
277 42
277 58
277 134
277 136
277 156
277 218
277 257
277 302
277 319
277 337
277 443
277 458
277 574
278 0
278 5
278 15
278 23
278 30
278 50
278 55
278 60
278 109
278 120
278 332
278 339
278 347
279 15
279 29
279 56
279 58
279 139
279 154
279 204
279 231
279 233
279 259
279 401
279 492
279 510
280 1
280 11
280 37
280 112
280 153
280 204
280 224
280 242
280 265
280 266
280 344
280 370
280 406
280 500
280 579
281 0
281 19
281 32
281 57
281 62
281 86
281 112
281 218
281 247
281 273
281 382
281 408
281 444
282 6
282 16
282 43
282 88
282 104
282 131
282 136
282 150
282 179
282 183
282 305
282 338
283 13
283 37
283 39
283 98
283 129
283 134
283 157
283 159
283 162
283 177
283 316
283 324
283 351
283 404
283 436
283 487
283 501
283 555
284 2
284 26
284 55
284 94
284 136
284 155
284 209
284 210
284 223
284 232
284 301
284 395
284 398
284 403
285 3
285 9
285 27
285 60
285 85
285 132
285 174
285 202
285 215
285 255
285 292
285 388
285 400
285 463
285 464
285 599
286 18
286 25
286 30
286 40
286 56
286 70
286 111
286 140
286 221
286 227
286 309
286 321
286 455
287 4
287 6
287 23
287 28
287 33
287 45
287 55
287 100
287 130
287 271
287 289
287 307
287 318
287 353
287 365
287 392
287 465
287 486
287 505
287 538
288 0
288 8
288 16
288 32
288 33
288 50
288 119
288 146
288 238
288 243
288 302
288 366
288 416
288 501
288 588
289 1
289 5
289 25
289 28
289 30
289 46
289 79
289 224
289 271
289 287
289 448
289 497
290 15
290 21
290 24
290 43
290 54
290 61
290 82
290 180
290 204
290 254
290 491
290 536
291 4
291 5
291 14
291 17
291 20
291 34
291 38
291 102
291 128
291 152
291 379
291 452
292 6
292 15
292 31
292 35
292 89
292 138
292 152
292 187
292 251
292 285
292 325
292 338
292 344
292 380
292 413
292 442
292 505
292 572
292 595
293 6
293 8
293 15
293 25
293 43
293 76
293 101
293 181
293 259
293 267
293 338
293 373
293 423
293 433
294 1
294 7
294 20
294 26
294 45
294 79
294 83
294 170
294 186
294 220
294 296
295 4
295 5
295 17
295 24
295 65
295 66
295 135
295 162
295 204
295 207
296 5
296 31
296 61
296 73
296 80
296 110
296 135
296 140
296 205
296 294
296 316
296 356
296 363
296 379
296 498
297 13
297 25
297 40
297 57
297 66
297 157
297 189
297 249
297 265
297 270
297 376
298 0
298 1
298 8
298 28
298 55
298 60
298 122
298 186
298 211
298 269
299 0
299 6
299 10
299 14
299 43
299 64
299 83
299 158
299 232
299 236
299 351
299 415
300 1
300 18
300 42
300 44
300 123
300 171
300 207
300 209
300 228
300 264
300 421
300 423
300 489
301 6
301 55
301 64
301 69
301 76
301 136
301 147
301 192
301 198
301 284
301 374
301 408
301 416
301 503
301 520
301 525
301 587
302 14
302 17
302 29
302 82
302 98
302 183
302 219
302 257
302 277
302 288
302 328
302 409
302 500
302 595
303 8
303 18
303 22
303 25
303 28
303 34
303 46
303 69
303 99
303 252
303 332
303 379
303 385
303 430
303 451
303 581
304 33
304 38
304 46
304 70
304 81
304 106
304 120
304 122
304 136
304 154
304 344
304 457
304 482
304 586
305 4
305 30
305 38
305 45
305 52
305 54
305 129
305 153
305 243
305 282
305 309
305 368
305 424
305 486
305 518
305 577
306 4
306 8
306 9
306 13
306 21
306 25
306 134
306 204
306 210
306 250
306 314
306 324
306 359
306 497
306 514
306 574
306 593
306 596
307 10
307 11
307 31
307 47
307 77
307 94
307 99
307 124
307 152
307 287
307 388
307 456
307 494
307 508
307 542
308 3
308 25
308 51
308 69
308 76
308 116
308 117
308 241
308 249
308 253
308 379
308 381
308 513
309 30
309 64
309 115
309 128
309 179
309 205
309 247
309 276
309 286
309 305
310 2
310 5
310 9
310 27
310 62
310 77
310 94
310 120
310 191
310 234
310 356
311 1
311 9
311 10
311 50
311 81
311 84
311 95
311 99
311 156
311 165
311 323
311 377
311 430
311 447
311 516
311 539
311 587
312 2
312 6
312 10
312 11
312 24
312 39
312 48
312 55
312 73
312 233
312 363
312 370
312 464
312 514
312 570
313 4
313 21
313 40
313 41
313 55
313 62
313 101
313 121
313 142
313 224
313 433
313 481
313 489
314 6
314 10
314 27
314 53
314 88
314 115
314 148
314 155
314 261
314 306
314 373
314 396
314 405
314 409
314 534
314 557
315 4
315 23
315 92
315 109
315 122
315 134
315 204
315 226
315 262
315 268
315 320
315 375
315 417
315 461
315 569
315 576
316 4
316 10
316 26
316 49
316 73
316 147
316 172
316 268
316 283
316 296
316 422
316 435
316 437
316 467
316 562
317 3
317 13
317 18
317 21
317 29
317 49
317 141
317 198
317 222
317 256
317 487
317 530
318 4
318 5
318 32
318 45
318 48
318 101
318 132
318 153
318 276
318 287
319 6
319 8
319 12
319 27
319 37
319 135
319 138
319 142
319 224
319 277
319 451
319 462
319 463
319 496
320 5
320 51
320 79
320 96
320 141
320 204
320 208
320 230
320 265
320 315
320 341
320 368
320 453
320 586
321 0
321 5
321 34
321 114
321 142
321 216
321 232
321 250
321 259
321 286
321 343
321 391
321 405
321 452
321 486
322 1
322 6
322 8
322 21
322 70
322 93
322 171
322 214
322 222
322 276
322 414
322 476
322 507
322 546
322 574
323 6
323 17
323 32
323 48
323 50
323 134
323 148
323 199
323 224
323 311
323 372
323 443
323 470
323 520
323 597
324 6
324 26
324 36
324 93
324 107
324 160
324 205
324 261
324 283
324 306
324 337
324 413
324 519
325 5
325 6
325 18
325 20
325 26
325 67
325 81
325 148
325 193
325 292
325 359
325 407
325 441
325 518
326 3
326 15
326 27
326 51
326 61
326 86
326 148
326 169
326 183
326 233
326 351
326 395
326 430
326 587
327 1
327 5
327 13
327 28
327 46
327 57
327 108
327 128
327 147
327 154
327 432
327 449
327 502
327 549
327 573
328 0
328 5
328 8
328 11
328 60
328 143
328 158
328 172
328 276
328 302
328 521
328 535
328 592
329 3
329 4
329 27
329 30
329 59
329 72
329 84
329 168
329 195
329 234
329 465
329 500
329 512
329 528
329 563
330 3
330 35
330 49
330 59
330 86
330 98
330 133
330 160
330 178
330 204
330 351
330 435
330 441
330 564
331 6
331 38
331 61
331 66
331 88
331 95
331 183
331 189
331 255
331 271
331 357
331 585
332 2
332 14
332 45
332 49
332 52
332 54
332 99
332 134
332 278
332 303
332 388
332 533
332 587
333 24
333 25
333 31
333 44
333 56
333 105
333 198
333 215
333 231
333 244
333 336
333 371
333 485
333 574
334 11
334 15
334 24
334 37
334 54
334 81
334 129
334 215
334 216
334 225
334 357
334 387
334 413
334 419
334 421
334 443
335 1
335 3
335 32
335 194
335 197
335 204
335 216
335 227
335 243
335 251
335 338
335 432
335 556
335 580
336 13
336 15
336 16
336 21
336 28
336 52
336 94
336 96
336 154
336 333
336 438
336 524
337 6
337 7
337 13
337 76
337 106
337 159
337 163
337 190
337 277
337 324
337 391
337 402
337 481
338 10
338 35
338 36
338 168
338 182
338 212
338 282
338 292
338 293
338 335
338 378
338 425
338 453
338 469
338 542
339 0
339 1
339 4
339 5
339 51
339 57
339 58
339 110
339 140
339 278
339 344
339 384
339 390
339 511
339 543
340 7
340 21
340 30
340 41
340 74
340 138
340 143
340 153
340 206
340 222
340 423
341 5
341 12
341 22
341 38
341 49
341 69
341 101
341 154
341 189
341 320
341 394
341 400
341 546
342 7
342 10
342 67
342 148
342 153
342 163
342 164
342 197
342 206
342 242
342 554
343 3
343 5
343 10
343 19
343 27
343 65
343 124
343 140
343 218
343 321
343 517
344 31
344 39
344 43
344 44
344 64
344 251
344 280
344 292
344 304
344 339
344 568
345 6
345 8
345 9
345 18
345 31
345 43
345 45
345 161
345 217
345 219
345 361
345 427
345 556
346 1
346 3
346 22
346 25
346 52
346 55
346 206
346 223
346 243
346 271
346 583
347 0
347 4
347 26
347 34
347 57
347 64
347 84
347 233
347 255
347 278
347 390
347 398
347 460
347 471
348 4
348 5
348 37
348 57
348 101
348 122
348 192
348 222
348 230
348 263
348 362
348 540
348 553
349 4
349 5
349 6
349 34
349 70
349 101
349 126
349 158
349 204
349 253
349 433
349 480
349 486
349 565
349 595
350 2
350 46
350 51
350 61
350 70
350 106
350 120
350 158
350 269
350 272
350 352
350 561
351 5
351 16
351 38
351 49
351 60
351 92
351 283
351 299
351 326
351 330
351 378
351 419
351 424
351 460
351 466
351 488
351 490
351 576
351 580
351 585
352 3
352 10
352 11
352 44
352 86
352 174
352 204
352 226
352 256
352 350
353 16
353 22
353 25
353 30
353 59
353 105
353 122
353 140
353 250
353 287
353 366
353 429
353 447
353 490
353 552
353 578
354 3
354 4
354 7
354 35
354 36
354 55
354 150
354 156
354 219
354 233
354 355
354 358
354 448
354 500
355 69
355 103
355 176
355 184
355 203
355 216
355 227
355 230
355 271
355 354
355 394
355 395
355 397
355 407
355 476
355 489
355 570
356 94
356 175
356 181
356 189
356 198
356 216
356 238
356 271
356 296
356 310
356 431
356 435
356 588
356 594
357 5
357 10
357 34
357 45
357 148
357 151
357 177
357 240
357 331
357 334
357 404
357 406
357 462
357 483
357 546
358 5
358 9
358 13
358 36
358 57
358 215
358 223
358 236
358 244
358 354
358 363
358 385
358 431
358 437
359 1
359 9
359 10
359 26
359 46
359 113
359 115
359 174
359 306
359 325
359 361
359 424
359 519
359 522
360 5
360 6
360 7
360 13
360 38
360 49
360 65
360 100
360 209
360 263
360 570
361 27
361 55
361 86
361 134
361 142
361 215
361 216
361 230
361 345
361 359
361 393
361 456
361 567
361 590
362 18
362 26
362 29
362 43
362 63
362 96
362 128
362 214
362 216
362 348
362 523
362 528
363 7
363 11
363 110
363 123
363 138
363 223
363 242
363 296
363 312
363 358
363 401
363 431
363 448
363 489
363 507
363 557
363 590
363 592
364 6
364 7
364 36
364 61
364 76
364 78
364 174
364 194
364 204
364 216
364 365
365 2
365 19
365 29
365 44
365 68
365 135
365 237
365 245
365 287
365 364
365 411
365 503
365 511
366 24
366 43
366 92
366 105
366 120
366 169
366 192
366 210
366 288
366 353
366 376
366 398
366 425
366 496
366 499
366 529
366 555
367 2
367 32
367 33
367 41
367 47
367 77
367 106
367 112
367 219
367 258
367 445
367 488
368 6
368 8
368 37
368 48
368 205
368 216
368 222
368 244
368 305
368 320
368 536
368 575
369 14
369 29
369 34
369 35
369 38
369 41
369 45
369 46
369 223
369 275
369 429
369 434
369 455
369 472
369 555
369 561
370 1
370 51
370 122
370 145
370 153
370 221
370 233
370 240
370 280
370 312
370 463
370 519
370 552
371 9
371 11
371 18
371 30
371 41
371 42
371 76
371 104
371 144
371 333
371 459
371 513
372 7
372 37
372 50
372 51
372 60
372 61
372 68
372 163
372 215
372 323
372 384
372 497
372 552
373 0
373 3
373 10
373 11
373 44
373 51
373 140
373 221
373 293
373 314
373 410
373 523
373 545
374 0
374 4
374 20
374 45
374 132
374 169
374 175
374 241
374 258
374 301
374 540
375 0
375 8
375 10
375 28
375 70
375 117
375 118
375 164
375 265
375 315
375 508
375 532
376 1
376 2
376 37
376 56
376 88
376 106
376 183
376 226
376 297
376 366
376 391
376 401
376 409
377 6
377 21
377 62
377 75
377 80
377 89
377 108
377 160
377 252
377 311
377 380
377 389
377 395
378 1
378 21
378 55
378 62
378 148
378 202
378 254
378 266
378 338
378 351
379 9
379 34
379 37
379 45
379 123
379 269
379 291
379 296
379 303
379 308
379 409
379 434
379 439
379 543
380 8
380 47
380 50
380 134
380 159
380 176
380 264
380 267
380 292
380 377
380 390
380 392
380 396
380 540
380 570
380 579
381 1
381 16
381 33
381 43
381 46
381 60
381 65
381 199
381 264
381 308
381 418
382 5
382 26
382 30
382 85
382 101
382 112
382 192
382 227
382 241
382 281
382 469
382 567
383 8
383 36
383 44
383 56
383 99
383 142
383 157
383 211
383 239
383 245
383 393
383 409
383 581
384 18
384 27
384 30
384 120
384 132
384 186
384 204
384 234
384 339
384 372
384 394
384 545
384 548
384 564
384 599
385 7
385 8
385 41
385 52
385 88
385 136
385 185
385 201
385 303
385 358
385 461
385 511
385 588
386 8
386 12
386 13
386 24
386 34
386 35
386 41
386 57
386 175
386 214
386 476
386 541
387 10
387 94
387 98
387 99
387 122
387 140
387 173
387 218
387 233
387 334
387 396
387 456
387 479
387 533
387 541
388 16
388 20
388 33
388 43
388 119
388 142
388 201
388 285
388 307
388 332
388 523
389 23
389 27
389 31
389 37
389 44
389 45
389 85
389 157
389 176
389 377
389 393
389 401
389 408
389 412
389 510
389 515
390 2
390 16
390 52
390 84
390 126
390 215
390 216
390 339
390 347
390 380
390 504
391 0
391 32
391 63
391 192
391 204
391 215
391 272
391 321
391 337
391 376
391 456
391 585
392 10
392 17
392 32
392 39
392 101
392 138
392 141
392 195
392 287
392 380
392 440
392 535
393 5
393 6
393 33
393 50
393 67
393 68
393 251
393 361
393 383
393 389
393 495
393 507
393 508
393 545
393 558
393 577
394 35
394 132
394 135
394 140
394 155
394 183
394 248
394 341
394 355
394 384
395 7
395 8
395 67
395 130
395 141
395 152
395 284
395 326
395 355
395 377
395 491
396 5
396 8
396 35
396 52
396 92
396 138
396 176
396 314
396 380
396 387
396 445
396 527
397 6
397 16
397 20
397 80
397 109
397 223
397 230
397 249
397 264
397 355
397 399
397 426
397 589
398 43
398 60
398 61
398 141
398 227
398 250
398 261
398 284
398 347
398 366
399 4
399 7
399 16
399 25
399 32
399 51
399 60
399 144
399 173
399 397
399 429
399 431
399 521
399 535
399 571
399 573
400 2
400 55
400 111
400 115
400 186
400 191
400 211
400 276
400 285
400 341
400 456
400 530
401 12
401 44
401 46
401 191
401 230
401 242
401 279
401 363
401 376
401 389
402 10
402 30
402 31
402 40
402 90
402 132
402 192
402 239
402 247
402 337
402 410
402 473
402 477
402 506
402 542
402 587
403 30
403 52
403 82
403 97
403 126
403 163
403 179
403 257
403 263
403 284
403 474
403 505
403 561
403 565
404 21
404 38
404 152
404 153
404 214
404 243
404 244
404 268
404 283
404 357
404 416
405 6
405 22
405 83
405 140
405 185
405 197
405 228
405 259
405 314
405 321
405 457
405 548
406 21
406 40
406 54
406 61
406 67
406 96
406 162
406 253
406 280
406 357
407 7
407 9
407 21
407 48
407 69
407 90
407 92
407 94
407 325
407 355
407 491
407 583
407 586
408 14
408 35
408 106
408 121
408 183
408 194
408 258
408 281
408 301
408 389
408 475
409 32
409 107
409 160
409 204
409 223
409 302
409 314
409 376
409 379
409 383
409 465
409 472
409 567
410 0
410 17
410 76
410 127
410 136
410 149
410 198
410 208
410 373
410 402
411 3
411 56
411 81
411 86
411 98
411 106
411 122
411 261
411 270
411 365
411 467
412 15
412 23
412 30
412 49
412 71
412 99
412 123
412 148
412 224
412 389
412 537
412 562
412 591
413 10
413 17
413 26
413 38
413 68
413 105
413 114
413 292
413 324
413 334
413 523
414 0
414 3
414 8
414 10
414 45
414 64
414 105
414 154
414 166
414 322
414 474
414 598
415 1
415 25
415 42
415 58
415 75
415 87
415 184
415 228
415 259
415 299
416 3
416 4
416 13
416 38
416 39
416 52
416 186
416 288
416 301
416 404
416 438
416 487
416 574
417 6
417 12
417 63
417 93
417 112
417 113
417 170
417 171
417 275
417 315
417 460
418 3
418 12
418 15
418 16
418 29
418 44
418 110
418 121
418 232
418 381
418 420
418 540
419 16
419 21
419 34
419 61
419 62
419 147
419 159
419 252
419 334
419 351
419 518
420 3
420 7
420 11
420 28
420 31
420 63
420 66
420 150
420 235
420 418
420 553
421 5
421 22
421 29
421 53
421 90
421 124
421 140
421 229
421 300
421 334
421 564
421 582
422 5
422 8
422 11
422 69
422 110
422 123
422 141
422 166
422 237
422 316
422 509
423 14
423 21
423 92
423 155
423 182
423 216
423 236
423 293
423 300
423 340
423 452
424 1
424 3
424 10
424 45
424 62
424 201
424 212
424 305
424 351
424 359
424 425
424 444
424 597
425 5
425 10
425 17
425 69
425 96
425 145
425 219
425 338
425 366
425 424
425 556
425 569
426 26
426 34
426 35
426 71
426 93
426 116
426 168
426 208
426 232
426 397
426 566
426 573
426 582
427 1
427 25
427 60
427 65
427 103
427 160
427 174
427 236
427 260
427 345
428 15
428 51
428 78
428 149
428 150
428 154
428 155
428 230
428 239
428 256
428 501
428 544
429 6
429 35
429 57
429 92
429 109
429 138
429 261
429 353
429 369
429 399
429 453
429 483
429 583
430 1
430 23
430 24
430 27
430 29
430 33
430 223
430 303
430 311
430 326
430 513
430 516
430 536
431 0
431 14
431 21
431 80
431 134
431 255
431 356
431 358
431 363
431 399
432 1
432 3
432 7
432 13
432 42
432 91
432 109
432 270
432 327
432 335
432 437
432 552
433 7
433 9
433 16
433 42
433 62
433 65
433 195
433 293
433 313
433 349
433 436
433 512
433 585
433 597
434 7
434 17
434 18
434 24
434 35
434 50
434 113
434 259
434 369
434 379
434 489
435 0
435 14
435 15
435 93
435 169
435 223
435 275
435 316
435 330
435 356
435 449
435 498
435 503
435 547
436 5
436 29
436 48
436 62
436 76
436 83
436 102
436 152
436 283
436 433
436 582
437 15
437 33
437 55
437 96
437 123
437 181
437 207
437 316
437 358
437 432
437 497
437 512
437 562
438 0
438 6
438 12
438 15
438 19
438 35
438 74
438 119
438 336
438 416
438 449
438 529
438 531
438 561
438 578
439 4
439 6
439 17
439 23
439 26
439 53
439 59
439 160
439 180
439 379
439 474
439 485
440 3
440 6
440 45
440 60
440 111
440 115
440 130
440 133
440 271
440 392
441 2
441 5
441 20
441 21
441 40
441 155
441 174
441 201
441 325
441 330
442 59
442 62
442 85
442 119
442 150
442 185
442 206
442 212
442 273
442 292
442 467
442 473
442 509
442 522
442 557
443 10
443 34
443 52
443 58
443 146
443 153
443 271
443 277
443 323
443 334
443 494
443 516
444 3
444 28
444 39
444 84
444 95
444 145
444 179
444 219
444 281
444 424
444 518
444 533
444 569
445 7
445 17
445 26
445 62
445 73
445 101
445 161
445 270
445 367
445 396
445 559
445 560
446 12
446 13
446 14
446 21
446 31
446 45
446 73
446 115
446 226
446 260
447 5
447 44
447 77
447 83
447 133
447 137
447 187
447 188
447 311
447 353
447 524
447 531
447 580
448 0
448 5
448 181
448 192
448 204
448 208
448 213
448 289
448 354
448 363
449 2
449 6
449 13
449 37
449 88
449 199
449 220
449 327
449 435
449 438
449 536
450 2
450 46
450 48
450 57
450 91
450 94
450 119
450 201
450 204
450 233
450 501
451 7
451 21
451 26
451 87
451 111
451 118
451 173
451 273
451 303
451 319
451 478
452 14
452 17
452 45
452 59
452 68
452 121
452 135
452 291
452 321
452 423
453 6
453 10
453 29
453 80
453 86
453 177
453 179
453 320
453 338
453 429
453 496
453 512
454 32
454 34
454 78
454 102
454 105
454 109
454 160
454 170
454 186
454 269
454 462
454 484
454 564
455 3
455 12
455 22
455 25
455 33
455 45
455 46
455 219
455 286
455 369
455 505
456 29
456 49
456 52
456 110
456 191
456 307
456 361
456 387
456 391
456 400
456 510
457 19
457 32
457 59
457 74
457 142
457 148
457 209
457 257
457 304
457 405
457 458
457 495
458 6
458 13
458 14
458 30
458 34
458 107
458 187
458 267
458 277
458 457
458 464
458 496
458 507
458 547
459 4
459 6
459 10
459 57
459 66
459 99
459 114
459 143
459 169
459 371
459 583
460 1
460 11
460 17
460 22
460 138
460 142
460 166
460 347
460 351
460 417
460 466
460 482
461 51
461 65
461 68
461 100
461 194
461 223
461 248
461 271
461 315
461 385
461 476
461 506
461 515
461 575
462 2
462 12
462 51
462 67
462 125
462 139
462 207
462 319
462 357
462 454
462 567
463 4
463 153
463 211
463 223
463 224
463 258
463 267
463 285
463 319
463 370
464 31
464 48
464 154
464 165
464 171
464 200
464 229
464 285
464 312
464 458
464 542
465 7
465 18
465 26
465 31
465 38
465 53
465 216
465 287
465 329
465 409
465 558
465 590
466 4
466 15
466 28
466 37
466 46
466 153
466 205
466 212
466 351
466 460
466 488
466 504
466 511
466 525
467 1
467 26
467 28
467 65
467 90
467 103
467 150
467 316
467 411
467 442
467 499
467 508
468 1
468 18
468 22
468 44
468 45
468 84
468 87
468 102
468 162
468 255
469 44
469 68
469 89
469 155
469 194
469 203
469 206
469 256
469 338
469 382
469 482
469 530
469 533
470 24
470 26
470 43
470 47
470 61
470 73
470 140
470 147
470 164
470 323
471 5
471 10
471 45
471 46
471 103
471 112
471 127
471 147
471 271
471 347
471 523
471 531
472 1
472 24
472 27
472 29
472 197
472 216
472 255
472 265
472 369
472 409
472 557
473 7
473 20
473 31
473 68
473 87
473 88
473 94
473 251
473 402
473 442
473 529
474 6
474 8
474 9
474 86
474 99
474 163
474 271
474 403
474 414
474 439
474 551
475 22
475 36
475 43
475 59
475 84
475 108
475 121
475 152
475 194
475 408
475 490
475 535
476 1
476 57
476 175
476 187
476 238
476 243
476 322
476 355
476 386
476 461
476 520
476 537
476 597
477 16
477 36
477 56
477 85
477 98
477 123
477 127
477 128
477 167
477 402
478 7
478 14
478 33
478 42
478 96
478 123
478 167
478 236
478 255
478 451
478 497
479 7
479 39
479 44
479 65
479 78
479 97
479 187
479 225
479 239
479 387
480 9
480 16
480 28
480 33
480 69
480 95
480 99
480 111
480 207
480 349
480 502
480 563
481 27
481 86
481 93
481 117
481 144
481 180
481 195
481 222
481 313
481 337
481 490
481 582
482 2
482 13
482 81
482 84
482 138
482 147
482 194
482 304
482 460
482 469
482 594
483 0
483 3
483 62
483 81
483 166
483 178
483 201
483 249
483 357
483 429
484 9
484 11
484 36
484 38
484 40
484 43
484 83
484 85
484 150
484 454
485 2
485 15
485 33
485 65
485 75
485 92
485 258
485 269
485 333
485 439
486 5
486 23
486 30
486 53
486 210
486 268
486 287
486 305
486 321
486 349
487 4
487 23
487 41
487 49
487 55
487 68
487 240
487 283
487 317
487 416
488 5
488 9
488 50
488 104
488 130
488 148
488 216
488 351
488 367
488 466
488 500
488 502
488 504
488 535
488 561
488 577
489 6
489 16
489 28
489 225
489 246
489 300
489 313
489 355
489 363
489 434
490 1
490 6
490 31
490 65
490 148
490 172
490 351
490 353
490 475
490 481
491 20
491 50
491 57
491 65
491 69
491 134
491 193
491 290
491 395
491 407
491 595
492 3
492 8
492 31
492 35
492 45
492 103
492 189
492 194
492 202
492 279
492 505
493 3
493 6
493 29
493 39
493 51
493 85
493 88
493 101
493 106
493 228
494 8
494 21
494 59
494 70
494 122
494 154
494 200
494 206
494 307
494 443
494 497
494 537
495 14
495 17
495 21
495 27
495 75
495 77
495 150
495 216
495 393
495 457
496 46
496 50
496 106
496 116
496 178
496 265
496 319
496 366
496 453
496 458
496 580
497 165
497 184
497 217
497 240
497 289
497 306
497 372
497 437
497 478
497 494
498 2
498 6
498 18
498 28
498 58
498 63
498 87
498 261
498 296
498 435
498 524
499 80
499 83
499 84
499 94
499 124
499 156
499 198
499 237
499 366
499 467
500 58
500 62
500 137
500 141
500 164
500 280
500 302
500 329
500 354
500 488
500 504
500 531
500 569
501 17
501 32
501 45
501 101
501 125
501 154
501 283
501 288
501 428
501 450
501 550
502 52
502 55
502 60
502 83
502 94
502 121
502 244
502 327
502 480
502 488
503 11
503 23
503 25
503 28
503 93
503 160
503 245
503 301
503 365
503 435
503 572
503 592
503 595
504 6
504 16
504 34
504 59
504 66
504 193
504 390
504 466
504 488
504 500
504 577
505 42
505 44
505 62
505 84
505 144
505 287
505 292
505 403
505 455
505 492
505 539
505 569
505 578
505 594
506 3
506 6
506 21
506 54
506 77
506 129
506 133
506 210
506 402
506 461
506 546
507 1
507 74
507 81
507 82
507 95
507 242
507 322
507 363
507 393
507 458
507 529
508 30
508 43
508 68
508 89
508 177
508 190
508 307
508 375
508 393
508 467
509 7
509 24
509 54
509 96
509 103
509 113
509 263
509 272
509 422
509 442
509 571
509 579
510 0
510 11
510 30
510 73
510 89
510 119
510 253
510 279
510 389
510 456
511 3
511 14
511 193
511 204
511 231
511 256
511 339
511 365
511 385
511 466
511 560
512 6
512 43
512 48
512 120
512 139
512 169
512 329
512 433
512 437
512 453
512 527
512 547
513 3
513 11
513 13
513 67
513 203
513 206
513 265
513 308
513 371
513 430
513 543
514 43
514 63
514 82
514 84
514 156
514 214
514 265
514 275
514 306
514 312
514 545
515 3
515 44
515 152
515 189
515 196
515 227
515 250
515 273
515 389
515 461
516 5
516 28
516 32
516 94
516 154
516 218
516 242
516 311
516 430
516 443
516 537
516 563
517 8
517 20
517 21
517 43
517 51
517 66
517 98
517 151
517 176
517 343
517 550
518 25
518 34
518 183
518 218
518 248
518 269
518 305
518 325
518 419
518 444
518 594
519 16
519 22
519 27
519 82
519 106
519 182
519 204
519 324
519 359
519 370
519 566
519 574
520 18
520 34
520 46
520 48
520 99
520 112
520 140
520 301
520 323
520 476
520 534
521 2
521 10
521 105
521 114
521 120
521 170
521 191
521 194
521 328
521 399
522 76
522 78
522 83
522 107
522 121
522 180
522 262
522 268
522 359
522 442
523 55
523 65
523 67
523 140
523 142
523 362
523 373
523 388
523 413
523 471
523 593
523 596
524 4
524 16
524 28
524 131
524 179
524 195
524 218
524 336
524 447
524 498
524 533
525 3
525 27
525 29
525 82
525 141
525 144
525 188
525 191
525 301
525 466
525 539
525 563
526 5
526 9
526 22
526 51
526 74
526 82
526 126
526 127
526 170
526 263
527 3
527 15
527 46
527 56
527 66
527 139
527 217
527 273
527 396
527 512
527 533
528 12
528 32
528 34
528 82
528 111
528 169
528 219
528 265
528 329
528 362
529 12
529 14
529 64
529 150
529 190
529 240
529 366
529 438
529 473
529 507
530 8
530 43
530 44
530 52
530 109
530 164
530 181
530 317
530 400
530 469
530 547
531 1
531 132
531 142
531 202
531 211
531 275
531 438
531 447
531 471
531 500
532 6
532 7
532 24
532 35
532 46
532 82
532 97
532 147
532 201
532 375
533 0
533 21
533 26
533 133
533 332
533 387
533 444
533 469
533 524
533 527
533 548
533 570
534 10
534 16
534 30
534 42
534 50
534 60
534 110
534 176
534 314
534 520
535 10
535 26
535 122
535 214
535 215
535 328
535 392
535 399
535 475
535 488
536 7
536 38
536 46
536 71
536 84
536 154
536 290
536 368
536 430
536 449
536 538
537 9
537 17
537 69
537 98
537 194
537 250
537 412
537 476
537 494
537 516
538 6
538 49
538 55
538 67
538 81
538 119
538 120
538 217
538 287
538 536
538 560
539 7
539 17
539 27
539 102
539 186
539 216
539 276
539 311
539 505
539 525
540 59
540 86
540 96
540 132
540 140
540 157
540 348
540 374
540 380
540 418
541 1
541 4
541 48
541 55
541 112
541 147
541 241
541 258
541 386
541 387
541 589
542 9
542 17
542 61
542 93
542 148
542 209
542 307
542 338
542 402
542 464
542 583
543 16
543 23
543 30
543 95
543 102
543 136
543 209
543 339
543 379
543 513
543 546
544 1
544 5
544 43
544 51
544 100
544 140
544 162
544 180
544 187
544 428
544 597
545 20
545 28
545 70
545 152
545 240
545 251
545 373
545 384
545 393
545 514
546 6
546 49
546 97
546 219
546 243
546 322
546 341
546 357
546 506
546 543
546 553
547 6
547 16
547 22
547 84
547 193
547 251
547 435
547 458
547 512
547 530
548 3
548 4
548 5
548 22
548 46
548 59
548 275
548 384
548 405
548 533
549 1
549 14
549 17
549 35
549 37
549 76
549 82
549 204
549 259
549 327
550 6
550 14
550 27
550 28
550 31
550 155
550 238
550 267
550 501
550 517
551 6
551 48
551 57
551 78
551 108
551 119
551 120
551 194
551 242
551 474
552 9
552 21
552 92
552 139
552 179
552 215
552 353
552 370
552 372
552 432
552 575
553 0
553 1
553 5
553 45
553 72
553 136
553 157
553 348
553 420
553 546
553 596
554 29
554 43
554 64
554 72
554 77
554 114
554 214
554 244
554 271
554 342
554 563
555 6
555 10
555 77
555 117
555 125
555 175
555 275
555 283
555 366
555 369
555 559
555 586
556 21
556 57
556 65
556 70
556 84
556 89
556 152
556 335
556 345
556 425
556 582
557 63
557 71
557 78
557 152
557 189
557 241
557 314
557 363
557 442
557 472
557 591
558 2
558 44
558 118
558 138
558 225
558 236
558 242
558 270
558 393
558 465
559 1
559 16
559 22
559 23
559 27
559 34
559 39
559 226
559 445
559 555
560 25
560 33
560 78
560 194
560 244
560 251
560 256
560 445
560 511
560 538
561 5
561 9
561 23
561 219
561 236
561 350
561 369
561 403
561 438
561 488
562 0
562 4
562 78
562 144
562 149
562 167
562 219
562 316
562 412
562 437
563 9
563 17
563 55
563 204
563 242
563 329
563 480
563 516
563 525
563 554
564 6
564 7
564 12
564 44
564 74
564 153
564 330
564 384
564 421
564 454
565 13
565 61
565 106
565 123
565 142
565 156
565 224
565 228
565 349
565 403
566 30
566 34
566 66
566 67
566 78
566 101
566 111
566 257
566 426
566 519
566 580
567 24
567 60
567 65
567 135
567 171
567 207
567 361
567 382
567 409
567 462
567 576
568 3
568 4
568 9
568 50
568 75
568 83
568 108
568 117
568 191
568 344
569 16
569 150
569 193
569 209
569 258
569 315
569 425
569 444
569 500
569 505
570 0
570 46
570 59
570 69
570 215
570 312
570 355
570 360
570 380
570 533
571 5
571 16
571 17
571 83
571 94
571 143
571 207
571 262
571 399
571 509
572 5
572 7
572 21
572 43
572 120
572 153
572 233
572 236
572 292
572 503
573 14
573 25
573 30
573 37
573 119
573 127
573 252
573 327
573 399
573 426
574 5
574 61
574 109
574 217
574 277
574 306
574 322
574 333
574 416
574 519
575 27
575 49
575 53
575 96
575 106
575 228
575 232
575 368
575 461
575 552
576 7
576 27
576 84
576 133
576 135
576 152
576 180
576 315
576 351
576 567
577 6
577 25
577 31
577 44
577 66
577 124
577 305
577 393
577 488
577 504
578 16
578 18
578 101
578 119
578 122
578 165
578 248
578 353
578 438
578 505
579 22
579 34
579 50
579 61
579 75
579 141
579 185
579 280
579 380
579 509
580 9
580 17
580 109
580 156
580 247
580 335
580 351
580 447
580 496
580 566
581 1
581 6
581 34
581 76
581 99
581 122
581 137
581 198
581 303
581 383
582 17
582 74
582 128
582 154
582 216
582 421
582 426
582 436
582 481
582 556
583 0
583 7
583 156
583 216
583 252
583 346
583 407
583 429
583 459
583 542
583 584
584 2
584 32
584 43
584 46
584 50
584 68
584 108
584 139
584 269
584 583
585 36
585 59
585 75
585 85
585 196
585 202
585 331
585 351
585 391
585 433
586 0
586 25
586 45
586 122
586 186
586 257
586 304
586 320
586 407
586 555
587 36
587 50
587 124
587 148
587 256
587 301
587 311
587 326
587 332
587 402
588 16
588 19
588 120
588 165
588 231
588 240
588 270
588 288
588 356
588 385
589 7
589 25
589 40
589 111
589 165
589 172
589 211
589 227
589 397
589 541
590 6
590 27
590 47
590 66
590 86
590 191
590 261
590 361
590 363
590 465
591 2
591 7
591 25
591 36
591 85
591 128
591 146
591 258
591 412
591 557
592 5
592 7
592 37
592 59
592 80
592 166
592 254
592 328
592 363
592 503
593 0
593 4
593 14
593 56
593 61
593 99
593 150
593 263
593 306
593 523
594 4
594 24
594 55
594 63
594 87
594 266
594 356
594 482
594 505
594 518
595 12
595 15
595 95
595 129
595 255
595 292
595 302
595 349
595 491
595 503
596 13
596 43
596 74
596 107
596 112
596 136
596 230
596 306
596 523
596 553
597 4
597 20
597 41
597 181
597 224
597 323
597 424
597 433
597 476
597 544
598 0
598 49
598 62
598 77
598 129
598 137
598 154
598 238
598 242
598 414
598 599
599 25
599 26
599 124
599 139
599 162
599 188
599 255
599 285
599 384
599 598
