0 25
1 36
2 44
3 33
4 38
5 31
6 37
7 38
8 36
9 45
10 38
11 46
12 42
13 41
14 30
15 44
16 28
17 40
18 40
19 36
20 31
21 30
22 25
23 35
24 46
25 44
26 43
27 41
28 36
29 41
30 26
31 36
32 46
33 35
34 41
35 43
36 36
37 36
38 39
39 39
40 35
41 37
42 36
43 34
44 31
45 38
46 34
47 45
48 38
49 43
50 30
51 32
52 37
53 37
54 43
55 30
56 40
57 43
58 34
59 35
60 35
61 39
62 36
63 31
64 29
65 47
66 29
67 39
68 41
69 43
70 43
71 37
72 43
73 40
74 41
75 37
76 37
77 37
78 30
79 37
80 32
81 33
82 43
83 41
84 36
85 42
86 46
87 35
88 38
89 49
90 28
91 37
92 29
93 40
94 34
95 42
96 42
97 33
98 29
99 43
100 33
101 28
102 35
103 33
104 37
105 30
106 36
107 30
108 36
109 35
110 37
111 40
112 38
113 43
114 43
115 30
116 38
117 30
118 36
119 41
120 31
121 28
122 33
123 35
124 41
125 51
126 44
127 35
128 39
129 35
130 41
131 34
132 33
133 40
134 40
135 27
136 32
137 32
138 48
139 53
140 44
141 48
142 33
143 35
144 40
145 36
146 46
147 35
148 37
149 40
150 40
151 32
152 29
153 29
154 27
155 36
156 35
157 33
158 38
159 33
160 46
161 38
162 35
163 45
164 37
165 42
166 39
167 32
168 40
169 33
170 33
171 44
172 52
173 34
174 41
175 30
176 29
177 41
178 29
179 28
180 37
181 42
182 35
183 37
184 21
185 31
186 36
187 35
188 34
189 37
190 39
191 42
192 30
193 35
194 37
195 30
196 36
197 43
198 32
199 33
200 40
201 28
202 44
203 45
204 38
205 29
206 34
207 42
208 36
209 42
210 30
211 35
212 39
213 30
214 41
215 38
216 40
217 46
218 38
219 31
220 39
221 34
222 38
223 27
224 30
225 22
226 43
227 46
228 43
229 37
230 33
231 35
232 29
233 32
234 34
235 38
236 35
237 37
238 31
239 38
240 46
241 41
242 45
243 46
244 32
245 31
246 36
247 45
248 39
249 36
250 41
251 46
252 36
253 40
254 27
255 36
256 40
257 38
258 39
259 37
260 33
261 35
262 26
263 44
264 39
265 41
266 37
267 44
268 40
269 38
270 37
271 33
272 30
273 33
274 48
275 48
276 34
277 49
278 49
279 46
280 41
281 38
282 28
283 50
284 50
285 41
286 36
287 42
288 50
289 44
290 34
291 37
292 40
293 31
294 31
295 34
296 44
297 51
298 42
299 38
300 39
301 38
302 34
303 45
304 42
305 26
306 33
307 36
308 44
309 38
310 35
311 36
312 45
313 39
314 40
315 49
316 38
317 37
318 36
319 43
320 45
321 35
322 33
323 38
324 25
325 43
326 45
327 38
328 44
329 31
330 43
331 40
332 43
333 39
334 37
335 39
336 28
337 31
338 45
339 33
340 40
341 37
342 48
343 39
344 37
345 41
346 36
347 44
348 29
349 31
350 48
351 45
352 47
353 41
354 31
355 45
356 27
357 46
358 27
359 45
360 33
361 33
362 45
363 48
364 33
365 44
366 39
367 38
368 38
369 40
370 42
371 37
372 46
373 38
374 29
375 38
376 39
377 39
378 32
379 31
380 37
381 46
382 37
383 33
384 34
385 32
386 39
387 37
388 35
389 36
390 35
391 42
392 37
393 31
394 42
395 34
396 32
397 44
398 26
399 35
400 34
401 43
402 33
403 47
404 34
405 32
406 44
407 43
408 31
409 27
410 37
411 51
412 41
413 33
414 45
415 24
416 36
417 40
418 39
419 40
420 47
421 25
422 40
423 38
424 49
425 32
426 31
427 35
428 38
429 33
430 37
431 37
432 26
433 38
434 47
435 41
436 34
437 33
438 36
439 38
440 40
441 32
442 38
443 41
444 40
445 35
446 43
447 25
448 38
449 32
450 40
451 36
452 37
453 32
454 34
455 20
456 34
457 32
458 35
459 30
460 35
461 33
462 31
463 31
464 31
465 37
466 41
467 39
468 45
469 38
470 51
471 37
472 45
473 45
474 33
475 31
476 34
477 43
478 48
479 42
480 37
481 35
482 35
483 37
484 40
485 27
486 30
487 39
488 42
489 38
490 48
491 38
492 36
493 41
494 48
495 34
496 32
497 35
498 53
499 49
