0 34
1 30
2 31
3 42
4 35
5 42
6 37
7 51
8 35
9 25
10 36
11 28
12 31
13 32
14 36
15 35
16 36
17 39
18 38
19 36
20 37
21 47
22 35
23 39
24 38
25 37
26 37
27 40
28 39
29 40
30 27
31 39
32 26
33 40
34 33
35 35
36 41
37 42
38 25
39 23
40 26
41 41
42 34
43 43
44 37
45 36
46 29
47 30
48 31
49 31
50 42
51 32
52 28
53 36
54 31
55 31
56 46
57 26
58 33
59 35
60 40
61 28
62 31
63 31
64 45
65 26
66 37
67 25
68 30
69 32
70 42
71 39
72 31
73 29
74 38
75 40
76 34
77 29
78 39
79 33
80 26
81 35
82 37
83 38
84 34
85 33
86 26
87 31
88 37
89 30
90 43
91 29
92 36
93 40
94 34
95 32
96 39
97 33
98 31
99 28
100 34
101 40
102 33
103 29
104 30
105 36
106 30
107 27
108 32
109 36
110 35
111 35
112 39
113 33
114 44
115 36
116 40
117 44
118 29
119 39
120 33
121 33
122 40
123 31
124 31
125 27
126 29
127 39
128 42
129 32
130 42
131 41
132 35
133 45
134 28
135 30
136 47
137 31
138 37
139 43
140 36
141 32
142 34
143 35
144 36
145 43
146 28
147 45
148 28
149 31
150 32
151 37
152 35
153 30
154 37
155 32
156 32
157 41
158 31
159 32
160 46
161 38
162 40
163 28
164 33
165 31
166 41
167 42
168 30
169 40
170 36
171 31
172 34
173 31
174 30
175 40
176 37
177 39
178 44
179 43
180 40
181 38
182 49
183 27
184 35
185 37
186 35
187 32
188 38
189 31
190 28
191 31
192 29
193 34
194 33
195 29
196 33
197 37
198 29
199 34
200 35
201 41
202 46
203 33
204 47
205 30
206 29
207 31
208 29
209 35
210 37
211 36
212 33
213 34
214 36
215 30
216 36
217 40
218 26
219 35
220 43
221 42
222 41
223 27
224 39
225 37
226 34
227 24
228 31
229 37
230 43
231 37
232 35
233 29
234 43
235 36
236 30
237 29
238 29
239 34
240 41
241 39
242 32
243 25
244 39
245 34
246 35
247 34
248 32
249 46
250 31
251 26
252 35
253 34
254 29
255 43
256 34
257 35
258 39
259 34
260 34
261 41
262 33
263 41
264 36
265 25
266 36
267 24
268 43
269 36
270 33
271 34
272 43
273 40
274 27
275 35
276 30
277 33
278 30
279 35
280 29
281 31
282 29
283 30
284 38
285 21
286 40
287 39
288 34
289 40
290 29
291 32
292 29
293 37
294 37
295 28
296 38
297 46
298 30
299 42
300 27
301 32
302 35
303 30
304 33
305 35
306 34
307 32
308 48
309 36
310 46
311 30
312 35
313 31
314 30
315 34
316 32
317 47
318 31
319 42
320 34
321 35
322 32
323 31
324 35
325 28
326 39
327 35
328 35
329 38
330 35
331 35
332 38
333 34
334 34
335 38
336 26
337 50
338 31
339 31
340 33
341 34
342 44
343 45
344 44
345 31
346 21
347 25
348 34
349 29
350 40
351 28
352 31
353 37
354 31
355 37
356 38
357 30
358 42
359 43
360 38
361 35
362 34
363 37
364 38
365 31
366 32
367 49
368 38
369 36
370 37
371 32
372 37
373 31
374 36
375 36
376 40
377 33
378 43
379 24
380 30
381 32
382 39
383 38
384 37
385 31
386 36
387 36
388 33
389 41
390 35
391 35
392 34
393 47
394 35
395 33
396 29
397 29
398 28
399 38
400 48
401 33
402 38
403 38
404 40
405 26
406 33
407 35
408 33
409 33
410 42
411 34
412 43
413 30
414 35
415 39
416 33
417 26
418 37
419 31
420 35
421 29
422 37
423 35
424 31
425 39
426 26
427 32
428 44
429 29
430 41
431 41
432 34
433 31
434 39
435 42
436 30
437 29
438 31
439 42
440 46
441 35
442 32
443 34
444 30
445 38
446 33
447 36
448 29
449 34
450 37
451 31
452 39
453 33
454 35
455 32
456 41
457 32
458 31
459 21
460 35
461 36
462 31
463 35
464 37
465 37
466 37
467 26
468 29
469 34
470 32
471 30
472 33
473 34
474 36
475 38
476 33
477 39
478 30
479 35
480 42
481 36
482 37
483 40
484 31
485 40
486 30
487 30
488 40
489 33
490 36
491 31
492 36
493 32
494 35
495 41
496 43
497 39
498 37
499 32
500 32
501 32
502 36
503 35
504 44
505 35
506 36
507 36
508 31
509 30
510 35
511 39
512 38
513 32
514 31
515 38
516 33
517 32
518 42
519 36
520 48
521 35
522 37
523 31
524 40
525 36
526 31
527 36
528 32
529 30
530 38
531 39
532 47
533 28
534 29
535 36
536 36
537 40
538 39
539 37
540 32
541 41
542 30
543 35
544 34
545 37
546 31
547 38
548 39
549 35
550 30
551 33
552 36
553 41
554 33
555 33
556 41
557 34
558 35
559 34
560 45
561 42
562 38
563 38
564 38
565 38
566 30
567 34
568 37
569 35
570 33
571 34
572 41
573 39
574 37
575 36
576 32
577 37
578 42
579 36
580 33
581 32
582 38
583 36
584 31
585 27
586 37
587 27
588 41
589 40
590 34
591 33
592 31
593 35
594 38
595 41
596 35
597 21
598 33
599 42
600 41
601 39
602 34
603 41
604 35
605 30
606 33
607 34
608 38
609 33
610 42
611 38
612 34
613 33
614 36
615 31
616 30
617 33
618 30
619 35
620 28
621 41
622 40
623 32
624 36
625 32
626 39
627 33
628 31
629 30
630 41
631 25
632 29
633 30
634 37
635 37
636 37
637 29
638 26
639 41
640 31
641 31
642 40
643 36
644 36
645 31
646 30
647 35
648 33
649 41
650 32
651 32
652 29
653 42
654 39
655 37
656 39
657 30
658 39
659 36
660 32
661 35
662 35
663 26
664 43
665 40
666 30
667 28
668 34
669 33
670 32
671 28
672 40
673 32
674 35
675 32
676 31
677 30
678 41
679 34
680 32
681 31
682 42
683 40
684 37
685 39
686 31
687 34
688 27
689 30
690 34
691 45
692 30
693 25
694 32
695 33
696 45
697 42
698 40
699 37
700 37
701 38
702 41
703 30
704 35
705 35
706 36
707 33
708 27
709 39
710 38
711 35
712 29
713 31
714 39
715 37
716 25
717 33
718 39
719 37
720 38
721 34
722 43
723 40
724 39
725 34
726 37
727 21
728 43
729 29
730 37
731 40
732 35
733 29
734 39
735 36
736 35
737 26
738 39
739 37
740 42
741 30
742 42
743 29
744 39
745 28
746 31
747 23
748 36
749 32
750 32
751 38
752 33
753 34
754 37
755 30
756 39
757 41
758 39
759 39
760 42
761 38
762 38
763 32
764 39
765 37
766 28
767 34
768 36
769 37
770 36
771 26
772 34
773 33
774 35
775 31
776 38
777 30
778 40
779 27
780 40
781 34
782 39
783 31
784 38
785 28
786 34
787 30
788 40
789 42
790 35
791 34
792 37
793 36
794 33
795 36
796 31
797 35
798 34
799 33
800 38
801 47
802 34
803 39
804 34
805 30
806 36
807 35
808 32
809 22
810 33
811 35
812 27
813 30
814 39
815 38
816 35
817 36
818 38
819 27
820 24
821 33
822 31
823 33
824 36
825 29
826 38
827 32
828 34
829 30
830 37
831 35
832 41
833 33
834 45
835 30
836 29
837 38
838 32
839 25
840 35
841 40
842 42
843 42
844 32
845 23
846 40
847 25
848 39
849 33
850 37
851 38
852 42
853 34
854 34
855 41
856 30
857 32
858 28
859 35
860 32
861 36
862 40
863 37
864 36
865 37
866 40
867 41
868 42
869 34
870 37
871 33
872 31
873 35
874 36
875 34
876 36
877 35
878 31
879 28
880 27
881 40
882 32
883 28
884 36
885 30
886 33
887 36
888 32
889 40
890 36
891 45
892 32
893 33
894 41
895 35
896 28
897 36
898 36
899 39
900 27
901 33
902 37
903 37
904 29
905 34
906 35
907 32
908 29
909 44
910 37
911 41
912 38
913 31
914 40
915 40
916 29
917 32
918 39
919 40
920 41
921 37
922 40
923 32
924 31
925 42
926 39
927 27
928 34
929 38
930 16
931 27
932 49
933 37
934 33
935 34
936 35
937 32
938 31
939 28
940 37
941 43
942 39
943 36
944 30
945 37
946 38
947 40
948 32
949 34
950 37
951 30
952 32
953 33
954 42
955 27
956 27
957 29
958 31
959 37
960 41
961 36
962 36
963 31
964 39
965 41
966 28
967 35
968 36
969 33
970 24
971 35
972 30
973 31
974 30
975 38
976 38
977 41
978 31
979 30
980 40
981 36
982 36
983 34
984 35
985 32
986 26
987 34
988 33
989 36
990 37
991 39
992 31
993 39
994 36
995 34
996 40
997 35
998 39
999 33
