0 29
1 34
2 30
3 34
4 36
5 27
6 31
7 29
8 24
9 32
10 31
11 26
12 26
13 24
14 30
15 27
16 35
17 27
18 30
19 32
20 28
21 29
22 29
23 32
24 30
25 29
26 32
27 25
28 28
29 30
30 34
31 27
32 35
33 23
34 34
35 32
36 30
37 32
38 28
39 27
40 34
41 27
42 29
43 34
44 29
45 27
46 24
47 34
48 34
49 28
50 25
51 29
52 32
53 25
54 28
55 26
56 23
57 26
58 29
59 27
60 27
61 27
62 33
63 27
64 32
65 21
66 32
67 39
68 37
69 29
70 36
71 27
72 32
73 27
74 29
75 31
76 31
77 17
78 27
79 32
80 27
81 38
82 31
83 34
84 22
85 33
86 33
87 27
88 29
89 30
90 36
91 30
92 33
93 26
94 35
95 25
96 24
97 25
98 31
99 31
100 27
101 28
102 35
103 28
104 30
105 29
106 31
107 27
108 25
109 33
110 29
111 36
112 27
113 34
114 32
115 28
116 32
117 30
118 27
119 30
120 39
121 29
122 31
123 26
124 37
125 42
126 27
127 31
128 33
129 26
130 26
131 28
132 21
133 30
134 32
135 34
136 36
137 26
138 30
139 23
140 32
141 32
142 26
143 25
144 32
145 35
146 33
147 33
148 29
149 30
150 28
151 30
152 33
153 31
154 25
155 31
156 35
157 30
158 39
159 33
160 34
161 32
162 25
163 29
164 31
165 23
166 33
167 29
168 24
169 28
170 28
171 30
172 34
173 31
174 27
175 27
176 30
177 28
178 28
179 35
180 26
181 27
182 32
183 25
184 24
185 30
186 27
187 34
188 31
189 34
190 25
191 26
192 26
193 30
194 34
195 29
196 37
197 30
198 29
199 32
200 29
201 32
202 29
203 29
204 33
205 25
206 33
207 30
208 33
209 32
210 34
211 34
212 28
213 26
214 26
215 37
216 31
217 29
218 34
219 33
220 38
221 31
222 26
223 28
224 32
225 29
226 29
227 34
228 35
229 23
230 28
231 32
232 27
233 36
234 26
235 28
236 26
237 34
238 23
239 21
240 31
241 24
242 31
243 30
244 29
245 33
246 29
247 30
248 28
249 23
250 35
251 33
252 35
253 31
254 27
255 37
256 30
257 33
258 35
259 30
260 26
261 30
262 23
263 32
264 23
265 29
266 34
267 28
268 29
269 31
270 29
271 25
272 32
273 25
274 33
275 34
276 25
277 29
278 32
279 36
280 31
281 30
282 31
283 27
284 25
285 28
286 32
287 35
288 28
289 27
290 35
291 30
292 30
293 30
294 32
295 27
296 34
297 29
298 31
299 34
300 25
301 27
302 38
303 29
304 36
305 29
306 30
307 35
308 24
309 29
310 32
311 34
312 28
313 36
314 35
315 38
316 32
317 29
318 35
319 31
320 33
321 32
322 29
323 26
324 24
325 29
326 29
327 29
328 27
329 35
330 25
331 34
332 28
333 33
334 28
335 29
336 35
337 23
338 31
339 32
340 30
341 27
342 32
343 37
344 27
345 27
346 28
347 35
348 25
349 21
350 25
351 27
352 27
353 27
354 34
355 22
356 26
357 27
358 29
359 33
360 34
361 30
362 23
363 29
364 29
365 29
366 33
367 30
368 29
369 29
370 26
371 24
372 31
373 28
374 30
375 35
376 32
377 27
378 22
379 24
380 26
381 28
382 30
383 33
384 29
385 23
386 31
387 36
388 28
389 28
390 32
391 32
392 35
393 31
394 26
395 26
396 28
397 34
398 30
399 25
400 30
401 33
402 28
403 37
404 22
405 34
406 28
407 27
408 35
409 33
410 26
411 35
412 31
413 31
414 29
415 31
416 25
417 26
418 24
419 32
420 23
421 36
422 24
423 36
424 27
425 28
426 41
427 30
428 34
429 27
430 37
431 28
432 30
433 35
434 29
435 30
436 28
437 37
438 35
439 23
440 26
441 30
442 32
443 32
444 30
445 33
446 32
447 28
448 28
449 27
450 28
451 30
452 32
453 32
454 29
455 29
456 28
457 24
458 33
459 32
460 26
461 25
462 25
463 30
464 30
465 32
466 33
467 29
468 25
469 29
470 34
471 25
472 26
473 32
474 29
475 35
476 27
477 28
478 16
479 35
480 26
481 26
482 33
483 33
484 34
485 27
486 30
487 29
488 26
489 29
490 36
491 31
492 35
493 22
494 37
495 26
496 33
497 32
498 27
499 26
500 32
501 25
502 32
503 33
504 27
505 29
506 33
507 32
508 31
509 36
510 30
511 32
512 28
513 23
514 23
515 23
516 26
517 31
518 33
519 33
520 33
521 32
522 23
523 27
524 29
525 26
526 31
527 21
528 36
529 28
530 33
531 28
532 26
533 27
534 30
535 24
536 35
537 32
538 30
539 30
540 26
541 27
542 32
543 38
544 27
545 27
546 30
547 28
548 27
549 22
550 40
551 35
552 35
553 26
554 36
555 26
556 33
557 29
558 42
559 26
560 23
561 23
562 27
563 31
564 36
565 34
566 30
567 29
568 26
569 31
570 37
571 34
572 27
573 35
574 29
575 32
576 34
577 30
578 30
579 34
580 29
581 33
582 30
583 25
584 27
585 30
586 28
587 28
588 32
589 28
590 31
591 30
592 22
593 32
594 31
595 28
596 26
597 33
598 31
599 27
600 27
601 29
602 26
603 29
604 33
605 27
606 30
607 36
608 31
609 34
610 31
611 29
612 32
613 33
614 26
615 38
616 27
617 27
618 33
619 33
620 35
621 36
622 27
623 27
624 32
625 31
626 28
627 30
628 31
629 30
630 32
631 26
632 26
633 30
634 27
635 30
636 32
637 32
638 29
639 25
640 31
641 30
642 32
643 28
644 31
645 33
646 30
647 31
648 23
649 28
650 27
651 34
652 25
653 32
654 25
655 35
656 33
657 18
658 29
659 28
660 30
661 29
662 39
663 30
664 24
665 32
666 38
667 31
668 33
669 34
670 30
671 27
672 31
673 28
674 31
675 24
676 34
677 27
678 27
679 31
680 28
681 25
682 27
683 31
684 27
685 34
686 32
687 31
688 29
689 31
690 22
691 33
692 33
693 22
694 30
695 32
696 26
697 27
698 26
699 23
700 33
701 25
702 32
703 29
704 29
705 25
706 32
707 28
708 33
709 32
710 26
711 28
712 24
713 29
714 30
715 31
716 27
717 28
718 44
719 29
720 24
721 34
722 29
723 40
724 28
725 30
726 37
727 30
728 30
729 32
730 28
731 24
732 28
733 28
734 34
735 35
736 33
737 26
738 26
739 25
740 37
741 30
742 26
743 30
744 33
745 28
746 25
747 25
748 36
749 25
750 33
751 36
752 27
753 28
754 24
755 27
756 34
757 23
758 38
759 28
760 26
761 34
762 31
763 35
764 27
765 27
766 19
767 30
768 27
769 31
770 28
771 37
772 33
773 26
774 34
775 25
776 26
777 32
778 24
779 22
780 30
781 30
782 37
783 29
784 25
785 33
786 32
787 33
788 23
789 29
790 33
791 32
792 30
793 27
794 32
795 24
796 25
797 27
798 29
799 33
