0 27
0 32
0 47
0 52
0 59
0 80
0 95
0 126
0 146
0 160
0 196
0 228
0 254
0 293
0 297
0 313
0 383
0 399
0 410
0 416
1 9
1 53
1 72
1 99
1 102
1 139
1 147
1 170
1 193
1 208
1 236
1 246
1 263
1 331
1 374
1 429
1 444
1 472
2 4
2 6
2 56
2 67
2 84
2 85
2 86
2 113
2 140
2 152
2 163
2 188
2 245
2 258
2 270
2 276
2 287
2 354
2 383
2 427
2 453
2 494
3 41
3 122
3 152
3 165
3 172
3 219
3 246
3 250
3 271
3 273
3 310
3 325
3 331
3 344
3 353
3 367
3 400
3 413
3 443
3 450
3 451
3 456
3 481
3 495
4 2
4 29
4 94
4 119
4 126
4 136
4 208
4 229
4 253
4 298
4 384
4 408
4 418
4 427
4 455
4 462
4 463
4 470
4 490
5 11
5 38
5 73
5 86
5 139
5 143
5 190
5 191
5 203
5 209
5 265
5 271
5 313
5 384
5 400
5 475
5 479
6 2
6 16
6 30
6 31
6 63
6 68
6 73
6 79
6 104
6 124
6 138
6 159
6 169
6 249
6 277
6 279
6 295
6 313
6 351
6 354
6 370
6 383
6 396
6 479
7 27
7 128
7 144
7 178
7 187
7 229
7 290
7 297
7 308
7 314
7 364
7 405
7 411
7 460
8 44
8 59
8 112
8 118
8 120
8 155
8 213
8 224
8 235
8 280
8 294
8 298
8 309
8 315
8 362
8 422
8 432
8 442
8 492
9 1
9 74
9 84
9 86
9 102
9 117
9 131
9 146
9 178
9 180
9 240
9 258
9 309
9 321
9 391
9 396
9 430
9 476
10 28
10 162
10 166
10 188
10 202
10 211
10 258
10 288
10 300
10 320
10 323
10 366
10 373
10 376
10 381
10 384
10 433
10 487
11 5
11 22
11 24
11 100
11 101
11 111
11 127
11 130
11 138
11 153
11 178
11 193
11 195
11 216
11 235
11 254
11 291
11 300
11 313
11 343
11 383
11 400
11 454
12 27
12 41
12 72
12 80
12 120
12 162
12 163
12 189
12 250
12 290
12 299
12 346
12 360
12 378
12 385
12 388
12 395
12 402
12 411
12 471
13 39
13 128
13 144
13 158
13 163
13 167
13 248
13 257
13 258
13 267
13 283
13 361
13 381
13 445
14 57
14 84
14 86
14 121
14 172
14 193
14 196
14 244
14 278
14 289
14 359
14 361
14 382
14 441
14 445
14 456
14 485
14 494
14 496
15 16
15 52
15 53
15 131
15 135
15 168
15 173
15 180
15 191
15 196
15 238
15 254
15 460
15 468
15 479
16 6
16 15
16 34
16 57
16 58
16 64
16 82
16 152
16 213
16 302
16 307
16 323
16 339
16 373
16 375
16 387
16 397
16 399
16 435
16 459
17 27
17 66
17 87
17 88
17 92
17 113
17 121
17 205
17 221
17 239
17 250
17 270
17 322
17 324
17 367
17 463
17 467
17 491
18 30
18 66
18 68
18 136
18 183
18 194
18 217
18 250
18 258
18 264
18 317
18 350
18 356
18 384
18 389
18 390
18 435
18 443
19 54
19 62
19 126
19 133
19 153
19 166
19 174
19 190
19 230
19 240
19 296
19 314
19 318
19 333
19 345
19 354
19 400
19 451
19 472
19 491
19 498
20 27
20 34
20 95
20 96
20 97
20 98
20 197
20 244
20 259
20 286
20 305
20 307
20 320
20 332
20 335
20 345
20 409
20 411
21 23
21 33
21 61
21 120
21 135
21 174
21 190
21 191
21 194
21 217
21 243
21 339
21 363
21 447
21 468
22 11
22 40
22 49
22 81
22 124
22 179
22 211
22 315
22 338
22 348
22 358
22 361
22 442
22 444
22 449
22 464
22 489
23 21
23 28
23 42
23 76
23 116
23 186
23 215
23 227
23 233
23 239
23 245
23 282
23 298
23 301
23 340
23 347
23 381
23 397
23 417
23 449
23 453
23 485
24 11
24 80
24 84
24 115
24 134
24 141
24 157
24 186
24 192
24 194
24 256
24 322
24 330
24 359
24 402
24 424
24 436
24 439
24 460
24 478
25 108
25 142
25 171
25 175
25 196
25 252
25 265
25 272
25 320
25 334
25 362
25 450
25 469
26 31
26 73
26 78
26 81
26 93
26 112
26 149
26 156
26 164
26 184
26 187
26 203
26 217
26 240
26 245
26 254
26 271
26 284
26 291
26 322
26 325
26 336
26 352
26 357
26 384
26 403
26 423
26 424
26 445
26 463
26 466
26 469
27 0
27 7
27 12
27 17
27 20
27 28
27 62
27 75
27 78
27 103
27 110
27 167
27 169
27 214
27 297
27 326
27 336
27 337
27 347
27 411
27 421
27 435
27 464
27 486
28 10
28 23
28 27
28 31
28 71
28 93
28 191
28 277
28 294
28 318
28 346
28 402
28 432
28 451
28 468
28 472
28 485
29 4
29 62
29 87
29 95
29 107
29 131
29 246
29 284
29 352
29 355
29 366
29 389
29 439
29 443
29 475
29 479
29 483
29 494
29 495
30 6
30 18
30 70
30 97
30 118
30 152
30 222
30 223
30 224
30 309
30 340
30 344
30 364
30 389
30 412
30 414
30 417
30 424
30 442
30 486
30 487
31 6
31 26
31 28
31 36
31 55
31 63
31 88
31 125
31 130
31 144
31 197
31 261
31 310
31 333
31 444
31 451
31 473
31 483
32 0
32 36
32 41
32 64
32 86
32 90
32 97
32 128
32 156
32 168
32 175
32 218
32 227
32 233
32 241
32 285
32 320
32 387
32 418
32 440
32 461
33 21
33 124
33 143
33 239
33 274
33 277
33 307
33 332
33 379
33 380
33 385
33 406
33 440
33 462
34 16
34 20
34 39
34 50
34 53
34 65
34 75
34 86
34 119
34 134
34 138
34 172
34 226
34 273
34 306
34 325
34 383
34 384
34 411
34 413
34 483
34 484
34 496
35 105
35 204
35 217
35 238
35 259
35 263
35 328
35 333
35 377
35 441
35 450
36 31
36 32
36 46
36 59
36 70
36 78
36 108
36 118
36 167
36 219
36 220
36 259
36 261
36 286
36 339
36 343
36 407
36 445
36 461
36 466
36 489
37 77
37 81
37 86
37 115
37 134
37 211
37 219
37 231
37 232
37 297
37 349
37 376
37 395
37 411
37 418
38 5
38 140
38 183
38 222
38 262
38 278
38 321
38 322
38 336
38 350
38 353
38 363
38 378
38 388
38 419
38 444
38 468
39 13
39 34
39 65
39 73
39 80
39 103
39 107
39 145
39 174
39 268
39 285
39 300
39 312
39 332
39 344
39 390
39 407
39 440
40 22
40 51
40 89
40 153
40 162
40 257
40 280
40 312
40 325
40 335
40 348
40 376
40 411
40 414
40 415
40 426
40 453
40 454
40 477
40 483
41 3
41 12
41 32
41 60
41 66
41 94
41 105
41 157
41 171
41 228
41 248
41 286
41 302
41 454
42 23
42 54
42 59
42 60
42 116
42 174
42 199
42 220
42 233
42 258
42 310
42 324
42 349
42 369
42 396
42 441
43 44
43 70
43 101
43 119
43 145
43 152
43 161
43 180
43 204
43 227
43 249
43 265
43 268
43 323
43 338
43 340
43 367
43 384
43 414
43 419
43 440
43 466
43 494
44 8
44 43
44 81
44 84
44 101
44 112
44 123
44 153
44 186
44 214
44 293
44 294
44 320
44 370
44 397
44 412
44 416
44 434
44 450
44 474
44 486
45 51
45 70
45 80
45 170
45 284
45 289
45 292
45 329
45 334
45 360
45 368
45 377
45 383
45 398
45 407
45 410
45 422
45 497
46 36
46 47
46 49
46 68
46 89
46 112
46 128
46 136
46 137
46 154
46 183
46 185
46 192
46 203
46 240
46 245
46 276
46 277
46 290
46 310
46 323
46 350
46 370
46 383
46 419
46 434
46 439
46 441
46 444
46 449
46 454
46 476
47 0
47 46
47 121
47 143
47 158
47 193
47 196
47 205
47 231
47 241
47 247
47 260
47 352
47 356
47 381
47 426
47 441
47 467
47 469
47 482
47 497
48 57
48 73
48 183
48 203
48 206
48 220
48 227
48 232
48 241
48 267
48 294
48 297
48 305
48 346
48 353
48 376
48 383
48 427
48 430
48 436
48 443
48 464
48 490
49 22
49 46
49 67
49 86
49 117
49 120
49 125
49 138
49 154
49 179
49 219
49 265
49 271
49 285
49 290
49 294
49 329
49 332
49 346
49 358
49 372
49 377
49 383
49 447
49 452
50 34
50 77
50 88
50 118
50 140
50 143
50 169
50 178
50 187
50 197
50 207
50 258
50 261
50 299
50 304
50 338
50 377
50 419
51 40
51 45
51 73
51 103
51 125
51 149
51 164
51 210
51 232
51 272
51 289
51 294
51 408
51 419
51 430
51 478
52 0
52 15
52 65
52 101
52 123
52 135
52 172
52 179
52 215
52 249
52 256
52 282
52 307
52 320
52 355
52 395
52 417
52 418
52 431
52 434
52 486
52 497
53 1
53 15
53 34
53 57
53 114
53 140
53 142
53 160
53 278
53 351
53 355
53 388
53 414
53 460
53 486
54 19
54 42
54 106
54 121
54 155
54 183
54 194
54 205
54 226
54 237
54 251
54 280
54 289
54 329
54 336
54 358
54 366
54 385
54 432
54 455
54 461
54 494
55 31
55 99
55 110
55 114
55 151
55 154
55 159
55 227
55 332
55 346
55 360
55 457
56 2
56 99
56 116
56 133
56 140
56 211
56 215
56 266
56 304
56 325
56 328
56 358
56 362
56 381
56 391
56 411
56 472
57 14
57 16
57 48
57 53
57 89
57 111
57 140
57 141
57 145
57 190
57 198
57 364
57 393
57 397
57 409
57 444
57 476
57 478
57 497
58 16
58 65
58 89
58 105
58 106
58 114
58 164
58 180
58 210
58 226
58 260
58 296
58 306
58 320
58 375
58 393
58 424
58 432
58 438
58 452
59 0
59 8
59 36
59 42
59 84
59 85
59 86
59 89
59 129
59 139
59 170
59 200
59 231
59 253
59 284
59 298
59 350
59 389
59 406
59 408
59 426
59 428
59 451
59 457
59 462
60 41
60 42
60 63
60 132
60 188
60 204
60 236
60 267
60 276
60 296
60 307
60 308
60 337
60 344
60 364
60 371
60 396
60 401
60 422
60 437
61 21
61 63
61 68
61 101
61 105
61 111
61 140
61 144
61 168
61 189
61 194
61 247
61 272
61 273
61 296
61 311
61 354
61 363
61 474
61 491
62 19
62 27
62 29
62 69
62 92
62 93
62 96
62 106
62 150
62 155
62 161
62 200
62 202
62 242
62 301
62 307
62 339
62 363
62 440
62 462
62 483
62 496
63 6
63 31
63 60
63 61
63 64
63 70
63 113
63 187
63 267
63 348
63 357
63 371
63 379
63 402
63 417
63 420
63 464
63 480
63 484
64 16
64 32
64 63
64 100
64 151
64 158
64 219
64 258
64 262
64 283
64 291
64 388
64 428
64 446
65 34
65 39
65 52
65 58
65 134
65 180
65 223
65 259
65 319
65 345
65 387
65 394
65 404
65 413
66 17
66 18
66 41
66 91
66 95
66 108
66 122
66 161
66 167
66 179
66 197
66 231
66 253
66 261
66 279
66 291
66 374
66 388
66 413
66 422
66 432
66 433
66 450
66 457
66 473
66 482
66 485
67 2
67 49
67 83
67 134
67 144
67 166
67 216
67 220
67 268
67 288
67 307
67 324
67 407
67 453
67 492
68 6
68 18
68 46
68 61
68 106
68 119
68 157
68 191
68 214
68 216
68 235
68 287
68 320
68 324
68 329
68 334
68 347
68 376
68 395
68 422
68 453
68 497
69 62
69 71
69 77
69 94
69 149
69 150
69 153
69 180
69 199
69 228
69 306
69 316
69 338
69 343
69 362
69 376
69 443
69 490
70 30
70 36
70 43
70 45
70 63
70 76
70 83
70 89
70 95
70 101
70 151
70 175
70 209
70 235
70 237
70 261
70 329
70 334
70 371
70 376
70 407
71 28
71 69
71 80
71 122
71 149
71 155
71 195
71 237
71 254
71 257
71 261
71 262
71 268
71 345
71 373
71 416
71 473
71 494
72 1
72 12
72 147
72 162
72 177
72 195
72 218
72 227
72 236
72 238
72 281
72 288
72 297
72 316
72 338
72 346
72 358
72 360
72 366
72 423
72 469
72 475
73 5
73 6
73 26
73 39
73 48
73 51
73 75
73 84
73 98
73 108
73 137
73 198
73 246
73 251
73 335
73 360
73 411
73 457
73 470
73 478
73 498
74 9
74 103
74 134
74 198
74 217
74 242
74 279
74 302
74 387
74 388
74 419
74 425
74 439
74 453
74 497
75 27
75 34
75 73
75 80
75 86
75 135
75 167
75 177
75 180
75 182
75 196
75 202
75 214
75 221
75 295
75 326
75 331
75 358
75 363
75 406
75 462
75 467
75 487
75 498
76 23
76 70
76 87
76 91
76 101
76 120
76 150
76 167
76 190
76 198
76 207
76 225
76 265
76 320
76 352
76 356
76 359
76 380
76 398
76 407
76 414
76 464
76 482
76 489
77 37
77 50
77 69
77 84
77 116
77 127
77 140
77 153
77 162
77 195
77 198
77 217
77 246
77 301
77 325
77 331
77 374
77 426
77 478
77 499
78 26
78 27
78 36
78 92
78 95
78 97
78 133
78 180
78 196
78 250
78 253
78 271
78 294
78 320
78 418
78 421
78 485
78 487
79 6
79 91
79 95
79 163
79 186
79 203
79 206
79 224
79 226
79 251
79 271
79 290
79 304
79 322
79 353
79 379
79 420
79 424
79 452
79 479
79 483
79 493
80 0
80 12
80 24
80 39
80 45
80 71
80 75
80 97
80 102
80 113
80 200
80 212
80 301
80 306
80 339
80 356
80 367
80 395
80 413
80 443
80 444
80 455
80 466
80 469
81 22
81 26
81 37
81 44
81 91
81 95
81 96
81 141
81 179
81 216
81 227
81 237
81 261
81 284
81 299
81 314
81 331
81 354
81 376
81 383
81 429
81 485
82 16
82 135
82 137
82 169
82 190
82 250
82 262
82 263
82 282
82 288
82 291
83 67
83 70
83 87
83 114
83 118
83 133
83 165
83 168
83 178
83 181
83 231
83 240
83 246
83 299
83 316
83 354
83 378
83 428
83 437
84 2
84 9
84 14
84 24
84 44
84 59
84 73
84 77
84 89
84 99
84 154
84 184
84 252
84 253
84 266
84 302
84 315
84 350
84 403
84 467
84 494
85 2
85 59
85 94
85 117
85 129
85 149
85 153
85 156
85 181
85 186
85 274
85 276
85 278
85 286
85 293
85 300
85 304
85 341
85 422
85 430
85 442
85 484
86 2
86 5
86 9
86 14
86 32
86 34
86 37
86 49
86 59
86 75
86 88
86 116
86 168
86 173
86 195
86 220
86 324
86 333
86 344
86 386
86 393
86 408
87 17
87 29
87 76
87 83
87 112
87 127
87 136
87 159
87 170
87 186
87 202
87 245
87 250
87 252
87 260
87 262
87 293
87 315
87 348
87 450
87 466
87 491
88 17
88 31
88 50
88 86
88 109
88 124
88 129
88 137
88 251
88 303
88 349
88 388
88 396
88 425
88 447
88 483
89 40
89 46
89 57
89 58
89 59
89 70
89 84
89 157
89 253
89 275
89 352
89 367
89 387
89 462
89 480
89 488
90 32
90 113
90 114
90 126
90 135
90 252
90 253
90 328
90 352
90 383
90 406
90 424
90 444
90 461
90 486
91 66
91 76
91 79
91 81
91 96
91 106
91 120
91 128
91 140
91 181
91 185
91 189
91 205
91 230
91 234
91 238
91 277
91 280
91 323
91 336
91 441
91 445
91 452
92 17
92 62
92 78
92 95
92 114
92 181
92 205
92 218
92 229
92 242
92 262
92 327
92 331
92 360
92 363
92 371
92 381
92 382
92 389
92 394
92 407
92 429
92 447
92 459
93 26
93 28
93 62
93 95
93 141
93 166
93 177
93 196
93 238
93 253
93 271
93 273
93 311
93 351
93 363
93 364
93 377
93 380
93 386
93 410
93 423
93 466
93 488
93 493
94 4
94 41
94 69
94 85
94 148
94 150
94 188
94 224
94 254
94 268
94 292
94 305
94 331
94 371
94 393
94 432
94 445
94 456
94 481
95 0
95 20
95 29
95 66
95 70
95 78
95 79
95 81
95 92
95 93
95 111
95 155
95 224
95 232
95 265
95 295
95 299
95 300
95 390
95 433
95 441
95 471
95 485
96 20
96 62
96 81
96 91
96 105
96 134
96 143
96 145
96 157
96 161
96 250
96 305
96 347
96 409
96 410
96 414
96 445
96 469
97 20
97 30
97 32
97 78
97 80
97 128
97 158
97 267
97 293
97 303
97 308
97 322
97 334
97 354
97 388
97 394
97 408
97 431
97 479
98 20
98 73
98 140
98 157
98 225
98 243
98 249
98 250
98 263
98 266
98 286
98 307
98 308
98 313
98 374
98 400
98 404
98 441
98 487
98 490
98 492
99 1
99 55
99 56
99 84
99 103
99 128
99 132
99 133
99 178
99 204
99 249
99 281
99 395
99 435
99 461
99 470
99 495
100 11
100 64
100 124
100 144
100 164
100 183
100 271
100 282
100 297
100 341
100 400
100 403
100 433
100 496
101 11
101 43
101 44
101 52
101 61
101 70
101 76
101 157
101 159
101 182
101 191
101 232
101 235
101 244
101 255
101 267
101 302
101 323
101 337
101 353
101 368
101 396
101 410
101 413
101 432
101 499
102 1
102 9
102 80
102 109
102 137
102 170
102 184
102 258
102 290
102 330
102 353
102 376
102 391
102 397
102 438
102 462
102 485
103 27
103 39
103 51
103 74
103 99
103 130
103 137
103 236
103 242
103 248
103 249
103 260
103 281
103 294
103 315
103 354
103 398
103 422
103 426
103 451
103 486
103 497
104 6
104 123
104 124
104 131
104 135
104 174
104 179
104 187
104 215
104 280
104 297
104 312
104 323
104 326
104 447
105 35
105 41
105 58
105 61
105 96
105 118
105 297
105 306
105 314
105 334
105 378
105 394
105 398
105 406
105 421
106 54
106 58
106 62
106 68
106 91
106 110
106 134
106 170
106 215
106 300
106 343
106 369
106 379
106 488
106 489
107 29
107 39
107 141
107 156
107 159
107 166
107 174
107 208
107 209
107 242
107 250
107 269
107 317
107 394
107 401
107 403
107 450
107 458
107 461
108 25
108 36
108 66
108 73
108 161
108 173
108 236
108 261
108 299
108 307
108 337
108 338
108 340
108 347
108 355
108 367
108 374
108 396
108 408
108 416
108 440
108 454
109 88
109 102
109 112
109 118
109 124
109 193
109 201
109 208
109 231
109 233
109 253
109 284
109 310
109 323
109 385
109 392
109 394
109 400
109 413
109 415
109 468
109 494
110 27
110 55
110 106
110 112
110 125
110 159
110 213
110 221
110 241
110 272
110 289
110 334
110 365
110 370
110 375
110 383
110 396
110 398
110 407
110 446
110 462
110 466
110 482
110 488
111 11
111 57
111 61
111 95
111 113
111 124
111 170
111 186
111 205
111 219
111 228
111 253
111 309
111 345
111 377
111 396
111 422
111 423
111 465
111 495
112 8
112 26
112 44
112 46
112 87
112 109
112 110
112 127
112 176
112 228
112 275
112 279
112 295
112 327
112 388
112 408
112 481
112 493
113 2
113 17
113 63
113 80
113 90
113 111
113 158
113 204
113 248
113 256
113 283
113 293
113 294
113 299
113 335
113 417
113 449
114 53
114 55
114 58
114 83
114 90
114 92
114 119
114 135
114 149
114 158
114 219
114 277
114 332
114 340
114 362
114 425
115 24
115 37
115 146
115 152
115 163
115 171
115 188
115 197
115 241
115 291
115 296
115 315
115 342
115 418
115 452
115 473
116 23
116 42
116 56
116 77
116 86
116 162
116 171
116 251
116 275
116 277
116 287
116 299
116 300
116 307
116 340
116 380
116 390
116 420
116 424
116 439
116 486
117 9
117 49
117 85
117 123
117 129
117 287
117 298
117 327
117 381
117 442
117 462
118 8
118 30
118 36
118 50
118 83
118 105
118 109
118 133
118 238
118 257
118 258
118 260
118 274
118 277
118 296
118 402
118 437
118 438
118 491
119 4
119 34
119 43
119 68
119 114
119 141
119 170
119 172
119 210
119 288
119 295
119 327
119 348
119 362
119 374
119 398
119 425
119 441
119 474
120 8
120 12
120 21
120 49
120 76
120 91
120 153
120 166
120 169
120 250
120 290
120 312
120 354
120 359
120 374
120 400
120 475
120 482
120 483
120 489
120 495
121 14
121 17
121 47
121 54
121 159
121 217
121 285
121 308
121 378
121 386
121 414
121 420
121 421
121 453
121 459
121 486
122 3
122 66
122 71
122 159
122 163
122 168
122 174
122 180
122 188
122 204
122 208
122 224
122 233
122 236
122 247
122 261
122 323
122 341
122 390
122 392
122 415
122 421
122 445
122 454
122 461
122 476
122 485
123 44
123 52
123 104
123 117
123 126
123 213
123 220
123 231
123 260
123 264
123 272
123 275
123 282
123 292
123 300
123 322
123 328
123 345
123 372
123 373
123 375
123 400
123 417
123 438
123 446
124 6
124 22
124 33
124 88
124 100
124 104
124 109
124 111
124 129
124 193
124 211
124 232
124 252
124 270
124 273
124 297
124 302
124 310
124 325
124 408
124 423
124 430
124 467
125 31
125 49
125 51
125 110
125 151
125 166
125 193
125 197
125 205
125 214
125 228
125 256
125 264
125 266
125 267
125 307
125 314
125 340
125 343
125 365
125 392
125 423
126 0
126 4
126 19
126 90
126 123
126 148
126 189
126 200
126 213
126 234
126 242
126 246
126 273
126 291
126 292
126 299
126 309
126 332
126 334
126 386
126 409
126 410
126 422
126 440
126 475
126 477
126 480
126 498
127 11
127 77
127 87
127 112
127 143
127 184
127 197
127 216
127 308
127 331
127 342
127 391
127 404
127 448
127 458
127 480
128 7
128 13
128 32
128 46
128 91
128 97
128 99
128 147
128 152
128 182
128 184
128 185
128 193
128 275
128 299
128 346
128 391
128 400
128 418
128 468
128 471
129 59
129 85
129 88
129 117
129 124
129 234
129 291
129 310
129 313
129 327
129 328
129 357
129 387
129 391
129 461
129 466
129 478
129 482
129 485
129 490
130 11
130 31
130 103
130 146
130 147
130 163
130 179
130 195
130 203
130 239
130 285
130 288
130 300
130 341
130 347
130 361
130 389
130 426
130 438
130 470
130 473
131 9
131 15
131 29
131 104
131 138
131 148
131 158
131 175
131 190
131 211
131 216
131 218
131 243
131 252
131 255
131 257
131 269
131 270
131 275
131 304
131 322
131 348
131 360
131 411
131 470
131 488
132 60
132 99
132 146
132 177
132 181
132 197
132 200
132 240
132 258
132 260
132 270
132 349
132 399
132 426
132 446
132 466
133 19
133 56
133 78
133 83
133 99
133 118
133 172
133 173
133 247
133 351
133 417
133 427
133 473
133 476
133 479
134 24
134 34
134 37
134 65
134 67
134 74
134 96
134 106
134 136
134 159
134 163
134 228
134 276
134 284
134 346
134 391
134 393
134 444
135 15
135 21
135 52
135 75
135 82
135 90
135 104
135 114
135 148
135 198
135 296
135 341
135 350
135 371
135 482
135 485
135 492
136 4
136 18
136 46
136 87
136 134
136 187
136 225
136 265
136 282
136 290
136 302
136 304
136 305
136 311
136 339
136 344
136 368
136 395
136 410
136 443
136 473
137 46
137 73
137 82
137 88
137 102
137 103
137 164
137 171
137 193
137 194
137 234
137 245
137 258
137 280
137 303
137 311
137 356
137 373
137 388
137 406
137 437
137 489
138 6
138 11
138 34
138 49
138 131
138 146
138 184
138 265
138 331
138 357
138 371
138 389
138 418
138 424
138 451
139 1
139 5
139 59
139 149
139 228
139 238
139 258
139 281
139 342
139 361
139 375
139 383
139 427
139 439
139 462
139 466
139 475
139 488
139 492
140 2
140 38
140 50
140 53
140 56
140 57
140 61
140 77
140 91
140 98
140 159
140 233
140 234
140 268
140 278
140 294
140 307
140 312
140 365
140 410
140 414
140 445
140 463
140 477
140 491
141 24
141 57
141 81
141 93
141 107
141 119
141 154
141 162
141 177
141 184
141 207
141 255
141 274
141 285
141 323
141 351
141 381
142 25
142 53
142 175
142 239
142 244
142 270
142 308
142 309
142 328
142 346
142 356
142 415
142 426
142 456
142 486
142 499
143 5
143 33
143 47
143 50
143 96
143 127
143 152
143 185
143 187
143 188
143 193
143 208
143 221
143 230
143 238
143 242
143 254
143 259
143 266
143 293
143 337
143 344
143 373
143 380
143 400
143 418
143 419
143 420
143 440
143 459
144 7
144 13
144 31
144 61
144 67
144 100
144 178
144 190
144 254
144 268
144 284
144 300
144 306
144 336
144 351
144 363
144 392
144 424
144 491
145 39
145 43
145 57
145 96
145 177
145 228
145 263
145 270
145 275
145 304
145 306
145 348
145 414
145 427
145 447
145 450
146 0
146 9
146 115
146 130
146 132
146 138
146 210
146 213
146 234
146 309
146 328
146 353
146 365
146 388
146 390
146 392
146 401
146 441
146 453
147 1
147 72
147 128
147 130
147 202
147 254
147 255
147 269
147 280
147 362
147 394
147 413
147 431
147 467
147 468
147 480
148 94
148 126
148 131
148 135
148 154
148 205
148 324
148 329
148 362
148 376
148 388
148 391
148 395
148 425
148 431
148 452
148 465
148 468
149 26
149 51
149 69
149 71
149 85
149 114
149 139
149 156
149 178
149 201
149 229
149 278
149 306
149 318
149 324
149 348
149 371
149 398
149 399
149 408
149 424
149 441
149 456
149 478
150 62
150 69
150 76
150 94
150 173
150 207
150 221
150 223
150 229
150 254
150 285
150 293
150 404
150 407
150 441
150 449
150 460
150 472
150 476
150 485
150 498
151 55
151 64
151 70
151 125
151 160
151 177
151 202
151 265
151 273
151 292
151 310
151 325
151 355
151 375
151 388
151 425
152 2
152 3
152 16
152 30
152 43
152 115
152 128
152 143
152 166
152 168
152 201
152 234
152 244
152 266
152 339
152 353
152 385
152 397
152 427
153 11
153 19
153 40
153 44
153 69
153 77
153 85
153 120
153 206
153 250
153 260
153 272
153 285
153 292
153 327
153 330
153 375
153 394
153 396
153 415
153 445
153 453
153 463
153 474
154 46
154 49
154 55
154 84
154 141
154 148
154 155
154 158
154 236
154 241
154 260
154 264
154 298
154 313
154 349
154 356
154 388
154 418
154 428
154 441
154 459
155 8
155 54
155 62
155 71
155 95
155 154
155 174
155 186
155 221
155 245
155 251
155 279
155 281
155 311
155 363
155 370
155 403
155 431
155 466
156 26
156 32
156 85
156 107
156 149
156 157
156 160
156 178
156 183
156 184
156 200
156 252
156 284
156 289
156 295
156 297
156 361
156 365
156 370
156 402
156 414
156 444
156 472
156 483
157 24
157 41
157 68
157 89
157 96
157 98
157 101
157 156
157 159
157 166
157 172
157 227
157 382
157 393
157 423
157 461
157 462
157 477
158 13
158 47
158 64
158 97
158 113
158 114
158 131
158 154
158 174
158 187
158 216
158 217
158 231
158 247
158 266
158 284
158 291
158 313
158 337
158 364
158 381
158 385
158 388
158 435
158 441
158 487
159 6
159 55
159 87
159 101
159 107
159 110
159 121
159 122
159 134
159 140
159 157
159 164
159 173
159 202
159 223
159 226
159 243
159 246
159 265
159 282
159 301
159 317
159 331
159 337
159 362
159 369
159 375
159 379
159 422
159 456
159 468
159 469
159 483
159 485
160 0
160 53
160 151
160 156
160 263
160 319
160 352
160 397
160 427
160 439
160 457
160 459
160 477
160 482
160 484
161 43
161 62
161 66
161 96
161 108
161 166
161 172
161 192
161 209
161 221
161 295
161 298
161 299
161 325
161 356
161 410
161 422
161 425
161 461
161 472
161 490
161 491
162 10
162 12
162 40
162 72
162 77
162 116
162 141
162 174
162 205
162 217
162 253
162 299
162 302
162 306
162 310
162 318
162 339
162 373
162 382
162 383
162 403
162 447
162 460
162 475
162 491
163 2
163 12
163 13
163 79
163 115
163 122
163 130
163 134
163 215
163 216
163 252
163 256
163 261
163 266
163 305
163 309
163 318
163 328
163 353
163 391
163 403
163 420
163 459
164 26
164 51
164 58
164 100
164 137
164 159
164 170
164 191
164 205
164 229
164 259
164 342
164 355
164 386
164 394
164 433
164 449
164 493
165 3
165 83
165 177
165 220
165 237
165 253
165 305
165 310
165 322
165 359
165 360
165 365
165 381
165 425
165 459
166 10
166 19
166 67
166 93
166 107
166 120
166 125
166 152
166 157
166 161
166 205
166 222
166 282
166 293
166 332
166 334
166 336
166 393
166 425
166 437
166 455
166 457
167 13
167 27
167 36
167 66
167 75
167 76
167 206
167 214
167 220
167 243
167 272
167 321
167 373
167 419
167 423
167 468
168 15
168 32
168 61
168 83
168 86
168 122
168 152
168 180
168 227
168 233
168 294
168 387
168 467
168 473
168 480
168 482
169 6
169 27
169 50
169 82
169 120
169 186
169 204
169 241
169 250
169 261
169 281
169 294
169 305
169 307
169 311
169 313
169 325
169 379
169 433
169 434
169 450
169 482
169 483
170 1
170 45
170 59
170 87
170 102
170 106
170 111
170 119
170 164
170 187
170 216
170 219
170 273
170 310
170 312
170 327
170 348
170 372
170 384
170 421
170 435
170 483
171 25
171 41
171 115
171 116
171 137
171 179
171 188
171 205
171 210
171 240
171 244
171 265
171 311
171 389
171 393
171 407
171 476
171 482
171 485
172 3
172 14
172 34
172 52
172 119
172 133
172 157
172 161
172 176
172 190
172 233
172 291
172 365
172 374
172 395
172 399
172 445
172 457
172 479
172 498
173 15
173 86
173 108
173 133
173 150
173 159
173 177
173 222
173 243
173 326
173 397
173 443
173 457
173 463
173 473
174 19
174 21
174 39
174 42
174 104
174 107
174 122
174 155
174 158
174 162
174 213
174 229
174 269
174 314
174 329
174 341
174 344
174 345
174 381
174 383
174 385
174 388
174 412
174 464
175 25
175 32
175 70
175 131
175 142
175 185
175 192
175 205
175 231
175 245
175 277
175 283
175 331
175 399
175 417
175 426
176 112
176 172
176 190
176 203
176 270
176 300
176 304
176 324
176 334
176 338
176 339
176 391
176 424
176 431
176 432
176 439
176 450
176 455
176 468
176 471
177 72
177 75
177 93
177 132
177 141
177 145
177 151
177 165
177 173
177 181
177 194
177 220
177 258
177 309
177 319
177 322
177 326
177 365
177 385
177 455
177 489
177 493
177 497
178 7
178 9
178 11
178 50
178 83
178 99
178 144
178 149
178 156
178 198
178 242
178 256
178 277
178 306
178 331
178 338
178 368
178 387
178 394
178 400
178 415
178 432
178 458
178 490
178 494
178 495
179 22
179 49
179 52
179 66
179 81
179 104
179 130
179 171
179 187
179 188
179 201
179 208
179 223
179 231
179 246
179 285
179 292
179 323
179 362
179 393
179 462
179 463
179 466
179 480
179 489
179 490
180 9
180 15
180 43
180 58
180 65
180 69
180 75
180 78
180 122
180 168
180 189
180 195
180 234
180 308
180 321
180 327
180 384
180 448
180 471
180 494
181 83
181 85
181 91
181 92
181 132
181 177
181 188
181 223
181 236
181 240
181 272
181 274
181 292
181 340
181 417
182 75
182 101
182 128
182 197
182 213
182 230
182 252
182 253
182 262
182 269
182 292
182 316
182 338
182 378
182 388
182 393
182 395
182 400
182 404
182 419
182 432
182 473
182 491
183 18
183 38
183 46
183 48
183 54
183 100
183 156
183 266
183 274
183 296
183 317
183 329
183 375
183 385
183 434
183 449
183 461
183 467
183 469
183 490
184 26
184 84
184 102
184 127
184 128
184 138
184 141
184 156
184 209
184 213
184 229
184 282
184 287
184 403
184 404
184 406
184 446
185 46
185 91
185 128
185 143
185 175
185 189
185 256
185 266
185 267
185 300
185 311
185 322
185 347
185 352
185 368
185 377
185 445
185 494
186 23
186 24
186 44
186 79
186 85
186 87
186 111
186 155
186 169
186 197
186 204
186 213
186 226
186 254
186 263
186 283
186 326
186 346
186 354
186 361
186 375
186 381
186 400
186 430
186 439
186 449
186 454
186 461
186 463
187 7
187 26
187 50
187 63
187 104
187 136
187 143
187 158
187 170
187 179
187 191
187 194
187 215
187 220
187 244
187 281
187 299
187 309
187 314
187 320
187 359
187 367
187 398
187 426
187 432
187 457
187 463
188 2
188 10
188 60
188 94
188 115
188 122
188 143
188 171
188 179
188 181
188 190
188 204
188 211
188 213
188 248
188 257
188 270
188 273
188 304
188 335
188 385
188 411
188 421
188 447
188 462
188 480
189 12
189 61
189 91
189 126
189 180
189 185
189 201
189 203
189 212
189 269
189 295
189 298
189 312
189 355
189 421
189 455
189 490
190 5
190 19
190 21
190 57
190 76
190 82
190 131
190 144
190 172
190 176
190 188
190 191
190 266
190 318
190 340
190 383
190 387
190 408
190 458
190 460
190 461
191 5
191 15
191 21
191 28
191 68
191 101
191 164
191 187
191 190
191 222
191 243
191 268
191 278
191 280
191 299
191 336
191 340
191 357
191 392
191 431
191 444
191 465
191 475
191 495
191 499
192 24
192 46
192 161
192 175
192 212
192 227
192 228
192 233
192 307
192 352
192 363
192 389
192 404
193 1
193 11
193 14
193 47
193 109
193 124
193 125
193 128
193 137
193 143
193 202
193 205
193 273
193 363
193 401
193 403
193 430
193 445
194 18
194 21
194 24
194 54
194 61
194 137
194 177
194 187
194 212
194 244
194 250
194 276
194 284
194 298
194 353
194 354
194 371
194 376
194 377
194 416
194 441
194 448
195 11
195 71
195 72
195 77
195 86
195 130
195 180
195 263
195 280
195 299
195 346
195 358
195 362
195 383
195 387
195 390
195 396
195 424
195 441
195 444
195 449
195 450
196 0
196 14
196 15
196 25
196 47
196 75
196 78
196 93
196 218
196 220
196 258
196 274
196 284
196 302
196 312
196 344
196 352
196 362
196 365
196 409
196 475
197 20
197 31
197 50
197 66
197 115
197 125
197 127
197 132
197 182
197 186
197 199
197 210
197 218
197 256
197 266
197 340
197 391
197 418
197 439
197 441
197 467
197 476
197 486
198 57
198 73
198 74
198 76
198 77
198 135
198 178
198 317
198 331
198 375
198 396
198 463
198 479
198 481
198 498
199 42
199 69
199 197
199 200
199 251
199 278
199 280
199 291
199 298
199 317
199 327
199 337
199 412
199 467
199 490
200 59
200 62
200 80
200 126
200 132
200 156
200 199
200 216
200 279
200 284
200 296
200 329
200 341
200 343
200 348
200 349
200 351
200 367
200 374
200 397
200 408
200 438
200 493
201 109
201 149
201 152
201 179
201 189
201 207
201 223
201 225
201 266
201 295
201 318
201 344
201 350
201 409
201 467
202 10
202 62
202 75
202 87
202 147
202 151
202 159
202 193
202 251
202 261
202 271
202 314
202 404
202 415
202 418
202 419
202 449
202 452
202 458
202 499
203 5
203 26
203 46
203 48
203 79
203 130
203 176
203 189
203 212
203 213
203 226
203 236
203 278
203 348
203 383
203 440
203 456
203 460
204 35
204 43
204 60
204 99
204 113
204 122
204 169
204 186
204 188
204 223
204 230
204 244
204 277
204 301
204 339
204 357
204 359
204 361
204 371
204 414
205 17
205 47
205 54
205 91
205 92
205 111
205 125
205 148
205 162
205 164
205 166
205 171
205 175
205 193
205 236
205 264
205 298
205 334
205 352
205 386
205 396
205 415
205 434
205 444
205 481
205 497
206 48
206 79
206 153
206 167
206 210
206 228
206 229
206 230
206 259
206 268
206 283
206 292
206 333
206 346
206 351
206 373
206 376
206 379
206 393
206 438
206 445
206 474
206 493
207 50
207 76
207 141
207 150
207 201
207 229
207 253
207 258
207 259
207 266
207 269
207 303
207 333
207 352
207 357
207 361
207 399
207 433
207 450
207 473
208 1
208 4
208 107
208 109
208 122
208 143
208 179
208 212
208 214
208 274
208 282
208 346
208 378
208 406
208 411
208 414
208 435
208 437
208 446
208 452
208 464
208 484
208 486
209 5
209 70
209 107
209 161
209 184
209 243
209 246
209 263
209 311
209 331
209 343
209 363
209 380
209 424
209 453
209 482
209 483
209 492
209 494
210 51
210 58
210 119
210 146
210 171
210 197
210 206
210 227
210 291
210 301
210 319
210 331
210 335
210 391
210 392
210 466
210 495
211 10
211 22
211 37
211 56
211 124
211 131
211 188
211 219
211 249
211 256
211 299
211 353
211 364
211 386
211 420
211 439
211 478
212 80
212 189
212 192
212 194
212 203
212 208
212 232
212 253
212 263
212 286
212 370
212 433
212 485
213 8
213 16
213 110
213 123
213 126
213 146
213 174
213 182
213 184
213 186
213 188
213 203
213 222
213 248
213 249
213 300
213 320
213 327
213 350
213 377
213 407
213 453
213 481
213 488
214 27
214 44
214 68
214 75
214 125
214 167
214 208
214 218
214 229
214 232
214 250
214 288
214 309
214 311
214 332
214 333
214 384
214 408
214 428
215 23
215 52
215 56
215 104
215 106
215 163
215 187
215 225
215 226
215 281
215 287
215 306
215 316
215 337
215 352
215 421
215 468
215 486
216 11
216 67
216 68
216 81
216 127
216 131
216 158
216 163
216 170
216 200
216 277
216 287
216 368
216 375
216 437
216 444
216 474
216 495
217 18
217 21
217 26
217 35
217 74
217 77
217 121
217 158
217 162
217 229
217 242
217 264
217 270
217 288
217 364
217 395
217 442
218 32
218 72
218 92
218 131
218 196
218 197
218 214
218 288
218 313
218 324
218 333
218 345
218 372
218 382
218 392
218 407
218 414
218 446
218 447
218 464
218 480
218 490
218 494
219 3
219 36
219 37
219 49
219 64
219 111
219 114
219 170
219 211
219 235
219 287
219 308
219 327
219 330
219 378
219 400
219 464
219 481
219 497
220 36
220 42
220 48
220 67
220 86
220 123
220 165
220 167
220 177
220 187
220 196
220 226
220 245
220 249
220 250
220 253
220 256
220 296
220 380
220 433
220 484
220 489
221 17
221 75
221 110
221 143
221 150
221 155
221 161
221 223
221 245
221 276
221 374
221 390
221 448
221 455
222 30
222 38
222 166
222 173
222 191
222 213
222 238
222 273
222 292
222 294
222 303
222 312
222 318
222 353
222 371
222 472
222 475
223 30
223 65
223 150
223 159
223 179
223 181
223 201
223 204
223 221
223 269
223 291
223 314
223 325
223 338
223 357
223 370
223 399
223 437
223 454
223 489
224 8
224 30
224 79
224 94
224 95
224 122
224 234
224 247
224 254
224 290
224 307
224 316
224 341
224 377
224 391
224 460
224 483
225 76
225 98
225 136
225 201
225 215
225 239
225 275
225 308
225 324
225 338
225 343
225 346
225 378
225 380
225 394
225 419
225 425
225 426
225 428
225 497
226 34
226 54
226 58
226 79
226 159
226 186
226 203
226 215
226 220
226 234
226 265
226 350
226 368
226 370
226 397
226 399
226 436
226 448
226 452
226 467
226 468
227 23
227 32
227 43
227 48
227 55
227 72
227 81
227 157
227 168
227 192
227 210
227 246
227 323
227 362
227 375
227 416
227 428
228 0
228 41
228 69
228 111
228 112
228 125
228 134
228 139
228 145
228 192
228 206
228 229
228 237
228 246
228 269
228 310
228 319
228 355
228 386
228 411
228 414
228 416
228 419
228 491
229 4
229 7
229 92
229 149
229 150
229 164
229 174
229 184
229 206
229 207
229 214
229 217
229 228
229 235
229 236
229 298
229 334
229 344
229 366
229 452
229 459
229 479
230 19
230 91
230 143
230 182
230 204
230 206
230 259
230 281
230 288
230 365
230 389
230 397
230 420
230 443
230 460
230 480
231 37
231 47
231 59
231 66
231 83
231 109
231 123
231 158
231 175
231 179
231 249
231 338
231 390
231 399
231 425
231 430
231 435
231 459
231 473
231 489
231 490
232 37
232 48
232 51
232 95
232 101
232 124
232 212
232 214
232 271
232 289
232 302
232 409
232 440
232 482
233 23
233 32
233 42
233 109
233 122
233 140
233 168
233 172
233 192
233 236
233 254
233 287
233 293
233 304
233 310
233 327
233 347
233 372
233 428
233 431
233 434
234 91
234 126
234 129
234 137
234 140
234 146
234 152
234 180
234 224
234 226
234 255
234 261
234 294
234 306
234 309
234 321
234 348
234 390
234 408
234 412
234 415
234 459
234 460
234 468
234 474
234 484
235 8
235 11
235 68
235 70
235 101
235 219
235 229
235 239
235 305
235 326
235 331
235 342
235 443
235 478
236 1
236 60
236 72
236 103
236 108
236 122
236 154
236 181
236 203
236 205
236 229
236 233
236 269
236 270
236 305
236 307
236 309
236 329
236 383
236 388
236 428
236 443
237 54
237 70
237 71
237 81
237 165
237 228
237 244
237 288
237 312
237 317
237 321
237 391
237 424
237 426
237 441
237 452
237 487
238 15
238 35
238 72
238 91
238 93
238 118
238 139
238 143
238 222
238 261
238 274
238 281
238 283
238 319
238 353
238 358
238 398
238 421
238 455
238 474
238 491
238 493
239 17
239 23
239 33
239 130
239 142
239 225
239 235
239 306
239 336
239 344
239 355
239 398
239 412
239 439
239 444
239 459
239 466
239 471
239 481
240 9
240 19
240 26
240 46
240 83
240 132
240 171
240 181
240 247
240 284
240 323
240 337
240 383
240 421
240 427
240 490
240 491
241 32
241 47
241 48
241 110
241 115
241 154
241 169
241 245
241 246
241 257
241 262
241 310
241 368
241 393
241 422
241 448
241 475
241 486
242 62
242 74
242 92
242 103
242 107
242 126
242 143
242 178
242 217
242 244
242 264
242 267
242 320
242 349
242 390
242 399
242 423
242 424
242 468
242 487
243 21
243 98
243 131
243 159
243 167
243 173
243 191
243 209
243 273
243 300
243 317
243 370
243 391
243 428
243 433
243 441
244 14
244 20
244 101
244 142
244 152
244 171
244 187
244 194
244 204
244 237
244 242
244 293
244 298
244 329
244 368
244 382
244 422
244 434
244 446
244 477
245 2
245 23
245 26
245 46
245 87
245 137
245 155
245 175
245 220
245 221
245 241
245 278
245 307
245 310
245 338
245 348
245 365
245 412
245 414
245 428
245 436
245 461
245 477
246 1
246 3
246 29
246 73
246 77
246 83
246 126
246 159
246 179
246 209
246 227
246 228
246 241
246 275
246 288
246 296
246 376
246 378
246 472
247 47
247 61
247 122
247 133
247 158
247 224
247 240
247 268
247 276
247 299
247 331
247 372
247 380
247 391
247 396
247 412
247 416
247 427
247 442
247 446
248 13
248 41
248 103
248 113
248 188
248 213
248 285
248 299
248 316
248 328
248 340
248 369
248 371
248 379
248 387
248 409
248 417
248 439
248 442
248 462
248 482
249 6
249 43
249 52
249 98
249 99
249 103
249 211
249 213
249 220
249 231
249 274
249 304
249 322
249 332
249 347
249 352
249 375
249 419
249 422
249 430
249 450
249 458
249 490
250 3
250 12
250 17
250 18
250 78
250 82
250 87
250 96
250 98
250 107
250 120
250 153
250 169
250 194
250 214
250 220
250 265
250 273
250 287
250 324
250 339
250 359
250 425
250 459
250 473
250 484
250 497
251 54
251 73
251 79
251 88
251 116
251 155
251 199
251 202
251 341
251 422
251 425
251 440
251 444
251 449
251 472
252 25
252 84
252 87
252 90
252 124
252 131
252 156
252 163
252 182
252 253
252 261
252 262
252 271
252 307
252 312
252 315
252 320
252 322
252 374
252 398
253 4
253 59
253 66
253 78
253 84
253 89
253 90
253 93
253 109
253 111
253 162
253 165
253 182
253 207
253 212
253 220
253 252
253 277
253 308
253 338
253 354
253 398
253 407
253 417
253 436
253 460
253 478
253 490
254 0
254 11
254 15
254 26
254 71
254 94
254 143
254 144
254 147
254 150
254 186
254 224
254 233
254 281
254 303
254 329
254 341
254 352
254 397
254 423
254 495
255 101
255 131
255 141
255 147
255 234
255 260
255 278
255 287
255 301
255 306
255 324
255 351
255 427
255 440
255 457
255 491
256 24
256 52
256 113
256 125
256 163
256 178
256 185
256 197
256 211
256 220
256 263
256 266
256 271
256 289
256 297
256 334
256 354
256 364
256 374
256 383
256 392
256 394
256 450
256 465
256 477
257 13
257 40
257 71
257 118
257 131
257 188
257 241
257 271
257 296
257 313
257 390
258 2
258 9
258 10
258 13
258 18
258 42
258 50
258 64
258 102
258 118
258 132
258 137
258 139
258 177
258 196
258 207
258 264
258 268
258 319
258 337
258 356
258 423
258 482
258 498
259 20
259 35
259 36
259 65
259 143
259 164
259 206
259 207
259 230
259 280
259 335
259 345
259 371
259 372
259 377
259 405
259 466
259 470
260 47
260 58
260 87
260 103
260 118
260 123
260 132
260 153
260 154
260 255
260 308
260 310
260 311
260 323
260 326
260 342
260 378
260 393
260 439
260 461
261 31
261 36
261 50
261 66
261 70
261 71
261 81
261 108
261 122
261 163
261 169
261 202
261 234
261 238
261 252
261 262
261 277
261 303
261 322
261 344
261 377
261 385
261 403
261 464
261 469
262 38
262 64
262 71
262 82
262 87
262 92
262 182
262 241
262 252
262 261
262 285
262 291
262 315
262 316
262 328
262 383
262 401
262 403
262 406
262 435
262 440
262 472
263 1
263 35
263 82
263 98
263 145
263 160
263 186
263 195
263 209
263 212
263 256
263 284
263 308
263 312
263 326
263 365
263 418
263 450
263 459
263 484
264 18
264 123
264 125
264 154
264 205
264 217
264 242
264 258
264 295
264 317
264 336
264 347
264 351
264 395
264 464
264 497
265 5
265 25
265 43
265 49
265 76
265 95
265 136
265 138
265 151
265 159
265 171
265 226
265 250
265 315
265 330
265 349
265 361
265 387
265 390
265 402
265 456
265 465
265 490
266 56
266 84
266 98
266 125
266 143
266 152
266 158
266 163
266 183
266 185
266 190
266 197
266 201
266 207
266 256
266 276
266 306
266 320
266 326
266 340
266 346
266 360
266 479
266 480
266 493
267 13
267 48
267 60
267 63
267 97
267 101
267 125
267 185
267 242
267 373
267 374
267 402
267 421
267 438
267 465
267 479
268 39
268 43
268 67
268 71
268 94
268 140
268 144
268 191
268 206
268 247
268 258
268 298
268 321
268 323
268 324
268 336
268 391
268 393
268 404
268 412
268 472
268 485
268 487
269 107
269 131
269 147
269 174
269 182
269 189
269 207
269 223
269 228
269 236
269 334
269 348
269 392
269 410
269 453
270 2
270 17
270 124
270 131
270 132
270 142
270 145
270 176
270 188
270 217
270 236
270 326
270 372
270 386
270 422
270 446
270 494
271 3
271 5
271 26
271 49
271 78
271 79
271 93
271 100
271 202
271 232
271 252
271 256
271 257
271 288
271 317
271 386
271 393
271 411
271 424
271 445
271 457
271 463
271 481
271 492
271 495
272 25
272 51
272 61
272 110
272 123
272 153
272 167
272 181
272 285
272 313
272 346
272 355
272 367
272 369
272 392
272 462
272 483
273 3
273 34
273 61
273 93
273 124
273 126
273 151
273 170
273 188
273 193
273 222
273 243
273 250
273 315
273 335
273 364
273 443
273 451
273 473
274 33
274 85
274 118
274 141
274 181
274 183
274 196
274 208
274 238
274 249
274 283
274 303
274 313
274 333
274 338
274 382
274 389
274 429
274 442
274 463
274 470
274 485
274 493
275 89
275 112
275 116
275 123
275 128
275 131
275 145
275 225
275 246
275 281
275 288
275 302
275 358
275 374
275 395
275 407
275 415
275 426
275 427
275 432
275 437
275 454
275 464
275 477
275 486
275 492
276 2
276 46
276 60
276 85
276 134
276 194
276 221
276 247
276 266
276 284
276 290
276 298
276 322
276 332
276 347
276 359
276 420
276 431
276 443
276 472
276 499
277 6
277 28
277 33
277 46
277 91
277 114
277 116
277 118
277 175
277 178
277 204
277 216
277 253
277 261
277 279
277 373
277 399
277 412
277 485
278 14
278 38
278 53
278 85
278 140
278 149
278 191
278 199
278 203
278 245
278 255
278 377
278 387
278 412
278 430
279 6
279 66
279 74
279 112
279 155
279 200
279 277
279 283
279 301
279 373
279 377
279 444
280 8
280 40
280 54
280 91
280 104
280 137
280 147
280 191
280 195
280 199
280 259
280 286
280 304
280 306
280 312
280 321
280 322
280 329
280 350
280 394
280 434
280 490
281 72
281 99
281 103
281 139
281 155
281 169
281 187
281 215
281 230
281 238
281 254
281 275
281 295
281 312
281 316
281 323
281 365
282 23
282 52
282 82
282 100
282 123
282 136
282 159
282 166
282 184
282 208
282 306
282 331
282 354
282 361
282 369
282 394
282 405
282 416
282 425
282 428
282 445
282 490
283 13
283 64
283 113
283 175
283 186
283 206
283 238
283 274
283 279
283 302
283 411
283 424
283 494
284 26
284 29
284 45
284 59
284 81
284 109
284 134
284 144
284 156
284 158
284 194
284 196
284 200
284 240
284 263
284 276
284 301
284 303
284 318
284 352
284 364
284 376
284 389
284 410
284 412
284 448
284 460
284 474
284 491
284 496
285 32
285 39
285 49
285 121
285 130
285 141
285 150
285 153
285 179
285 248
285 262
285 272
285 291
285 297
285 345
285 350
285 378
285 383
285 417
285 423
285 425
285 426
285 427
285 441
285 457
285 464
285 476
285 482
285 495
286 20
286 36
286 41
286 85
286 98
286 212
286 280
286 311
286 320
286 325
286 334
286 346
286 347
286 352
286 359
286 431
286 460
287 2
287 68
287 116
287 117
287 184
287 215
287 216
287 219
287 233
287 250
287 255
287 293
287 315
287 323
287 327
287 338
287 345
287 364
287 378
287 444
287 469
288 10
288 67
288 72
288 82
288 119
288 130
288 214
288 217
288 218
288 230
288 237
288 246
288 271
288 275
288 316
288 330
288 331
288 337
288 424
288 434
288 440
288 484
289 14
289 45
289 51
289 54
289 110
289 156
289 232
289 256
289 294
289 304
289 321
289 342
289 348
289 351
289 368
289 383
289 432
289 458
290 7
290 12
290 46
290 49
290 79
290 102
290 120
290 136
290 224
290 276
290 292
290 318
290 333
290 385
290 420
290 442
290 482
290 483
291 11
291 26
291 64
291 66
291 82
291 115
291 126
291 129
291 158
291 172
291 199
291 210
291 223
291 262
291 285
291 303
291 319
291 337
291 356
291 373
291 378
291 423
291 437
291 445
291 476
291 481
292 45
292 94
292 123
292 126
292 151
292 153
292 179
292 181
292 182
292 206
292 222
292 290
292 294
292 309
292 406
292 422
292 433
292 452
292 470
292 496
293 0
293 44
293 85
293 87
293 97
293 113
293 143
293 150
293 166
293 233
293 244
293 287
293 306
293 316
293 325
293 330
293 365
293 382
293 420
293 433
293 434
293 482
294 8
294 28
294 44
294 48
294 49
294 51
294 78
294 103
294 113
294 140
294 168
294 169
294 222
294 234
294 289
294 292
294 305
294 312
294 319
294 363
295 6
295 75
295 95
295 112
295 119
295 156
295 161
295 189
295 201
295 264
295 281
295 306
295 312
295 334
295 343
295 384
295 397
295 405
295 418
295 435
295 483
295 487
296 19
296 58
296 60
296 61
296 115
296 118
296 135
296 183
296 200
296 220
296 246
296 257
296 378
296 478
296 484
297 0
297 7
297 27
297 37
297 48
297 72
297 100
297 104
297 105
297 124
297 156
297 256
297 285
297 326
297 409
297 426
297 428
297 431
297 489
298 4
298 8
298 23
298 59
298 117
298 154
298 161
298 189
298 194
298 199
298 205
298 229
298 244
298 268
298 276
298 335
298 387
298 404
298 459
298 474
299 12
299 50
299 81
299 83
299 95
299 108
299 113
299 116
299 126
299 128
299 161
299 162
299 187
299 191
299 195
299 211
299 247
299 248
299 307
299 319
299 321
299 431
299 457
299 460
299 479
299 495
300 10
300 11
300 39
300 85
300 95
300 106
300 116
300 123
300 130
300 144
300 176
300 185
300 213
300 243
300 326
300 339
300 373
300 387
300 391
300 406
300 408
301 23
301 62
301 77
301 80
301 159
301 204
301 210
301 255
301 279
301 284
301 340
301 372
301 386
301 396
301 406
301 435
301 468
301 488
301 490
302 16
302 41
302 74
302 84
302 101
302 124
302 136
302 162
302 196
302 232
302 275
302 283
302 308
302 331
302 356
302 422
302 434
302 452
302 466
303 88
303 97
303 137
303 207
303 222
303 254
303 261
303 274
303 284
303 291
303 334
303 335
303 337
303 355
303 381
303 384
303 391
303 403
303 424
304 50
304 56
304 79
304 85
304 131
304 136
304 145
304 176
304 188
304 233
304 249
304 280
304 289
304 337
304 351
304 369
304 415
304 416
304 429
304 435
304 448
304 453
304 470
304 485
305 20
305 48
305 94
305 96
305 136
305 163
305 165
305 169
305 235
305 236
305 294
305 379
305 395
305 443
305 459
305 466
305 467
305 468
305 474
305 475
306 34
306 58
306 69
306 80
306 105
306 144
306 145
306 149
306 162
306 178
306 215
306 234
306 239
306 255
306 266
306 280
306 282
306 293
306 295
306 323
306 324
306 333
306 336
306 364
306 365
306 387
306 400
306 413
306 441
306 444
306 445
306 470
306 496
307 16
307 20
307 33
307 52
307 60
307 62
307 67
307 98
307 108
307 116
307 125
307 140
307 169
307 192
307 224
307 236
307 245
307 252
307 299
307 367
307 391
307 462
307 490
307 499
308 7
308 60
308 97
308 98
308 121
308 127
308 142
308 180
308 219
308 225
308 253
308 260
308 263
308 302
308 310
308 336
308 383
308 395
308 420
308 425
309 8
309 9
309 30
309 111
309 126
309 142
309 146
309 163
309 177
309 187
309 214
309 234
309 236
309 292
309 333
309 334
309 346
309 353
309 434
309 442
309 479
309 487
309 495
310 3
310 31
310 42
310 46
310 109
310 124
310 129
310 151
310 162
310 165
310 170
310 228
310 233
310 241
310 245
310 260
310 308
310 343
310 397
310 431
310 453
311 61
311 93
311 136
311 137
311 155
311 169
311 171
311 185
311 209
311 214
311 260
311 286
311 327
311 352
311 372
311 376
311 382
311 397
311 407
311 479
312 39
312 40
312 104
312 120
312 140
312 170
312 189
312 196
312 222
312 237
312 252
312 263
312 280
312 281
312 294
312 295
312 325
312 331
312 338
312 346
312 358
312 364
312 391
312 450
312 462
313 0
313 5
313 6
313 11
313 98
313 129
313 154
313 158
313 169
313 218
313 257
313 272
313 274
313 320
313 326
313 346
313 406
313 447
313 474
314 7
314 19
314 81
314 105
314 125
314 174
314 187
314 202
314 223
314 339
314 345
314 379
314 411
314 437
314 457
314 487
315 8
315 22
315 84
315 87
315 103
315 115
315 252
315 262
315 265
315 273
315 287
315 321
315 336
315 402
315 404
315 417
315 437
315 452
315 454
316 69
316 72
316 83
316 182
316 215
316 224
316 248
316 262
316 281
316 288
316 293
316 320
316 330
316 334
316 396
316 414
316 442
316 456
316 485
317 18
317 107
317 159
317 183
317 198
317 199
317 237
317 243
317 264
317 271
317 334
317 341
317 485
317 495
318 19
318 28
318 149
318 162
318 163
318 190
318 201
318 222
318 284
318 290
318 374
318 383
318 470
319 65
319 160
319 177
319 210
319 228
319 238
319 258
319 291
319 294
319 299
319 358
319 381
319 388
319 412
319 415
319 450
319 453
319 456
319 473
320 10
320 20
320 25
320 32
320 44
320 52
320 58
320 68
320 76
320 78
320 187
320 213
320 242
320 252
320 266
320 286
320 313
320 316
320 322
320 366
320 367
320 382
320 401
320 417
320 474
320 475
320 494
320 498
321 9
321 38
321 167
321 180
321 234
321 237
321 268
321 280
321 289
321 299
321 315
321 331
321 350
321 368
321 397
321 403
321 414
321 446
321 488
321 497
322 17
322 24
322 26
322 38
322 79
322 97
322 123
322 131
322 165
322 177
322 185
322 249
322 252
322 261
322 276
322 280
322 320
322 331
322 333
322 336
322 338
322 408
322 413
322 488
322 494
323 10
323 16
323 43
323 46
323 91
323 101
323 104
323 109
323 122
323 141
323 179
323 227
323 240
323 260
323 268
323 281
323 287
323 306
323 324
323 337
323 342
323 376
323 412
323 457
323 489
324 17
324 42
324 67
324 68
324 86
324 148
324 149
324 176
324 218
324 225
324 250
324 255
324 268
324 306
324 323
324 329
324 348
324 436
324 466
325 3
325 26
325 34
325 40
325 56
325 77
325 124
325 151
325 161
325 169
325 223
325 286
325 293
325 312
325 333
325 380
325 382
325 390
325 399
325 431
326 27
326 75
326 104
326 173
326 177
326 186
326 235
326 260
326 263
326 266
326 270
326 297
326 300
326 313
326 361
326 368
326 401
326 427
326 442
327 92
327 112
327 117
327 119
327 129
327 153
327 170
327 180
327 199
327 213
327 219
327 233
327 287
327 311
327 330
327 354
327 362
327 372
327 382
327 387
327 394
327 399
327 412
327 424
327 437
327 447
327 481
327 485
328 35
328 56
328 90
328 123
328 129
328 142
328 146
328 163
328 248
328 262
328 362
328 367
328 379
328 381
328 410
328 411
328 420
328 454
328 478
329 45
329 49
329 54
329 68
329 70
329 148
329 174
329 183
329 200
329 236
329 244
329 254
329 280
329 324
329 364
329 368
329 419
329 482
329 488
330 24
330 102
330 153
330 219
330 265
330 288
330 293
330 316
330 327
330 362
330 432
330 453
330 496
331 1
331 3
331 75
331 77
331 81
331 92
331 94
331 127
331 138
331 159
331 175
331 178
331 198
331 209
331 210
331 235
331 247
331 282
331 288
331 302
331 312
331 321
331 322
331 339
331 353
331 383
331 416
331 423
331 482
332 20
332 33
332 39
332 49
332 55
332 114
332 126
332 166
332 214
332 249
332 276
332 348
332 437
332 442
332 443
332 489
333 19
333 31
333 35
333 86
333 206
333 207
333 214
333 218
333 274
333 290
333 306
333 309
333 322
333 325
333 345
333 384
333 396
333 412
333 436
333 498
334 25
334 45
334 68
334 70
334 97
334 105
334 110
334 126
334 166
334 176
334 205
334 229
334 256
334 269
334 286
334 295
334 303
334 309
334 316
334 317
334 373
334 419
334 454
334 467
334 498
335 20
335 40
335 73
335 113
335 188
335 210
335 259
335 273
335 298
335 303
335 393
335 486
335 488
336 26
336 27
336 38
336 54
336 91
336 144
336 166
336 191
336 239
336 264
336 268
336 306
336 308
336 315
336 322
336 345
336 378
336 392
336 394
336 396
336 402
336 411
336 414
336 418
336 464
336 488
337 27
337 60
337 101
337 108
337 143
337 158
337 159
337 199
337 215
337 240
337 258
337 288
337 291
337 303
337 304
337 323
337 357
337 384
337 410
337 418
337 424
337 426
337 429
337 456
337 471
337 482
338 22
338 43
338 50
338 69
338 72
338 108
338 176
338 178
338 182
338 223
338 225
338 231
338 245
338 253
338 274
338 287
338 312
338 322
338 385
338 406
338 439
338 442
338 454
338 478
339 16
339 21
339 36
339 62
339 80
339 136
339 152
339 162
339 176
339 204
339 250
339 300
339 314
339 331
339 360
339 372
339 380
339 408
339 413
339 421
339 424
339 490
340 23
340 30
340 43
340 108
340 114
340 116
340 125
340 181
340 190
340 191
340 197
340 248
340 266
340 301
340 377
340 378
340 397
340 431
340 478
340 480
341 85
341 100
341 122
341 130
341 135
341 174
341 200
341 224
341 251
341 254
341 317
341 347
341 352
341 403
341 417
341 474
341 489
342 115
342 127
342 139
342 164
342 235
342 260
342 289
342 323
342 389
342 409
342 437
342 439
342 485
343 11
343 36
343 69
343 106
343 125
343 200
343 209
343 225
343 295
343 310
343 353
343 361
343 382
343 399
343 414
343 437
343 448
343 464
343 478
344 3
344 30
344 39
344 60
344 86
344 136
344 143
344 174
344 196
344 201
344 229
344 239
344 261
344 362
344 368
344 404
344 420
344 424
344 444
344 476
344 490
345 19
345 20
345 65
345 71
345 111
345 123
345 174
345 218
345 259
345 285
345 287
345 314
345 333
345 336
345 370
345 399
345 415
345 447
345 454
345 457
345 465
345 478
346 12
346 28
346 48
346 49
346 55
346 72
346 128
346 134
346 142
346 186
346 195
346 206
346 208
346 225
346 266
346 272
346 286
346 309
346 312
346 313
346 392
346 447
347 23
347 27
347 68
347 96
347 108
347 130
347 185
347 233
347 249
347 264
347 276
347 286
347 341
347 363
347 405
347 427
347 430
347 453
347 462
347 466
348 22
348 40
348 63
348 87
348 119
348 131
348 145
348 149
348 170
348 200
348 203
348 234
348 245
348 269
348 289
348 324
348 332
348 354
348 355
348 361
348 382
348 404
348 427
348 474
348 498
349 37
349 42
349 88
349 132
349 154
349 200
349 242
349 265
349 350
349 372
349 404
349 468
349 478
350 18
350 38
350 46
350 59
350 84
350 135
350 201
350 213
350 226
350 280
350 285
350 321
350 349
350 372
350 425
351 6
351 53
351 93
351 133
351 141
351 144
351 200
351 206
351 255
351 264
351 289
351 304
351 365
351 372
351 383
351 386
351 399
351 416
351 429
351 455
352 26
352 29
352 47
352 76
352 89
352 90
352 160
352 185
352 192
352 196
352 205
352 207
352 215
352 249
352 254
352 284
352 286
352 311
352 341
352 374
352 459
352 461
352 476
352 483
353 3
353 38
353 48
353 79
353 101
353 102
353 146
353 152
353 163
353 194
353 211
353 222
353 238
353 309
353 331
353 343
353 436
354 2
354 6
354 19
354 61
354 81
354 83
354 97
354 103
354 120
354 186
354 194
354 253
354 256
354 282
354 327
354 348
354 373
354 394
354 407
354 424
354 459
354 471
354 495
355 29
355 52
355 53
355 108
355 151
355 164
355 189
355 228
355 239
355 272
355 303
355 348
355 360
355 389
355 390
355 403
355 404
355 423
355 431
355 456
355 461
355 485
355 498
356 18
356 47
356 76
356 80
356 137
356 142
356 154
356 161
356 258
356 291
356 302
356 375
356 390
356 425
356 452
356 463
357 26
357 63
357 129
357 138
357 191
357 204
357 207
357 223
357 337
357 388
357 397
357 438
357 453
357 468
357 478
358 22
358 49
358 54
358 56
358 72
358 75
358 195
358 238
358 275
358 312
358 319
358 398
358 436
358 446
358 456
358 481
359 14
359 24
359 76
359 120
359 165
359 187
359 204
359 250
359 276
359 286
359 372
359 392
359 443
359 470
359 490
359 497
360 12
360 45
360 55
360 72
360 73
360 92
360 131
360 165
360 266
360 339
360 355
360 386
360 400
360 409
360 448
360 461
360 477
361 13
361 14
361 22
361 130
361 139
361 156
361 186
361 204
361 207
361 265
361 282
361 326
361 343
361 348
361 390
361 404
361 417
361 423
361 445
361 446
361 453
361 458
361 474
361 478
362 8
362 25
362 56
362 69
362 114
362 119
362 147
362 148
362 159
362 179
362 195
362 196
362 227
362 327
362 328
362 330
362 344
362 371
362 377
362 401
362 423
362 432
362 433
362 436
362 445
362 463
362 475
362 485
362 490
363 21
363 38
363 61
363 62
363 75
363 92
363 93
363 144
363 155
363 192
363 193
363 209
363 294
363 347
363 378
363 472
364 7
364 30
364 57
364 60
364 93
364 158
364 211
364 217
364 256
364 273
364 284
364 287
364 306
364 312
364 329
364 453
364 463
364 487
364 494
365 110
365 125
365 140
365 146
365 156
365 165
365 172
365 177
365 196
365 230
365 245
365 263
365 281
365 293
365 306
365 351
365 391
365 399
365 405
365 423
365 435
365 455
365 461
365 477
365 488
366 10
366 29
366 54
366 72
366 229
366 320
366 418
366 421
366 456
366 484
366 485
366 489
367 3
367 17
367 43
367 80
367 89
367 108
367 187
367 200
367 272
367 307
367 320
367 328
367 442
367 474
367 487
367 490
368 45
368 101
368 136
368 178
368 185
368 216
368 226
368 241
368 244
368 289
368 321
368 326
368 329
368 344
368 406
368 418
368 427
368 432
368 453
368 467
368 477
368 492
369 42
369 106
369 159
369 248
369 272
369 282
369 304
369 376
369 404
369 413
369 420
369 432
369 439
369 445
369 457
369 488
370 6
370 44
370 46
370 110
370 155
370 156
370 212
370 223
370 226
370 243
370 345
370 416
370 431
370 434
370 460
370 487
371 60
371 63
371 70
371 92
371 94
371 135
371 138
371 149
371 194
371 204
371 222
371 248
371 259
371 362
371 387
371 403
371 427
371 449
371 459
371 471
372 49
372 123
372 170
372 218
372 233
372 247
372 259
372 270
372 301
372 311
372 327
372 339
372 349
372 350
372 351
372 359
372 373
372 406
372 414
372 434
372 447
372 472
372 493
372 494
373 10
373 16
373 71
373 123
373 137
373 143
373 162
373 167
373 206
373 267
373 277
373 279
373 291
373 300
373 334
373 354
373 372
373 419
373 473
374 1
374 66
374 77
374 98
374 108
374 119
374 120
374 172
374 200
374 221
374 252
374 256
374 267
374 275
374 318
374 352
374 379
374 404
374 440
374 445
375 16
375 58
375 110
375 123
375 139
375 151
375 153
375 159
375 183
375 186
375 198
375 216
375 227
375 249
375 356
375 381
375 403
375 480
375 491
376 10
376 37
376 40
376 48
376 68
376 69
376 70
376 81
376 102
376 148
376 194
376 206
376 246
376 284
376 311
376 323
376 369
376 377
376 395
376 471
376 497
377 35
377 45
377 49
377 50
377 93
377 111
377 185
377 194
377 213
377 224
377 259
377 261
377 278
377 279
377 340
377 362
377 376
377 411
377 417
377 474
377 495
378 12
378 38
378 83
378 105
378 121
378 182
378 208
378 219
378 225
378 246
378 260
378 285
378 287
378 291
378 296
378 336
378 340
378 363
378 396
378 397
378 439
378 461
379 33
379 63
379 79
379 106
379 159
379 169
379 206
379 248
379 305
379 314
379 328
379 374
379 387
379 395
379 482
380 33
380 76
380 93
380 116
380 143
380 209
380 220
380 225
380 247
380 325
380 339
380 381
380 388
380 423
380 442
380 498
381 10
381 13
381 23
381 47
381 56
381 92
381 117
381 141
381 158
381 165
381 174
381 186
381 303
381 319
381 328
381 375
381 380
381 433
381 483
381 485
381 488
382 14
382 92
382 157
382 162
382 218
382 244
382 274
382 293
382 311
382 320
382 325
382 327
382 343
382 348
382 384
382 432
382 436
382 469
382 494
383 0
383 2
383 6
383 11
383 34
383 45
383 46
383 48
383 49
383 81
383 90
383 110
383 139
383 162
383 174
383 190
383 195
383 203
383 236
383 240
383 256
383 262
383 285
383 289
383 308
383 318
383 331
383 351
383 397
383 404
383 418
383 435
383 491
383 497
384 4
384 5
384 10
384 18
384 26
384 34
384 43
384 170
384 180
384 214
384 295
384 303
384 333
384 337
384 382
384 407
384 408
384 413
384 439
384 448
384 495
385 12
385 33
385 54
385 109
385 152
385 158
385 174
385 177
385 183
385 188
385 261
385 290
385 338
385 390
385 423
385 454
385 471
386 86
386 93
386 121
386 126
386 164
386 205
386 211
386 228
386 270
386 271
386 301
386 351
386 360
386 439
386 447
386 448
386 449
386 462
386 481
387 16
387 32
387 65
387 74
387 89
387 129
387 168
387 178
387 190
387 195
387 248
387 265
387 278
387 298
387 300
387 306
387 327
387 371
387 379
387 420
387 421
387 425
387 452
387 463
387 481
387 492
388 12
388 38
388 53
388 64
388 66
388 74
388 88
388 97
388 112
388 137
388 146
388 148
388 151
388 154
388 158
388 174
388 182
388 236
388 319
388 357
388 380
388 414
388 421
388 422
388 424
388 436
388 446
388 456
388 457
388 475
389 18
389 29
389 30
389 59
389 92
389 130
389 138
389 171
389 192
389 230
389 274
389 284
389 342
389 355
389 396
389 468
389 481
389 482
390 18
390 39
390 95
390 116
390 122
390 146
390 195
390 221
390 231
390 234
390 242
390 257
390 265
390 325
390 355
390 356
390 361
390 385
390 419
390 425
390 448
390 465
390 491
391 9
391 56
391 102
391 127
391 128
391 129
391 134
391 148
391 163
391 176
391 197
391 210
391 224
391 237
391 243
391 247
391 268
391 300
391 303
391 307
391 312
391 365
391 392
391 410
391 414
391 464
392 109
392 122
392 125
392 144
392 146
392 191
392 210
392 218
392 256
392 269
392 272
392 336
392 346
392 359
392 391
392 446
392 454
393 57
393 58
393 86
393 94
393 134
393 157
393 166
393 171
393 179
393 182
393 206
393 241
393 260
393 268
393 271
393 335
393 452
393 454
393 464
394 65
394 92
394 97
394 105
394 107
394 109
394 147
394 153
394 164
394 178
394 225
394 256
394 280
394 282
394 327
394 336
394 354
394 409
394 466
395 12
395 37
395 52
395 68
395 80
395 99
395 136
395 148
395 172
395 182
395 217
395 264
395 275
395 305
395 308
395 376
395 379
395 408
395 433
395 482
395 483
396 6
396 9
396 42
396 60
396 88
396 101
396 108
396 110
396 111
396 153
396 195
396 198
396 205
396 247
396 301
396 316
396 333
396 336
396 378
396 389
396 427
396 449
396 455
397 16
397 23
397 44
397 57
397 102
397 152
397 160
397 173
397 200
397 226
397 230
397 254
397 295
397 310
397 311
397 321
397 340
397 357
397 378
397 383
397 498
398 45
398 76
398 103
398 105
398 110
398 119
398 149
398 187
398 238
398 239
398 252
398 253
398 358
398 444
398 447
398 458
398 467
398 478
399 0
399 16
399 132
399 149
399 172
399 175
399 207
399 223
399 226
399 231
399 242
399 277
399 325
399 327
399 343
399 345
399 351
399 365
399 473
399 480
400 3
400 5
400 11
400 19
400 98
400 100
400 109
400 120
400 123
400 128
400 143
400 178
400 182
400 186
400 219
400 306
400 360
400 411
400 464
400 492
400 499
401 60
401 107
401 146
401 193
401 262
401 320
401 326
401 362
401 485
401 493
402 12
402 24
402 28
402 63
402 118
402 156
402 265
402 267
402 315
402 336
402 477
403 26
403 84
403 100
403 107
403 155
403 162
403 163
403 184
403 193
403 261
403 262
403 303
403 321
403 341
403 355
403 371
403 375
403 414
403 432
403 479
403 486
404 65
404 98
404 127
404 150
404 182
404 184
404 192
404 202
404 268
404 298
404 315
404 344
404 348
404 349
404 355
404 361
404 369
404 374
404 383
404 436
404 472
404 484
404 498
405 7
405 259
405 282
405 295
405 347
405 365
405 428
405 452
405 496
406 33
406 59
406 75
406 90
406 105
406 137
406 184
406 208
406 262
406 292
406 300
406 301
406 313
406 338
406 368
406 372
406 454
406 457
406 475
407 36
407 39
407 45
407 67
407 70
407 76
407 92
407 110
407 150
407 171
407 213
407 218
407 253
407 275
407 311
407 354
407 384
407 447
407 449
407 466
407 474
407 478
407 480
407 482
408 4
408 51
408 59
408 86
408 97
408 108
408 112
408 124
408 149
408 190
408 200
408 214
408 234
408 300
408 322
408 339
408 384
408 395
408 494
408 495
409 20
409 57
409 96
409 126
409 196
409 201
409 232
409 248
409 297
409 342
409 360
409 394
409 445
409 447
409 449
409 451
409 468
409 476
409 487
409 493
410 0
410 45
410 93
410 96
410 101
410 126
410 136
410 140
410 161
410 269
410 284
410 328
410 337
410 391
410 422
411 7
411 12
411 20
411 27
411 34
411 37
411 40
411 56
411 73
411 131
411 188
411 208
411 228
411 271
411 283
411 314
411 328
411 336
411 377
411 400
411 412
411 463
411 468
411 477
411 492
412 30
412 44
412 174
412 199
412 234
412 239
412 245
412 247
412 268
412 277
412 278
412 284
412 319
412 323
412 327
412 333
412 411
412 425
412 427
412 430
412 442
413 3
413 34
413 65
413 66
413 80
413 101
413 109
413 147
413 306
413 322
413 339
413 369
413 384
413 429
413 451
413 466
413 468
413 470
414 30
414 40
414 43
414 53
414 76
414 96
414 121
414 140
414 145
414 156
414 204
414 208
414 218
414 228
414 245
414 316
414 321
414 336
414 343
414 372
414 388
414 391
414 403
414 457
415 40
415 109
415 122
415 142
415 153
415 178
415 202
415 205
415 234
415 275
415 304
415 319
415 345
415 420
415 428
415 434
415 442
416 0
416 44
416 71
416 108
416 194
416 227
416 228
416 247
416 282
416 304
416 331
416 351
416 370
417 23
417 30
417 52
417 63
417 113
417 123
417 133
417 175
417 181
417 248
417 253
417 285
417 315
417 320
417 341
417 361
417 377
417 422
417 441
417 472
417 475
418 4
418 32
418 37
418 52
418 78
418 115
418 128
418 138
418 143
418 154
418 197
418 202
418 263
418 295
418 336
418 337
418 366
418 368
418 383
418 442
418 457
419 38
419 43
419 46
419 50
419 51
419 74
419 143
419 167
419 182
419 202
419 225
419 228
419 249
419 329
419 334
419 373
419 390
419 427
419 430
420 63
420 79
420 116
420 121
420 143
420 163
420 211
420 230
420 276
420 290
420 293
420 308
420 328
420 344
420 369
420 387
420 415
420 422
420 459
420 483
421 27
421 78
421 105
421 121
421 122
421 170
421 188
421 189
421 215
421 238
421 240
421 267
421 339
421 366
421 387
421 388
421 428
422 8
422 45
422 60
422 66
422 68
422 85
422 103
422 111
422 126
422 159
422 161
422 241
422 244
422 249
422 251
422 270
422 292
422 302
422 388
422 410
422 417
422 420
422 423
422 432
422 445
422 453
422 465
422 479
423 26
423 72
423 93
423 111
423 124
423 125
423 157
423 167
423 242
423 254
423 258
423 285
423 291
423 331
423 355
423 361
423 362
423 365
423 380
423 385
423 422
423 433
423 438
423 484
423 486
424 24
424 26
424 30
424 58
424 79
424 90
424 116
424 138
424 144
424 149
424 176
424 195
424 209
424 237
424 242
424 271
424 283
424 288
424 303
424 327
424 337
424 339
424 344
424 354
424 388
424 447
425 74
425 88
425 114
425 119
425 148
425 151
425 161
425 165
425 166
425 225
425 231
425 250
425 251
425 282
425 285
425 308
425 350
425 356
425 387
425 390
425 412
426 40
426 47
426 59
426 77
426 103
426 130
426 132
426 142
426 175
426 187
426 225
426 237
426 275
426 285
426 297
426 337
426 467
426 479
426 487
426 499
427 2
427 4
427 48
427 133
427 139
427 145
427 152
427 160
427 240
427 247
427 255
427 275
427 285
427 326
427 347
427 348
427 368
427 371
427 396
427 412
427 419
427 429
427 445
427 466
427 479
427 480
427 496
428 59
428 64
428 83
428 154
428 214
428 225
428 227
428 233
428 236
428 243
428 245
428 282
428 297
428 405
428 415
428 421
428 432
428 454
428 471
429 1
429 81
429 92
429 274
429 304
429 337
429 351
429 413
429 427
429 459
429 466
429 472
429 483
430 9
430 48
430 51
430 85
430 124
430 186
430 193
430 231
430 249
430 278
430 347
430 412
430 419
430 451
431 52
431 97
431 147
431 148
431 155
431 176
431 191
431 233
431 276
431 286
431 297
431 299
431 310
431 325
431 340
431 355
431 370
431 469
431 477
431 480
432 8
432 28
432 54
432 58
432 66
432 94
432 101
432 176
432 178
432 182
432 187
432 275
432 289
432 330
432 362
432 368
432 369
432 382
432 403
432 422
432 428
432 493
432 497
433 10
433 66
433 95
433 100
433 164
433 169
433 207
433 212
433 220
433 243
433 292
433 293
433 362
433 381
433 395
433 423
433 440
433 455
433 456
433 467
433 474
433 490
433 499
434 44
434 46
434 52
434 169
434 183
434 205
434 233
434 244
434 280
434 288
434 293
434 302
434 309
434 370
434 372
434 415
434 449
434 453
434 483
434 492
435 16
435 18
435 27
435 99
435 158
435 170
435 208
435 231
435 262
435 295
435 301
435 304
435 365
435 383
435 438
435 464
435 473
435 495
436 24
436 48
436 226
436 245
436 253
436 324
436 333
436 353
436 358
436 362
436 382
436 388
436 404
436 454
436 485
436 488
437 60
437 83
437 118
437 137
437 166
437 208
437 216
437 223
437 275
437 291
437 314
437 315
437 327
437 332
437 342
437 343
437 474
437 475
437 481
438 58
438 102
438 118
438 123
438 130
438 200
438 206
438 267
438 357
438 423
438 435
439 24
439 29
439 46
439 74
439 116
439 139
439 160
439 176
439 186
439 197
439 211
439 239
439 248
439 260
439 338
439 342
439 369
439 378
439 384
439 386
439 481
440 32
440 33
440 39
440 43
440 62
440 108
440 126
440 143
440 203
440 232
440 251
440 255
440 262
440 288
440 374
440 433
440 473
440 474
441 14
441 35
441 42
441 46
441 47
441 91
441 95
441 98
441 119
441 146
441 149
441 150
441 154
441 158
441 194
441 195
441 197
441 237
441 243
441 285
441 306
441 417
441 454
441 455
441 460
441 470
441 477
442 8
442 22
442 30
442 85
442 117
442 217
442 247
442 248
442 274
442 290
442 309
442 316
442 326
442 332
442 338
442 367
442 380
442 412
442 415
442 418
442 460
442 468
442 473
442 486
442 493
443 3
443 18
443 29
443 48
443 69
443 80
443 136
443 173
443 230
443 235
443 236
443 273
443 276
443 305
443 332
443 359
443 450
443 451
443 454
443 476
444 1
444 22
444 31
444 38
444 46
444 57
444 80
444 90
444 134
444 156
444 191
444 195
444 205
444 216
444 239
444 251
444 279
444 287
444 306
444 344
444 398
444 465
444 470
445 13
445 14
445 26
445 36
445 91
445 94
445 96
445 122
445 140
445 153
445 172
445 185
445 193
445 206
445 271
445 282
445 291
445 306
445 361
445 362
445 369
445 374
445 409
445 422
445 427
445 473
446 64
446 110
446 123
446 132
446 184
446 208
446 218
446 244
446 247
446 270
446 321
446 358
446 361
446 388
446 392
446 453
446 481
447 21
447 49
447 88
447 92
447 104
447 145
447 162
447 188
447 218
447 313
447 327
447 345
447 346
447 372
447 386
447 398
447 407
447 409
447 424
447 459
447 499
448 127
448 180
448 194
448 221
448 226
448 241
448 284
448 304
448 343
448 360
448 384
448 386
448 390
448 459
448 470
448 472
448 483
449 22
449 23
449 46
449 113
449 150
449 164
449 183
449 186
449 195
449 202
449 251
449 371
449 386
449 396
449 407
449 409
449 434
450 3
450 25
450 35
450 44
450 66
450 87
450 107
450 145
450 169
450 176
450 195
450 207
450 249
450 256
450 263
450 312
450 319
450 443
450 460
450 482
451 3
451 19
451 28
451 31
451 59
451 103
451 138
451 273
451 409
451 413
451 430
451 443
451 489
451 492
452 49
452 58
452 79
452 91
452 115
452 148
452 202
452 208
452 226
452 229
452 237
452 292
452 302
452 315
452 356
452 387
452 393
452 405
452 460
452 481
453 2
453 23
453 40
453 67
453 68
453 74
453 121
453 146
453 153
453 209
453 213
453 269
453 304
453 310
453 319
453 330
453 347
453 357
453 361
453 364
453 368
453 422
453 434
453 446
453 491
454 11
454 40
454 41
454 46
454 108
454 122
454 186
454 223
454 275
454 315
454 328
454 334
454 338
454 345
454 385
454 392
454 393
454 406
454 428
454 436
454 441
454 443
454 475
454 486
455 4
455 54
455 80
455 166
455 176
455 177
455 189
455 221
455 238
455 351
455 365
455 396
455 433
455 441
456 3
456 14
456 94
456 142
456 149
456 159
456 203
456 265
456 316
456 319
456 337
456 355
456 358
456 366
456 388
456 433
456 472
456 498
457 55
457 59
457 66
457 73
457 160
457 166
457 172
457 173
457 187
457 255
457 271
457 285
457 299
457 314
457 323
457 345
457 369
457 388
457 406
457 414
457 418
457 458
457 461
457 481
458 107
458 127
458 178
458 190
458 202
458 249
458 289
458 361
458 398
458 457
458 477
458 492
458 494
459 16
459 92
459 121
459 143
459 154
459 160
459 163
459 165
459 229
459 231
459 234
459 239
459 250
459 263
459 298
459 305
459 352
459 354
459 371
459 420
459 429
459 447
459 448
459 465
459 478
459 488
459 498
460 7
460 15
460 24
460 53
460 150
460 162
460 190
460 203
460 224
460 230
460 234
460 253
460 284
460 286
460 299
460 370
460 441
460 442
460 450
460 452
460 465
460 470
460 499
461 32
461 36
461 54
461 90
461 99
461 107
461 122
461 129
461 157
461 161
461 183
461 186
461 190
461 245
461 260
461 352
461 355
461 360
461 365
461 378
461 457
461 474
461 490
462 4
462 33
462 59
462 62
462 75
462 89
462 102
462 110
462 117
462 139
462 157
462 179
462 188
462 248
462 272
462 307
462 312
462 347
462 386
462 467
462 480
462 487
462 493
463 4
463 17
463 26
463 140
463 153
463 173
463 179
463 186
463 187
463 198
463 271
463 274
463 356
463 362
463 364
463 387
463 411
463 489
463 498
464 22
464 27
464 48
464 63
464 76
464 174
464 208
464 218
464 219
464 261
464 264
464 275
464 285
464 336
464 343
464 391
464 393
464 400
464 435
465 111
465 148
465 191
465 256
465 265
465 267
465 345
465 390
465 422
465 444
465 459
465 460
466 26
466 36
466 43
466 80
466 87
466 93
466 110
466 129
466 132
466 139
466 155
466 179
466 210
466 239
466 259
466 302
466 305
466 324
466 347
466 394
466 407
466 413
466 427
466 429
467 17
467 47
467 75
467 84
467 124
467 147
467 168
467 183
467 197
467 199
467 201
467 226
467 305
467 334
467 368
467 398
467 426
467 433
467 462
467 470
467 483
467 492
467 497
468 15
468 21
468 28
468 38
468 109
468 128
468 147
468 148
468 159
468 167
468 176
468 215
468 226
468 234
468 242
468 301
468 305
468 349
468 357
468 389
468 409
468 411
468 413
468 442
468 497
469 25
469 26
469 47
469 72
469 80
469 96
469 159
469 183
469 261
469 287
469 382
469 431
469 474
470 4
470 73
470 99
470 130
470 131
470 259
470 274
470 292
470 304
470 306
470 318
470 359
470 413
470 441
470 444
470 448
470 460
470 467
471 12
471 95
471 128
471 176
471 180
471 239
471 337
471 354
471 371
471 376
471 385
471 428
471 484
472 1
472 19
472 28
472 56
472 150
472 156
472 161
472 222
472 246
472 251
472 262
472 268
472 276
472 363
472 372
472 404
472 417
472 429
472 448
472 456
472 481
472 485
472 492
473 31
473 66
473 71
473 115
473 130
473 133
473 136
473 168
473 173
473 182
473 207
473 231
473 250
473 273
473 319
473 373
473 399
473 435
473 440
473 442
473 445
473 474
473 478
473 479
474 44
474 61
474 119
474 153
474 206
474 216
474 234
474 238
474 284
474 298
474 305
474 313
474 320
474 341
474 348
474 361
474 367
474 377
474 407
474 433
474 437
474 440
474 461
474 469
474 473
474 483
474 485
475 5
475 29
475 72
475 120
475 126
475 139
475 162
475 191
475 196
475 222
475 241
475 305
475 320
475 362
475 388
475 406
475 417
475 437
475 454
476 9
476 46
476 57
476 122
476 133
476 150
476 171
476 197
476 285
476 291
476 344
476 352
476 409
476 443
476 479
477 40
477 126
477 140
477 157
477 160
477 244
477 245
477 256
477 275
477 360
477 365
477 368
477 402
477 411
477 431
477 441
477 458
478 24
478 51
478 57
478 73
478 77
478 129
478 149
478 211
478 235
478 253
478 296
478 328
478 338
478 340
478 343
478 345
478 349
478 357
478 361
478 398
478 407
478 459
478 473
478 493
479 5
479 6
479 15
479 29
479 79
479 97
479 133
479 172
479 198
479 229
479 266
479 267
479 299
479 309
479 311
479 403
479 422
479 426
479 427
479 473
479 476
480 63
480 89
480 126
480 127
480 147
480 168
480 179
480 188
480 218
480 230
480 266
480 340
480 375
480 399
480 407
480 427
480 431
480 462
481 3
481 94
481 112
481 198
481 205
481 213
481 219
481 239
481 271
481 291
481 327
481 358
481 386
481 387
481 389
481 437
481 439
481 446
481 452
481 457
481 472
482 47
482 66
482 76
482 110
482 120
482 129
482 135
482 160
482 168
482 169
482 171
482 209
482 232
482 248
482 258
482 285
482 290
482 293
482 329
482 331
482 337
482 379
482 389
482 395
482 407
482 450
483 29
483 31
483 34
483 40
483 62
483 79
483 88
483 120
483 156
483 159
483 169
483 170
483 209
483 224
483 272
483 290
483 295
483 352
483 381
483 395
483 420
483 429
483 434
483 448
483 467
483 474
484 34
484 63
484 85
484 160
484 208
484 220
484 234
484 250
484 263
484 288
484 296
484 366
484 404
484 423
484 471
484 491
485 14
485 23
485 28
485 66
485 78
485 81
485 95
485 102
485 122
485 129
485 135
485 150
485 159
485 171
485 212
485 268
485 274
485 277
485 304
485 316
485 317
485 327
485 342
485 355
485 362
485 366
485 381
485 401
485 436
485 472
485 474
485 497
486 27
486 30
486 44
486 52
486 53
486 90
486 103
486 116
486 121
486 142
486 197
486 208
486 215
486 241
486 275
486 335
486 403
486 423
486 442
486 454
486 495
487 10
487 30
487 75
487 78
487 98
487 158
487 237
487 242
487 268
487 295
487 309
487 314
487 364
487 367
487 370
487 409
487 426
487 462
488 89
488 93
488 106
488 110
488 131
488 139
488 213
488 301
488 321
488 322
488 329
488 335
488 336
488 365
488 369
488 381
488 436
488 459
488 495
489 22
489 36
489 76
489 106
489 120
489 137
489 177
489 179
489 220
489 223
489 231
489 297
489 323
489 332
489 341
489 366
489 451
489 463
489 495
490 4
490 48
490 69
490 98
490 129
490 161
490 178
490 179
490 183
490 189
490 199
490 218
490 231
490 240
490 249
490 253
490 265
490 280
490 282
490 301
490 307
490 339
490 344
490 359
490 362
490 367
490 433
490 461
491 17
491 19
491 61
491 87
491 118
491 140
491 144
491 161
491 162
491 182
491 228
491 238
491 240
491 255
491 284
491 375
491 383
491 390
491 453
491 484
492 8
492 67
492 98
492 135
492 139
492 209
492 271
492 275
492 368
492 387
492 400
492 411
492 434
492 451
492 458
492 467
492 472
493 79
493 93
493 112
493 164
493 177
493 200
493 206
493 238
493 266
493 274
493 372
493 401
493 409
493 432
493 442
493 462
493 478
494 2
494 14
494 29
494 43
494 54
494 71
494 84
494 109
494 178
494 180
494 185
494 209
494 218
494 270
494 283
494 320
494 322
494 364
494 372
494 382
494 408
494 458
494 497
495 3
495 29
495 99
495 111
495 120
495 178
495 191
495 210
495 216
495 254
495 271
495 285
495 299
495 309
495 317
495 354
495 377
495 384
495 408
495 435
495 486
495 488
495 489
495 497
496 14
496 34
496 62
496 100
496 284
496 292
496 306
496 330
496 405
496 427
497 45
497 47
497 52
497 57
497 68
497 74
497 103
497 177
497 205
497 219
497 225
497 250
497 264
497 321
497 359
497 376
497 383
497 432
497 467
497 468
497 485
497 494
497 495
498 19
498 73
498 75
498 126
498 150
498 172
498 198
498 258
498 320
498 333
498 334
498 348
498 355
498 380
498 397
498 404
498 456
498 459
498 463
499 77
499 101
499 142
499 191
499 202
499 276
499 307
499 400
499 426
499 433
499 447
499 460
