0 19
1 17
2 21
3 23
4 18
5 16
6 23
7 13
8 18
9 17
10 17
11 22
12 19
13 13
14 18
15 14
16 19
17 17
18 17
19 20
20 17
21 14
22 16
23 21
24 19
25 12
26 31
27 23
28 16
29 18
30 20
31 17
32 20
33 13
34 22
35 10
36 20
37 14
38 16
39 17
40 19
41 14
42 15
43 22
44 20
45 17
46 31
47 20
48 22
49 24
50 17
51 15
52 21
53 14
54 21
55 11
56 16
57 18
58 19
59 24
60 19
61 19
62 21
63 18
64 13
65 13
66 26
67 14
68 21
69 17
70 20
71 17
72 21
73 20
74 14
75 23
76 23
77 19
78 17
79 21
80 23
81 21
82 10
83 18
84 20
85 21
86 21
87 21
88 15
89 15
90 14
91 22
92 23
93 23
94 18
95 22
96 17
97 18
98 20
99 16
100 13
101 25
102 16
103 21
104 14
105 14
106 14
107 18
108 21
109 21
110 23
111 19
112 17
113 16
114 15
115 15
116 20
117 10
118 18
119 18
120 20
121 15
122 26
123 24
124 22
125 21
126 27
127 15
128 20
129 19
130 20
131 25
132 15
133 14
134 17
135 16
136 20
137 21
138 14
139 18
140 24
141 16
142 15
143 29
144 18
145 15
146 18
147 15
148 17
149 23
150 20
151 15
152 18
153 23
154 20
155 18
156 23
157 17
158 25
159 33
160 14
161 21
162 24
163 22
164 17
165 14
166 21
167 15
168 15
169 22
170 21
171 18
172 19
173 14
174 23
175 15
176 19
177 22
178 25
179 25
180 19
181 14
182 22
183 19
184 16
185 17
186 28
187 26
188 25
189 16
190 20
191 24
192 13
193 17
194 21
195 21
196 20
197 22
198 14
199 14
200 22
201 14
202 19
203 17
204 19
205 25
206 22
207 19
208 22
209 18
210 16
211 16
212 12
213 23
214 18
215 17
216 17
217 16
218 22
219 18
220 21
221 13
222 16
223 19
224 16
225 19
226 20
227 16
228 23
229 21
230 15
231 20
232 13
233 20
234 25
235 13
236 21
237 16
238 21
239 18
240 16
241 17
242 19
243 15
244 19
245 22
246 18
247 19
248 20
249 22
250 26
251 14
252 19
253 27
254 20
255 15
256 24
257 10
258 23
259 17
260 19
261 24
262 21
263 19
264 15
265 22
266 24
267 15
268 22
269 14
270 16
271 24
272 16
273 18
274 22
275 25
276 20
277 18
278 14
279 11
280 21
281 16
282 21
283 12
284 29
285 28
286 16
287 20
288 21
289 17
290 17
291 25
292 19
293 21
294 19
295 21
296 14
297 18
298 19
299 25
300 20
301 18
302 18
303 18
304 23
305 19
306 32
307 23
308 19
309 22
310 20
311 19
312 24
313 18
314 15
315 18
316 18
317 13
318 12
319 18
320 27
321 19
322 24
323 24
324 18
325 19
326 18
327 26
328 18
329 18
330 12
331 28
332 15
333 19
334 24
335 12
336 25
337 25
338 23
339 21
340 19
341 16
342 12
343 18
344 20
345 21
346 21
347 19
348 24
349 12
350 14
351 19
352 23
353 16
354 22
355 22
356 15
357 14
358 15
359 15
360 16
361 23
362 28
363 15
364 18
365 24
366 11
367 15
368 21
369 15
370 15
371 19
372 23
373 18
374 19
375 18
376 20
377 20
378 21
379 14
380 15
381 20
382 18
383 33
384 20
385 16
386 18
387 25
388 29
389 17
390 22
391 25
392 16
393 18
394 18
395 20
396 22
397 20
398 17
399 19
400 20
401 9
402 10
403 20
404 22
405 8
406 18
407 23
408 19
409 19
410 14
411 24
412 20
413 17
414 23
415 16
416 12
417 20
418 20
419 18
420 19
421 16
422 27
423 24
424 25
425 20
426 19
427 26
428 18
429 12
430 13
431 19
432 22
433 22
434 19
435 17
436 15
437 18
438 11
439 20
440 17
441 26
442 24
443 19
444 22
445 25
446 16
447 20
448 16
449 16
450 19
451 13
452 19
453 24
454 23
455 13
456 17
457 23
458 12
459 26
460 22
461 22
462 22
463 18
464 18
465 11
466 23
467 22
468 24
469 13
470 17
471 12
472 22
473 23
474 26
475 18
476 14
477 16
478 23
479 20
480 17
481 20
482 25
483 25
484 15
485 31
486 20
487 17
488 18
489 18
490 27
491 19
492 16
493 16
494 22
495 23
496 9
497 22
498 18
499 11
