0 25
1 30
2 22
3 35
4 31
5 16
6 28
7 29
8 31
9 32
10 19
11 26
12 32
13 25
14 37
15 28
16 27
17 27
18 32
19 29
20 32
21 25
22 28
23 30
24 32
25 26
26 20
27 22
28 26
29 23
30 37
31 22
32 29
33 21
34 26
35 24
36 20
37 33
38 28
39 22
40 30
41 27
42 19
43 17
44 30
45 21
46 39
47 35
48 28
49 17
50 29
51 23
52 27
53 17
54 30
55 30
56 30
57 23
58 28
59 33
60 29
61 22
62 29
63 20
64 24
65 24
66 26
67 20
68 29
69 27
70 34
71 27
72 21
73 31
74 23
75 28
76 27
77 31
78 28
79 25
80 31
81 22
82 21
83 33
84 36
85 25
86 31
87 34
88 24
89 27
90 21
91 16
92 28
93 27
94 37
95 23
96 37
97 21
98 25
99 21
100 27
101 35
102 24
103 26
104 28
105 22
106 28
107 27
108 24
109 27
110 27
111 24
112 30
113 28
114 21
115 22
116 32
117 26
118 26
119 28
120 29
121 26
122 23
123 25
124 27
125 22
126 35
127 22
128 25
129 24
130 25
131 32
132 25
133 27
134 18
135 29
136 33
137 32
138 24
139 31
140 29
141 32
142 23
143 21
144 23
145 32
146 26
147 31
148 22
149 28
150 24
151 35
152 25
153 31
154 22
155 24
156 24
157 27
158 26
159 21
160 28
161 20
162 29
163 34
164 30
165 23
166 19
167 24
168 26
169 30
170 19
171 21
172 19
173 22
174 23
175 23
176 25
177 21
178 33
179 30
180 29
181 26
182 19
183 22
184 29
185 29
186 17
187 26
188 21
189 21
190 29
191 19
192 32
193 35
194 24
195 20
196 37
197 27
198 21
199 26
200 40
201 29
202 29
203 29
204 20
205 31
206 25
207 17
208 23
209 33
210 24
211 26
212 24
213 37
214 26
215 21
216 28
217 36
218 31
219 23
220 38
221 21
222 27
223 31
224 30
225 21
226 26
227 33
228 33
229 21
230 26
231 23
232 24
233 22
234 24
235 29
236 25
237 20
238 28
239 25
240 22
241 47
242 26
243 22
244 32
245 29
246 33
247 28
248 20
249 30
250 23
251 25
252 26
253 18
254 24
255 26
256 35
257 25
258 28
259 28
260 34
261 27
262 25
263 25
264 23
265 26
266 29
267 28
268 34
269 26
270 24
271 30
272 20
273 23
274 24
275 29
276 24
277 29
278 26
279 19
280 35
281 26
282 21
283 28
284 27
285 18
286 27
287 25
288 28
289 24
290 28
291 29
292 25
293 20
294 25
295 25
296 18
297 32
298 16
299 23
300 28
301 29
302 19
303 19
304 28
305 22
306 25
307 21
308 33
309 28
310 33
311 26
312 34
313 30
314 30
315 29
316 29
317 31
318 26
319 29
320 22
321 32
322 17
323 32
324 27
325 25
326 28
327 29
328 46
329 31
330 26
331 25
332 27
333 19
334 26
335 24
336 30
337 29
338 26
339 21
340 31
341 38
342 30
343 34
344 26
345 21
346 22
347 24
348 31
349 28
350 32
351 20
352 27
353 29
354 19
355 13
356 28
357 28
358 26
359 22
360 29
361 35
362 29
363 32
364 23
365 29
366 30
367 27
368 24
369 26
370 32
371 23
372 36
373 25
374 25
375 30
376 21
377 25
378 23
379 33
380 23
381 23
382 23
383 29
384 25
385 32
386 33
387 32
388 24
389 37
390 21
391 28
392 30
393 23
394 33
395 19
396 29
397 34
398 27
399 24
400 29
401 27
402 22
403 28
404 33
405 29
406 30
407 27
408 35
409 22
410 27
411 30
412 30
413 26
414 38
415 29
416 25
417 31
418 23
419 22
420 29
421 29
422 24
423 28
424 24
425 35
426 31
427 30
428 30
429 33
430 30
431 30
432 26
433 24
434 27
435 22
436 23
437 27
438 25
439 25
440 37
441 21
442 37
443 28
444 32
445 33
446 28
447 24
448 26
449 31
450 29
451 24
452 24
453 24
454 30
455 20
456 31
457 31
458 19
459 25
460 22
461 31
462 31
463 26
464 29
465 33
466 25
467 27
468 25
469 31
470 23
471 24
472 27
473 30
474 27
475 24
476 21
477 30
478 29
479 27
480 25
481 27
482 27
483 33
484 34
485 21
486 36
487 33
488 26
489 25
490 22
491 20
492 26
493 26
494 31
495 27
496 26
497 22
498 34
499 22
