0 51
1 44
2 42
3 49
4 46
5 36
6 49
7 28
8 49
9 46
10 46
11 51
12 36
13 47
14 55
15 50
16 52
17 52
18 54
19 61
20 39
21 39
22 44
23 56
24 46
25 42
26 46
27 48
28 36
29 44
30 41
31 50
32 51
33 53
34 49
35 43
36 45
37 46
38 55
39 42
40 40
41 53
42 51
43 38
44 54
45 36
46 45
47 46
48 56
49 59
50 40
51 46
52 49
53 49
54 55
55 54
56 46
57 52
58 51
59 54
60 58
61 51
62 43
63 40
64 51
65 50
66 51
67 67
68 37
69 65
70 50
71 53
72 51
73 45
74 50
75 49
76 49
77 35
78 41
79 64
80 45
81 55
82 46
83 36
84 41
85 46
86 62
87 58
88 51
89 49
90 51
91 48
92 49
93 59
94 44
95 49
96 37
97 51
98 42
99 41
100 28
101 44
102 54
103 43
104 40
105 46
106 45
107 51
108 53
109 40
110 51
111 40
112 56
113 37
114 40
115 45
116 53
117 53
118 47
119 47
120 40
121 52
122 36
123 46
124 58
125 39
126 55
127 44
128 44
129 58
130 50
131 45
132 47
133 39
134 48
135 41
136 45
137 46
138 58
139 50
140 45
141 42
142 38
143 42
144 48
145 50
146 48
147 54
148 43
149 42
150 55
151 40
152 50
153 38
154 56
155 48
156 41
157 46
158 56
159 43
160 47
161 45
162 61
163 46
164 53
165 50
166 62
167 38
168 55
169 44
170 52
171 45
172 48
173 48
174 57
175 43
176 45
177 63
178 57
179 41
180 55
181 46
182 45
183 54
184 41
185 49
186 43
187 39
188 55
189 56
190 51
191 51
192 47
193 44
194 41
195 57
196 47
197 58
198 50
199 42
200 52
201 48
202 59
203 40
204 57
205 52
206 43
207 51
208 56
209 47
210 50
211 34
212 46
213 43
214 52
215 38
216 37
217 52
218 55
219 48
220 42
221 50
222 43
223 72
224 55
225 57
226 46
227 57
228 60
229 49
230 53
231 48
232 34
233 52
234 44
235 39
236 56
237 42
238 46
239 43
240 42
241 49
242 59
243 47
244 50
245 46
246 50
247 44
248 46
249 51
250 41
251 54
252 48
253 53
254 58
255 41
256 50
257 43
258 43
259 62
260 40
261 41
262 49
263 47
264 43
265 50
266 48
267 45
268 45
269 50
270 52
271 41
272 47
273 53
274 48
275 61
276 54
277 50
278 48
279 57
280 60
281 63
282 50
283 53
284 55
285 40
286 54
287 55
288 39
289 44
290 59
291 53
292 43
293 43
294 44
295 51
296 45
297 50
298 40
299 43
300 41
301 42
302 39
303 55
304 51
305 51
306 53
307 50
308 57
309 51
310 53
311 40
312 46
313 44
314 45
315 43
316 57
317 38
318 49
319 45
320 43
321 25
322 55
323 40
324 50
325 41
326 49
327 49
328 52
329 56
330 46
331 57
332 51
333 50
334 49
335 49
336 44
337 47
338 48
339 45
340 46
341 46
342 52
343 49
344 40
345 44
346 40
347 41
348 43
349 44
350 37
351 55
352 54
353 52
354 43
355 55
356 49
357 49
358 48
359 38
360 55
361 40
362 42
363 45
364 52
365 35
366 37
367 51
368 48
369 45
370 45
371 40
372 57
373 48
374 53
375 34
376 52
377 49
378 38
379 57
380 44
381 41
382 50
383 54
384 30
385 45
386 56
387 36
388 42
389 56
390 39
391 45
392 43
393 49
394 60
395 36
396 44
397 50
398 48
399 60
400 52
401 56
402 54
403 49
404 46
405 53
406 46
407 37
408 54
409 45
410 54
411 48
412 48
413 46
414 53
415 47
416 47
417 58
418 48
419 53
420 58
421 41
422 35
423 38
424 55
425 46
426 47
427 46
428 50
429 46
430 36
431 56
432 40
433 49
434 43
435 45
436 52
437 53
438 49
439 47
440 33
441 46
442 46
443 40
444 48
445 54
446 40
447 51
448 52
449 40
450 45
451 55
452 47
453 46
454 48
455 52
456 42
457 54
458 49
459 54
460 54
461 49
462 51
463 48
464 73
465 50
466 51
467 43
468 37
469 52
470 45
471 41
472 48
473 41
474 53
475 52
476 48
477 52
478 58
479 49
480 56
481 48
482 49
483 58
484 54
485 55
486 49
487 36
488 41
489 45
490 47
491 44
492 49
493 56
494 47
495 53
496 52
497 38
498 44
499 43
500 43
501 66
502 45
503 47
504 45
505 42
506 39
507 55
508 46
509 42
510 55
511 49
512 37
513 58
514 50
515 52
516 39
517 48
518 49
519 50
520 53
521 47
522 48
523 44
524 55
525 50
526 38
527 40
528 35
529 61
530 45
531 43
532 54
533 40
534 43
535 57
536 50
537 49
538 49
539 38
540 45
541 46
542 47
543 47
544 41
545 54
546 49
547 40
548 35
549 53
550 60
551 44
552 38
553 54
554 52
555 41
556 57
557 65
558 33
559 50
560 56
561 38
562 34
563 59
564 59
565 48
566 49
567 44
568 55
569 56
570 39
571 41
572 45
573 57
574 48
575 48
576 44
577 48
578 48
579 36
580 50
581 48
582 47
583 48
584 40
585 38
586 43
587 41
588 42
589 42
590 58
591 56
592 48
593 43
594 51
595 51
596 50
597 42
598 36
599 59
600 46
601 36
602 45
603 58
604 44
605 36
606 44
607 51
608 45
609 38
610 51
611 51
612 53
613 57
614 43
615 36
616 58
617 55
618 45
619 43
620 52
621 33
622 47
623 50
624 38
625 46
626 54
627 57
628 61
629 56
630 44
631 51
632 47
633 45
634 45
635 40
636 43
637 63
638 44
639 51
640 38
641 38
642 49
643 36
644 48
645 43
646 58
647 46
648 37
649 45
650 54
651 46
652 56
653 43
654 52
655 53
656 49
657 56
658 56
659 54
660 50
661 50
662 66
663 45
664 36
665 59
666 45
667 41
668 55
669 54
670 47
671 55
672 41
673 48
674 47
675 42
676 35
677 51
678 35
679 50
680 54
681 48
682 49
683 34
684 44
685 34
686 56
687 46
688 41
689 59
690 44
691 47
692 54
693 61
694 57
695 42
696 53
697 51
698 50
699 47
700 54
701 45
702 48
703 43
704 65
705 45
706 39
707 48
708 45
709 44
710 41
711 42
712 50
713 45
714 46
715 44
716 45
717 41
718 42
719 48
720 68
721 37
722 49
723 51
724 42
725 53
726 64
727 52
728 41
729 51
730 51
731 53
732 41
733 39
734 64
735 37
736 37
737 50
738 48
739 48
740 47
741 58
742 47
743 37
744 33
745 44
746 56
747 48
748 34
749 50
750 50
751 47
752 56
753 47
754 49
755 39
756 55
757 39
758 46
759 53
760 44
761 44
762 52
763 57
764 47
765 44
766 47
767 57
768 54
769 51
770 44
771 43
772 50
773 52
774 50
775 53
776 57
777 65
778 47
779 55
780 46
781 46
782 52
783 37
784 49
785 42
786 39
787 48
788 57
789 49
790 53
791 42
792 60
793 43
794 51
795 41
796 50
797 44
798 60
799 40
800 56
801 54
802 42
803 51
804 44
805 47
806 38
807 37
808 47
809 53
810 53
811 53
812 59
813 44
814 45
815 41
816 34
817 41
818 53
819 54
820 50
821 45
822 48
823 55
824 59
825 41
826 50
827 43
828 45
829 42
830 46
831 55
832 63
833 41
834 49
835 55
836 53
837 50
838 52
839 52
840 58
841 44
842 41
843 54
844 45
845 53
846 52
847 51
848 39
849 49
850 53
851 46
852 45
853 45
854 57
855 51
856 49
857 43
858 43
859 52
860 47
861 62
862 41
863 57
864 51
865 47
866 49
867 53
868 49
869 47
870 42
871 42
872 58
873 43
874 43
875 49
876 50
877 47
878 41
879 49
880 48
881 42
882 47
883 36
884 35
885 41
886 52
887 58
888 50
889 35
890 57
891 50
892 51
893 50
894 63
895 53
896 33
897 47
898 54
899 47
