0 32
1 33
2 28
3 30
4 34
5 36
6 34
7 27
8 29
9 25
10 26
11 32
12 33
13 30
14 23
15 36
16 30
17 33
18 27
19 25
20 27
21 31
22 26
23 39
24 28
25 35
26 36
27 28
28 38
29 30
30 25
31 28
32 28
33 34
34 37
35 28
36 30
37 32
38 34
39 32
40 28
41 30
42 37
43 35
44 30
45 25
46 28
47 28
48 28
49 26
50 32
51 28
52 25
53 35
54 28
55 30
56 32
57 32
58 25
59 32
60 28
61 32
62 40
63 32
64 30
65 22
66 34
67 26
68 29
69 30
70 24
71 39
72 33
73 30
74 32
75 35
76 28
77 26
78 29
79 37
80 26
81 38
82 26
83 44
84 32
85 25
86 33
87 22
88 33
89 33
90 31
91 36
92 31
93 31
94 36
95 34
96 31
97 33
98 35
99 27
100 25
101 28
102 26
103 35
104 23
105 30
106 26
107 42
108 33
109 32
110 34
111 27
112 24
113 31
114 26
115 30
116 37
117 25
118 30
119 23
120 35
121 33
122 38
123 30
124 35
125 33
126 28
127 24
128 27
129 26
130 20
131 30
132 23
133 24
134 28
135 31
136 22
137 28
138 33
139 37
140 32
141 35
142 33
143 27
144 28
145 36
146 26
147 30
148 40
149 28
150 33
151 24
152 32
153 27
154 23
155 24
156 27
157 25
158 37
159 35
160 26
161 39
162 37
163 35
164 22
165 29
166 30
167 29
168 33
169 38
170 29
171 31
172 27
173 30
174 29
175 27
176 33
177 25
178 33
179 29
180 28
181 27
182 31
183 31
184 30
185 37
186 28
187 30
188 29
189 35
190 33
191 24
192 30
193 38
194 31
195 32
196 29
197 22
198 38
199 25
200 24
201 27
202 32
203 29
204 38
205 40
206 26
207 29
208 34
209 34
210 34
211 36
212 38
213 22
214 28
215 29
216 33
217 27
218 29
219 30
220 37
221 18
222 36
223 32
224 25
225 31
226 31
227 35
228 39
229 26
230 29
231 38
232 29
233 29
234 45
235 28
236 26
237 34
238 28
239 29
240 31
241 29
242 36
243 27
244 37
245 31
246 40
247 31
248 34
249 28
250 23
251 32
252 23
253 32
254 31
255 29
256 25
257 32
258 25
259 35
260 28
261 27
262 34
263 27
264 24
265 31
266 34
267 29
268 28
269 34
270 28
271 29
272 27
273 28
274 27
275 28
276 30
277 30
278 27
279 18
280 39
281 31
282 33
283 26
284 36
285 25
286 29
287 37
288 28
289 33
290 31
291 27
292 31
293 31
294 27
295 36
296 32
297 33
298 26
299 28
300 32
301 24
302 17
303 31
304 27
305 22
306 40
307 30
308 35
309 28
310 38
311 33
312 34
313 25
314 30
315 31
316 47
317 29
318 35
319 25
320 33
321 33
322 31
323 34
324 31
325 27
326 31
327 29
328 28
329 33
330 27
331 24
332 29
333 29
334 31
335 30
336 35
337 31
338 31
339 32
340 32
341 25
342 29
343 37
344 40
345 28
346 23
347 38
348 28
349 33
350 28
351 23
352 35
353 32
354 33
355 30
356 25
357 37
358 30
359 24
360 31
361 24
362 34
363 27
364 25
365 27
366 34
367 24
368 32
369 37
370 24
371 38
372 28
373 27
374 37
375 30
376 26
377 25
378 31
379 35
380 35
381 35
382 33
383 27
384 28
385 28
386 37
387 28
388 31
389 31
390 31
391 26
392 23
393 28
394 36
395 22
396 40
397 32
398 26
399 36
400 35
401 31
402 30
403 24
404 32
405 31
406 32
407 35
408 41
409 37
410 30
411 38
412 34
413 29
414 35
415 31
416 34
417 38
418 38
419 29
420 27
421 28
422 37
423 31
424 30
425 37
426 29
427 28
428 36
429 35
430 32
431 31
432 32
433 27
434 27
435 36
436 30
437 37
438 28
439 34
440 32
441 35
442 30
443 25
444 35
445 34
446 29
447 32
448 32
449 25
450 36
451 33
452 31
453 30
454 30
455 24
456 31
457 38
458 32
459 23
460 40
461 30
462 36
463 30
464 31
465 35
466 27
467 24
468 29
469 39
470 35
471 33
472 26
473 27
474 31
475 24
476 32
477 28
478 28
479 30
480 34
481 29
482 36
483 29
484 25
485 30
486 31
487 34
488 34
489 27
490 29
491 22
492 36
493 33
494 31
495 35
496 32
497 27
498 33
499 34
500 32
501 31
502 35
503 21
504 27
505 46
506 26
507 36
508 21
509 32
510 30
511 26
512 36
513 20
514 26
515 29
516 31
517 28
518 29
519 24
520 28
521 33
522 27
523 35
524 37
525 24
526 29
527 28
528 22
529 35
530 33
531 26
532 36
533 34
534 31
535 36
536 26
537 36
538 26
539 27
540 33
541 34
542 31
543 31
544 23
545 33
546 28
547 33
548 25
549 25
550 29
551 26
552 33
553 30
554 42
555 33
556 32
557 37
558 30
559 28
560 33
561 32
562 31
563 37
564 34
565 32
566 30
567 30
568 24
569 32
570 29
571 34
572 36
573 29
574 33
575 26
576 26
577 22
578 26
579 26
580 33
581 27
582 30
583 21
584 28
585 38
586 37
587 23
588 33
589 26
590 34
591 31
592 40
593 41
594 36
595 26
596 33
597 33
598 42
599 36
