0 25
1 26
2 33
3 28
4 39
5 25
6 29
7 30
8 32
9 22
10 20
11 34
12 36
13 27
14 29
15 31
16 29
17 22
18 43
19 28
20 28
21 29
22 29
23 22
24 27
25 22
26 29
27 26
28 31
29 25
30 37
31 27
32 41
33 29
34 35
35 30
36 32
37 20
38 16
39 24
40 27
41 33
42 24
43 31
44 20
45 27
46 37
47 32
48 18
49 34
50 35
51 26
52 31
53 21
54 29
55 36
56 22
57 20
58 27
59 28
60 32
61 35
62 12
63 24
64 29
65 28
66 30
67 34
68 31
69 33
70 30
71 23
72 40
73 26
74 32
75 32
76 21
77 27
78 30
79 33
80 31
81 29
82 30
83 40
84 41
85 32
86 35
87 35
88 35
89 28
90 26
91 29
92 35
93 35
94 31
95 39
96 24
97 30
98 34
99 20
100 22
101 23
102 26
103 26
104 26
105 28
106 33
107 37
108 34
109 36
110 36
111 37
112 26
113 32
114 23
115 19
116 22
117 26
118 34
119 17
120 26
121 35
122 31
123 29
124 24
125 39
126 23
127 34
128 25
129 24
130 24
131 32
132 33
133 30
134 24
135 31
136 23
137 30
138 26
139 30
140 27
141 36
142 24
143 22
144 33
145 28
146 27
147 32
148 33
149 28
150 34
151 36
152 30
153 25
154 32
155 36
156 24
157 24
158 25
159 25
160 30
161 31
162 29
163 33
164 29
165 23
166 30
167 23
168 20
169 24
170 25
171 25
172 28
173 23
174 29
175 30
176 32
177 33
178 29
179 32
180 37
181 31
182 30
183 27
184 28
185 25
186 31
187 35
188 28
189 28
190 34
191 36
192 31
193 37
194 32
195 36
196 26
197 31
198 24
199 28
200 37
201 26
202 24
203 24
204 31
205 31
206 31
207 19
208 38
209 30
210 36
211 23
212 29
213 28
214 28
215 28
216 34
217 35
218 40
219 39
220 27
221 27
222 26
223 23
224 27
225 20
226 33
227 27
228 29
229 28
230 24
231 19
232 33
233 31
234 37
235 31
236 35
237 31
238 32
239 35
240 26
241 21
242 38
243 29
244 29
245 30
246 34
247 32
248 26
249 32
250 22
251 39
252 26
253 40
254 38
255 27
256 23
257 35
258 20
259 21
260 36
261 33
262 31
263 38
264 27
265 22
266 27
267 26
268 32
269 24
270 31
271 25
272 32
273 27
274 21
275 31
276 20
277 23
278 23
279 24
280 20
281 27
282 38
283 21
284 39
285 27
286 30
287 23
288 25
289 24
290 21
291 41
292 25
293 24
294 23
295 29
296 25
297 29
298 24
299 35
300 32
301 26
302 24
303 35
304 25
305 21
306 24
307 32
308 34
309 32
310 20
311 17
312 28
313 27
314 30
315 30
316 35
317 31
318 30
319 21
320 33
321 26
322 22
323 31
324 28
325 30
326 24
327 34
328 29
329 37
330 28
331 37
332 27
333 33
334 28
335 29
336 27
337 32
338 24
339 23
340 28
341 32
342 24
343 35
344 21
345 26
346 31
347 26
348 17
349 27
350 42
351 32
352 26
353 26
354 31
355 25
356 32
357 26
358 25
359 26
360 35
361 27
362 26
363 31
364 33
365 35
366 18
367 24
368 24
369 33
370 25
371 30
372 30
373 31
374 19
375 19
376 34
377 32
378 30
379 26
380 18
381 32
382 23
383 31
384 29
385 29
386 28
387 33
388 28
389 35
390 31
391 29
392 34
393 26
394 25
395 27
396 26
397 20
398 27
399 29
400 38
401 25
402 26
403 25
404 25
405 27
406 25
407 25
408 28
409 28
410 25
411 25
412 39
413 19
414 28
415 36
416 20
417 23
418 25
419 30
420 27
421 20
422 29
423 20
424 27
425 24
426 26
427 25
428 26
429 30
430 31
431 27
432 33
433 23
434 26
435 31
436 26
437 32
438 33
439 36
440 33
441 27
442 35
443 18
444 28
445 29
446 33
447 32
448 32
449 37
450 28
451 33
452 32
453 23
454 32
455 18
456 29
457 32
458 30
459 26
460 24
461 32
462 37
463 30
464 31
465 25
466 33
467 32
468 27
469 27
470 29
471 27
472 25
473 29
474 26
475 36
476 27
477 31
478 29
479 38
480 23
481 37
482 30
483 26
484 26
485 29
486 25
487 28
488 32
489 31
490 20
491 21
492 38
493 27
494 44
495 34
496 31
497 19
498 35
499 30
500 31
501 26
502 15
503 24
504 24
505 29
506 24
507 26
508 25
509 26
510 31
511 42
512 27
513 38
514 34
515 31
516 24
517 18
518 19
519 34
520 31
521 35
522 30
523 35
524 29
525 23
526 28
527 22
528 32
529 30
530 24
531 32
532 35
533 34
534 35
535 23
536 21
537 27
538 31
539 28
540 26
541 30
542 26
543 31
544 24
545 19
546 27
547 34
548 24
549 27
550 27
551 30
552 25
553 41
554 36
555 27
556 32
557 28
558 27
559 30
560 28
561 29
562 26
563 31
564 29
565 31
566 25
567 25
568 18
569 27
570 25
571 27
572 22
573 32
574 25
575 31
576 34
577 29
578 24
579 29
580 28
581 22
582 38
583 36
584 34
585 32
586 22
587 30
588 31
589 43
590 30
591 23
592 25
593 32
594 28
595 31
596 37
597 40
598 26
599 38
600 25
601 27
602 32
603 31
604 21
605 25
606 27
607 34
608 37
609 31
610 28
611 23
612 24
613 34
614 42
615 33
616 34
617 32
618 19
619 17
620 23
621 31
622 19
623 40
624 31
625 29
626 31
627 29
628 21
629 28
630 27
631 28
632 25
633 33
634 24
635 30
636 43
637 30
638 28
639 28
640 33
641 27
642 26
643 22
644 27
645 29
646 35
647 33
648 28
649 38
650 23
651 36
652 35
653 39
654 34
655 28
656 26
657 25
658 27
659 29
660 26
661 25
662 31
663 32
664 33
665 28
666 26
667 29
668 32
669 29
670 32
671 19
672 30
673 29
674 28
675 36
676 36
677 27
678 37
679 25
680 29
681 31
682 31
683 28
684 29
685 32
686 21
687 22
688 31
689 23
690 29
691 25
692 29
693 41
694 28
695 26
696 27
697 27
698 27
699 27
700 33
701 25
702 24
703 21
704 28
705 33
706 33
707 25
708 30
709 28
710 37
711 24
712 26
713 33
714 27
715 29
716 34
717 21
718 25
719 29
720 30
721 24
722 25
723 34
724 20
725 25
726 19
727 24
728 27
729 28
730 37
731 39
732 24
733 26
734 24
735 20
736 27
737 25
738 24
739 25
740 36
741 27
742 41
743 35
744 28
745 26
746 24
747 23
748 39
749 32
750 22
751 26
752 34
753 20
754 34
755 25
756 37
757 25
758 23
759 22
760 26
761 27
762 23
763 30
764 28
765 38
766 39
767 30
768 27
769 31
770 31
771 34
772 23
773 19
774 26
775 30
776 27
777 28
778 25
779 30
780 22
781 33
782 32
783 31
784 26
785 37
786 26
787 35
788 21
789 34
790 26
791 27
792 28
793 24
794 38
795 29
796 29
797 27
798 28
799 28
800 23
801 29
802 37
803 28
804 25
805 30
806 46
807 29
808 37
809 27
810 29
811 37
812 26
813 35
814 32
815 27
816 30
817 37
818 31
819 30
820 23
821 36
822 22
823 34
824 25
825 26
826 25
827 34
828 24
829 30
830 30
831 35
832 25
833 26
834 31
835 33
836 18
837 21
838 24
839 20
840 31
841 34
842 26
843 18
844 34
845 25
846 36
847 39
848 30
849 39
850 33
851 30
852 29
853 25
854 31
855 22
856 32
857 34
858 32
859 30
860 33
861 30
862 32
863 33
864 37
865 22
866 31
867 24
868 35
869 31
870 18
871 27
872 22
873 34
874 19
875 31
876 19
877 28
878 30
879 28
880 28
881 24
882 29
883 32
884 31
885 21
886 30
887 23
888 23
889 34
890 37
891 30
892 31
893 36
894 28
895 21
896 34
897 26
898 23
899 29
900 35
901 32
902 27
903 22
904 43
905 34
906 32
907 36
908 29
909 31
910 30
911 32
912 31
913 35
914 23
915 31
916 37
917 29
918 35
919 31
920 20
921 25
922 23
923 19
924 27
925 29
926 30
927 25
928 31
929 19
930 21
931 35
932 34
933 30
934 23
935 35
936 29
937 29
938 33
939 32
940 33
941 22
942 28
943 26
944 28
945 31
946 29
947 30
948 34
949 24
950 25
951 29
952 36
953 28
954 30
955 20
956 33
957 39
958 26
959 28
960 32
961 32
962 28
963 36
964 37
965 32
966 27
967 22
968 30
969 32
970 33
971 26
972 27
973 32
974 38
975 29
976 27
977 21
978 20
979 32
980 29
981 38
982 25
983 31
984 34
985 22
986 38
987 30
988 34
989 38
990 29
991 26
992 28
993 24
994 27
995 33
996 35
997 28
998 25
999 32
