0 74
0 113
0 138
0 239
0 296
0 321
0 473
0 477
0 517
0 528
1 24
1 132
1 156
1 246
1 364
1 415
1 418
1 425
1 432
1 470
1 501
1 516
1 562
1 577
1 593
2 3
2 103
2 425
3 2
3 246
3 407
3 471
3 478
3 495
3 589
4 60
4 64
4 86
4 252
4 304
4 314
4 383
4 418
4 540
4 577
5 103
5 184
5 270
5 274
5 438
5 463
5 529
5 538
6 101
6 310
6 393
6 472
6 528
6 553
6 589
7 30
7 154
7 365
7 447
7 553
8 49
8 62
8 71
8 136
8 148
8 236
8 238
8 276
8 307
8 438
8 477
8 547
9 19
9 110
9 163
9 174
9 192
9 295
9 298
9 429
9 461
9 491
9 500
9 533
10 25
10 36
10 129
10 237
10 317
10 357
10 389
10 540
11 94
11 277
11 341
11 365
11 404
11 447
11 503
12 25
12 85
12 354
12 404
12 453
12 458
12 485
12 496
12 596
13 104
13 147
13 168
13 203
13 216
13 323
13 324
13 382
13 384
13 386
13 481
13 546
14 59
14 184
14 406
14 413
14 415
14 446
15 171
15 172
15 176
15 303
15 473
15 484
16 29
16 81
16 91
16 107
16 173
16 221
16 229
16 244
16 281
16 313
16 340
16 355
16 412
16 508
16 563
17 186
17 209
17 402
17 438
17 492
17 527
18 111
18 112
18 391
18 433
18 455
18 458
18 511
18 517
18 519
18 529
18 544
19 9
19 114
19 214
19 247
19 289
19 414
19 520
19 522
19 538
19 597
20 267
20 325
20 337
20 346
20 351
20 461
20 533
20 546
20 592
20 598
21 80
21 106
21 182
21 218
21 410
21 468
21 517
21 533
21 586
22 127
22 148
22 193
22 210
22 250
22 269
22 442
22 535
23 83
23 131
23 158
23 196
23 207
23 245
23 286
23 441
23 449
23 486
23 572
24 1
24 126
24 140
24 162
24 223
24 281
24 297
24 332
24 415
24 433
24 442
24 455
24 592
25 10
25 12
25 167
25 201
25 281
25 284
25 286
25 312
25 418
25 436
25 508
26 109
26 164
26 224
26 350
26 352
26 413
26 443
26 575
27 30
27 35
27 78
27 104
27 212
27 242
27 304
27 305
27 336
27 339
27 373
27 398
27 406
27 412
27 442
27 539
27 575
27 596
28 44
28 97
28 278
28 358
28 433
28 466
28 471
28 510
28 540
28 574
29 16
29 54
29 69
29 137
29 160
29 192
29 203
29 234
29 374
29 407
29 409
29 462
30 7
30 27
30 33
30 84
30 139
30 238
30 294
30 354
30 368
30 420
30 522
30 576
31 119
31 132
31 156
31 168
31 198
31 214
31 250
31 275
31 370
31 378
31 392
31 472
31 475
31 525
31 551
31 584
32 57
32 215
32 500
32 539
32 559
32 569
33 30
33 54
33 91
33 101
33 363
33 474
33 592
34 253
34 570
35 27
35 112
35 120
35 136
35 137
35 205
35 232
35 278
35 292
35 320
35 328
35 343
35 557
35 564
36 10
36 85
36 243
36 247
36 250
36 289
36 348
36 355
36 369
36 437
36 592
37 65
37 232
37 298
37 346
37 355
37 375
37 473
37 488
37 491
37 539
37 570
38 53
38 93
38 237
38 264
38 266
38 299
38 301
38 303
38 343
38 352
38 360
38 451
38 463
38 507
39 78
39 102
39 141
39 177
39 225
39 235
39 266
39 302
39 346
39 388
39 390
39 393
39 415
39 461
40 61
40 142
40 201
40 203
40 221
40 281
40 300
40 312
40 406
41 69
41 130
41 161
41 238
41 307
41 339
41 376
41 519
41 533
41 552
41 553
41 556
42 61
42 74
42 277
42 326
42 390
42 484
42 513
42 516
42 545
42 567
43 56
43 142
43 176
43 182
43 227
43 230
43 328
43 367
43 404
43 446
43 497
43 544
43 571
44 28
44 109
44 157
44 232
44 257
44 392
44 445
44 558
45 116
45 244
45 260
45 297
45 344
45 382
45 420
45 507
45 584
46 157
46 218
46 264
46 375
46 396
46 455
46 460
46 534
47 54
47 78
47 79
47 104
47 155
47 180
47 209
47 238
47 314
47 409
47 442
47 449
47 486
47 516
47 532
47 534
47 539
48 72
48 224
48 239
48 286
48 378
48 568
49 8
49 50
49 56
49 98
49 128
49 173
49 370
49 480
49 484
49 546
49 552
50 49
50 87
50 92
50 191
50 250
50 343
50 361
50 367
50 398
50 440
50 517
51 82
51 164
51 185
51 201
51 203
51 239
51 370
51 374
51 446
51 488
51 505
51 576
52 261
52 384
52 422
52 460
52 571
52 573
53 38
53 106
53 120
53 122
53 146
53 203
53 207
53 296
53 517
54 29
54 33
54 47
54 87
54 115
54 143
54 223
54 312
54 413
54 432
54 467
54 561
55 58
55 78
55 81
55 120
55 140
55 247
55 271
55 321
55 385
55 462
55 536
55 540
56 43
56 49
56 106
56 135
56 186
56 201
56 224
56 274
56 298
56 305
56 316
56 339
56 347
56 426
56 451
57 32
57 182
57 210
57 252
57 355
57 470
57 599
58 55
58 104
58 172
58 183
58 216
58 269
58 276
58 368
58 457
58 463
58 546
58 562
59 14
59 82
59 104
59 147
59 165
59 221
59 254
59 473
59 596
60 4
60 81
60 344
60 497
60 554
60 558
60 583
60 598
61 40
61 42
61 110
61 145
61 267
61 287
61 335
61 338
61 416
61 499
61 509
61 516
61 531
61 564
61 576
61 581
62 8
62 212
62 258
62 292
62 314
62 332
62 504
62 545
63 185
63 197
63 215
63 304
63 330
63 346
63 353
63 383
63 460
63 497
63 525
63 550
64 4
64 131
64 163
64 184
64 253
65 37
65 93
65 347
65 398
65 435
66 77
66 117
66 167
66 222
66 241
66 265
66 384
66 400
66 483
66 503
66 511
66 541
66 547
66 588
67 77
67 134
67 141
67 172
67 202
67 238
67 255
67 257
67 261
67 269
67 291
67 406
67 487
67 511
67 596
68 108
68 154
68 172
68 234
68 246
68 262
68 276
68 533
68 588
69 29
69 41
69 250
69 269
69 303
69 344
69 417
69 467
69 539
69 557
70 87
70 221
70 222
70 230
70 477
70 491
70 498
70 560
70 561
71 8
71 83
71 113
71 117
71 119
71 149
71 161
71 208
71 267
71 463
71 484
71 499
71 503
71 508
71 526
71 593
72 48
72 114
72 151
72 241
72 252
72 263
72 279
72 397
72 503
73 79
73 137
73 254
73 273
73 321
73 329
73 343
73 500
73 586
74 0
74 42
74 127
74 170
74 197
74 238
74 251
74 316
74 328
74 350
74 453
74 471
74 513
74 560
74 564
75 76
75 113
75 114
75 166
75 232
75 420
75 436
75 521
76 75
76 85
76 204
76 232
76 241
76 321
76 368
76 405
76 441
76 549
77 66
77 67
77 111
77 285
77 292
77 320
77 430
77 519
78 27
78 39
78 47
78 55
78 128
78 194
78 229
78 315
79 47
79 73
79 85
79 231
79 233
79 236
79 334
79 430
79 441
79 549
79 571
80 21
80 118
80 152
80 159
80 167
80 169
80 203
80 243
80 250
80 277
80 294
80 329
80 577
80 599
81 16
81 55
81 60
81 97
81 192
81 236
81 333
81 347
81 494
81 514
82 51
82 59
82 123
82 175
82 215
82 217
82 303
82 341
82 344
82 371
82 381
82 387
82 462
82 528
83 23
83 71
83 124
83 173
83 182
83 202
83 237
83 267
83 308
83 337
84 30
84 190
84 236
84 309
85 12
85 36
85 76
85 79
85 99
85 122
85 142
85 164
85 169
85 223
85 331
85 395
85 408
85 496
86 4
86 98
86 131
86 149
86 236
86 274
86 307
86 394
86 439
87 50
87 54
87 70
87 120
87 204
87 289
87 298
87 476
87 535
88 162
88 228
88 267
88 277
88 335
88 532
88 567
89 95
89 110
89 142
89 199
89 305
89 325
89 392
89 394
89 425
89 433
89 442
89 550
89 578
90 198
90 239
90 303
90 316
90 334
90 347
90 438
90 460
90 466
91 16
91 33
91 228
91 281
91 337
91 379
91 417
91 449
91 475
91 486
91 495
91 522
91 595
92 50
92 158
92 174
92 204
92 227
92 245
92 275
92 405
92 452
93 38
93 65
93 111
93 141
93 190
93 278
93 488
93 498
93 518
93 579
94 11
94 197
94 333
94 401
94 472
94 484
94 586
95 89
95 201
95 233
95 260
95 458
96 255
96 278
96 288
96 357
96 401
96 465
96 516
96 576
96 599
97 28
97 81
97 111
97 231
97 250
97 276
97 296
97 468
97 583
97 589
98 49
98 86
98 239
98 257
98 389
98 419
98 428
98 532
99 85
99 242
99 253
99 306
99 308
99 384
99 433
99 494
100 129
100 177
100 250
100 262
100 264
100 296
100 417
100 485
101 6
101 33
101 185
101 249
101 314
101 352
101 374
101 501
102 39
102 229
102 285
102 300
102 314
102 365
102 422
102 469
102 535
102 584
103 2
103 5
103 135
103 184
103 248
103 305
103 331
103 377
103 388
103 401
103 488
103 507
103 560
103 595
104 13
104 27
104 47
104 58
104 59
104 192
104 206
104 255
104 274
104 350
105 238
105 241
105 353
105 359
105 417
105 426
105 445
105 540
105 563
106 21
106 53
106 56
106 116
106 175
106 197
106 299
106 389
106 403
106 414
106 415
106 556
106 559
106 564
107 16
107 116
107 178
107 267
107 297
107 301
107 337
107 366
107 382
107 431
107 449
107 495
107 576
107 585
108 68
108 129
108 147
108 224
108 356
108 387
108 440
108 525
109 26
109 44
109 219
109 233
109 283
109 304
109 315
109 325
109 419
109 530
109 555
109 566
109 593
110 9
110 61
110 89
110 113
110 130
110 173
110 196
110 264
110 299
110 341
110 426
110 453
110 454
110 484
110 549
111 18
111 77
111 93
111 97
111 203
111 343
111 379
111 405
111 406
111 412
111 424
111 445
111 488
111 507
111 541
111 561
111 588
111 594
112 18
112 35
112 168
112 239
112 254
112 301
112 359
112 415
112 467
113 0
113 71
113 75
113 110
113 131
113 369
113 493
113 598
114 19
114 72
114 75
114 192
114 219
114 280
114 360
114 371
114 435
114 504
114 585
115 54
115 148
115 156
115 291
115 309
115 423
115 443
115 481
115 527
115 540
116 45
116 106
116 107
116 142
116 218
116 242
116 260
116 411
116 429
116 496
116 520
116 522
117 66
117 71
117 187
117 292
117 452
117 467
117 472
117 512
117 561
118 80
118 126
118 152
118 216
118 435
118 456
118 558
118 568
118 598
119 31
119 71
119 120
119 204
119 284
119 332
119 355
119 360
119 370
119 407
119 430
119 442
119 518
119 529
119 532
119 545
119 550
119 556
119 560
119 592
120 35
120 53
120 55
120 87
120 119
120 123
120 141
120 273
120 380
120 434
120 439
120 447
120 508
121 147
121 209
121 220
121 406
121 443
121 588
122 53
122 85
122 138
122 139
122 224
122 274
122 275
122 509
123 82
123 120
123 134
123 189
123 214
123 220
123 348
123 410
123 427
123 446
123 454
123 503
123 538
124 83
124 125
124 150
124 300
124 319
124 346
124 413
124 474
124 483
124 521
124 574
124 581
125 124
125 130
125 132
125 151
125 194
125 217
125 346
125 349
125 361
126 24
126 118
126 286
126 326
126 328
126 430
126 470
127 22
127 74
127 160
127 318
127 544
127 545
127 564
128 49
128 78
128 346
128 490
128 505
128 545
129 10
129 100
129 108
129 276
129 309
129 352
129 435
129 444
130 41
130 110
130 125
130 234
130 245
130 262
130 314
130 346
130 372
130 390
130 511
130 567
130 579
131 23
131 64
131 86
131 113
131 161
131 178
131 195
131 297
131 311
131 314
131 315
131 330
131 376
131 458
132 1
132 31
132 125
132 170
132 269
132 336
132 592
133 246
133 261
133 284
133 319
133 380
134 67
134 123
134 304
134 414
134 434
134 482
134 541
134 581
135 56
135 103
135 141
135 163
135 232
135 326
135 396
135 410
135 428
135 440
135 541
135 556
135 596
136 8
136 35
136 287
136 311
136 394
136 410
136 434
136 489
136 549
136 566
136 575
137 29
137 35
137 73
137 139
137 265
137 521
137 584
138 0
138 122
138 204
138 213
138 378
138 401
138 473
138 475
138 510
138 521
139 30
139 122
139 137
139 176
139 336
139 493
139 517
139 530
139 553
140 24
140 55
140 197
140 217
140 260
140 300
140 369
140 372
140 375
140 378
140 449
140 469
140 524
140 569
141 39
141 67
141 93
141 120
141 135
141 170
141 193
141 230
141 254
141 299
141 409
141 452
141 482
141 485
141 521
142 40
142 43
142 85
142 89
142 116
142 184
142 215
142 295
142 326
142 346
142 402
142 437
142 443
142 512
143 54
143 161
143 219
143 250
143 252
143 295
143 298
143 336
143 366
143 390
143 393
143 404
143 519
143 567
144 245
144 369
144 371
144 376
144 409
144 418
144 454
144 460
144 475
144 535
144 536
145 61
145 168
145 325
145 433
145 454
145 461
145 499
146 53
146 150
146 243
146 342
146 374
146 599
147 13
147 59
147 108
147 121
147 149
147 289
147 389
147 437
147 598
148 8
148 22
148 115
148 151
148 231
148 242
148 328
148 372
148 440
148 562
149 71
149 86
149 147
149 251
149 468
149 471
149 528
150 124
150 146
150 158
150 178
150 195
150 229
150 291
150 378
150 582
151 72
151 125
151 148
151 277
151 285
151 328
151 380
151 397
151 408
151 414
151 415
151 472
151 479
151 510
151 531
151 563
152 80
152 118
152 178
152 269
152 270
152 332
152 419
152 495
152 526
152 571
152 590
153 155
153 181
153 367
153 387
153 429
153 596
154 7
154 68
154 203
154 280
154 301
154 306
154 310
154 383
154 425
154 436
154 486
154 568
155 47
155 153
155 158
155 266
155 362
155 404
155 411
155 537
155 555
156 1
156 31
156 115
156 198
156 251
156 374
156 404
156 445
156 532
156 550
157 44
157 46
157 244
157 276
157 360
157 385
157 413
157 427
157 478
157 546
157 547
158 23
158 92
158 150
158 155
158 281
158 436
158 535
158 574
158 577
159 80
159 268
159 282
159 291
159 309
159 317
159 322
159 333
159 356
159 365
159 471
159 480
159 502
159 526
159 537
159 597
160 29
160 127
160 167
160 196
160 202
160 226
160 288
160 376
160 558
161 41
161 71
161 131
161 143
161 254
161 322
161 335
161 387
161 423
161 428
161 521
162 24
162 88
162 245
162 266
162 284
162 441
162 483
162 505
162 525
163 9
163 64
163 135
163 193
163 232
163 408
163 462
163 497
163 526
164 26
164 51
164 85
164 218
164 219
164 233
164 296
164 321
164 467
164 504
164 519
165 59
165 193
165 201
165 337
165 363
165 372
165 388
166 75
166 183
166 186
166 209
166 418
166 421
166 495
166 538
166 557
166 559
166 584
167 25
167 66
167 80
167 160
167 214
167 297
167 414
167 430
167 465
167 531
168 13
168 31
168 112
168 145
168 183
168 286
168 366
168 403
168 423
168 429
168 476
169 80
169 85
169 220
169 275
169 328
169 349
169 449
169 464
169 504
169 531
170 74
170 132
170 141
170 173
170 201
170 212
170 216
170 234
170 367
170 375
170 378
170 467
170 516
171 15
171 273
171 332
171 393
171 420
171 495
172 15
172 58
172 67
172 68
172 173
172 221
172 328
172 377
172 390
172 449
172 459
172 516
172 574
173 16
173 49
173 83
173 110
173 170
173 172
173 224
173 237
173 239
173 271
173 289
173 353
173 381
173 438
173 448
173 456
173 484
173 563
173 578
174 9
174 92
174 207
174 249
174 272
174 361
174 371
174 402
174 528
174 596
175 82
175 106
175 184
175 373
175 460
175 519
176 15
176 43
176 139
176 206
176 384
176 468
176 553
177 39
177 100
177 186
177 218
177 234
177 290
177 330
177 467
178 107
178 131
178 150
178 152
178 213
178 241
178 283
178 398
178 533
178 573
178 576
179 317
179 356
179 400
179 450
179 460
179 595
180 47
180 181
180 191
180 202
180 281
180 292
180 429
180 445
180 476
180 501
180 528
180 579
181 153
181 180
181 265
181 298
181 301
181 522
182 21
182 43
182 57
182 83
182 255
182 265
182 319
182 322
182 358
182 554
183 58
183 166
183 168
183 184
183 192
183 239
183 240
183 350
183 359
183 392
184 5
184 14
184 64
184 103
184 142
184 175
184 183
184 234
184 243
184 362
184 390
184 415
184 460
184 499
184 565
185 51
185 63
185 101
185 194
185 241
185 285
185 315
185 332
185 383
185 465
185 466
186 17
186 56
186 166
186 177
186 225
186 250
186 303
186 358
186 478
186 515
186 578
187 117
187 294
187 414
188 291
188 475
189 123
189 195
189 266
189 334
189 338
189 379
189 400
189 422
189 479
189 523
189 577
190 84
190 93
190 251
190 374
190 378
190 443
190 465
190 541
191 50
191 180
191 193
191 301
191 486
191 508
191 525
191 578
191 591
192 9
192 29
192 81
192 104
192 114
192 183
192 235
192 333
192 336
192 374
192 392
192 570
193 22
193 141
193 163
193 165
193 191
193 280
193 281
193 352
193 441
193 455
193 522
193 526
193 558
193 584
194 78
194 125
194 185
194 198
194 297
194 301
195 131
195 150
195 189
195 225
195 228
195 246
195 335
195 342
195 438
195 459
195 539
196 23
196 110
196 160
196 301
196 323
196 328
196 428
196 466
196 480
197 63
197 74
197 94
197 106
197 140
197 210
197 320
197 365
197 374
197 382
197 405
197 416
197 584
198 31
198 90
198 156
198 194
198 241
198 275
198 441
198 565
199 89
199 201
199 234
199 238
199 266
199 428
199 455
200 297
201 25
201 40
201 51
201 56
201 95
201 165
201 170
201 199
201 219
201 235
201 263
201 272
201 291
201 411
201 417
201 430
201 494
201 499
201 522
201 538
201 576
202 67
202 83
202 160
202 180
202 275
202 297
202 305
202 321
202 413
202 442
202 444
202 489
202 546
203 13
203 29
203 40
203 51
203 53
203 80
203 111
203 154
203 226
203 297
203 356
203 439
203 524
203 549
203 569
204 76
204 87
204 92
204 119
204 138
204 287
204 368
204 430
205 35
205 215
205 293
205 443
205 566
206 104
206 176
206 256
206 300
206 439
206 579
207 23
207 53
207 174
207 229
207 390
207 392
207 413
207 448
208 71
208 220
208 276
208 286
208 310
208 501
208 527
208 534
208 541
209 17
209 47
209 121
209 166
209 286
209 291
209 297
209 493
209 497
209 580
210 22
210 57
210 197
210 245
210 254
210 309
210 379
210 425
210 565
211 458
211 545
211 546
212 27
212 62
212 170
212 217
212 268
212 271
212 274
212 298
212 336
212 592
213 138
213 178
213 241
213 264
213 323
213 487
214 19
214 31
214 123
214 167
214 231
214 269
214 296
214 327
214 388
214 480
214 488
214 552
214 591
215 32
215 63
215 82
215 142
215 205
215 272
215 341
215 366
215 395
215 468
215 499
216 13
216 58
216 118
216 170
216 256
216 289
216 366
216 441
217 82
217 125
217 140
217 212
217 378
217 404
217 412
217 551
217 574
218 21
218 46
218 116
218 164
218 177
218 243
218 315
218 486
218 587
219 109
219 114
219 143
219 164
219 201
219 230
219 317
219 370
219 373
219 383
219 463
219 491
220 121
220 123
220 169
220 208
220 375
220 387
220 390
220 400
220 539
221 16
221 40
221 59
221 70
221 172
221 251
221 376
221 418
221 558
222 66
222 70
222 236
222 307
222 376
222 406
223 24
223 54
223 85
223 304
223 305
223 322
223 342
223 354
223 403
223 414
223 492
223 514
223 530
224 26
224 48
224 56
224 108
224 122
224 173
224 290
224 505
224 519
224 539
225 39
225 186
225 195
225 250
225 484
226 160
226 203
226 249
226 265
226 341
226 416
226 500
226 521
226 531
226 540
226 593
227 43
227 92
227 254
227 273
227 283
227 316
227 345
227 452
227 541
227 561
228 88
228 91
228 195
228 232
228 248
228 305
228 311
228 420
228 528
229 16
229 78
229 102
229 150
229 207
229 247
229 248
229 272
229 295
229 325
229 342
229 361
229 395
229 416
229 541
229 553
230 43
230 70
230 141
230 219
230 280
230 369
230 409
230 443
230 469
230 536
230 547
231 79
231 97
231 148
231 214
231 296
231 549
231 552
231 597
232 35
232 37
232 44
232 75
232 76
232 135
232 163
232 228
232 279
232 294
232 320
232 346
232 383
232 406
232 469
232 570
233 79
233 95
233 109
233 164
233 240
233 270
233 413
233 433
233 442
233 500
233 527
233 560
233 597
234 29
234 68
234 130
234 170
234 177
234 184
234 199
234 263
234 298
234 322
234 334
234 426
234 504
234 566
235 39
235 192
235 201
235 383
235 432
235 474
235 546
236 8
236 79
236 81
236 84
236 86
236 222
236 274
236 347
236 534
236 569
237 10
237 38
237 83
237 173
237 295
237 463
237 482
237 490
237 553
237 560
237 599
238 8
238 30
238 41
238 47
238 67
238 74
238 105
238 199
238 265
238 336
238 361
238 501
238 547
239 0
239 48
239 51
239 90
239 98
239 112
239 173
239 183
239 330
239 359
239 589
240 183
240 233
240 311
240 324
240 438
241 66
241 72
241 76
241 105
241 178
241 185
241 198
241 213
241 368
241 481
241 553
242 27
242 99
242 116
242 148
242 243
242 293
242 409
242 432
242 532
242 537
242 587
243 36
243 80
243 146
243 184
243 218
243 242
243 273
243 328
243 444
244 16
244 45
244 157
244 256
244 373
244 429
244 432
244 510
244 542
245 23
245 92
245 130
245 144
245 162
245 210
245 352
245 381
245 437
245 468
245 572
246 1
246 3
246 68
246 133
246 195
246 441
246 443
246 453
246 480
246 494
246 575
246 593
247 19
247 36
247 55
247 229
247 249
247 408
248 103
248 228
248 229
248 280
248 360
248 484
248 548
248 551
249 101
249 174
249 226
249 247
249 267
249 525
249 554
250 22
250 31
250 36
250 50
250 69
250 80
250 97
250 100
250 143
250 186
250 225
250 264
250 380
250 383
250 398
250 481
250 541
251 74
251 149
251 156
251 190
251 221
251 352
251 381
251 434
251 547
252 4
252 57
252 72
252 143
252 343
252 366
252 369
252 401
252 474
252 506
252 512
252 545
252 574
253 34
253 64
253 99
253 318
253 357
253 594
254 59
254 73
254 112
254 141
254 161
254 210
254 227
254 255
254 269
254 333
254 426
254 439
254 474
254 500
254 508
255 67
255 96
255 104
255 182
255 254
255 283
255 298
255 315
255 324
255 331
255 504
255 512
255 529
256 206
256 216
256 244
256 429
256 437
257 44
257 67
257 98
257 265
257 279
257 324
257 455
257 496
257 535
258 62
258 352
258 387
258 388
258 412
258 460
258 540
258 569
259 265
259 327
259 391
259 409
259 458
259 515
259 596
260 45
260 95
260 116
260 140
260 359
260 594
260 595
261 52
261 67
261 133
261 274
261 279
261 335
261 375
261 432
261 434
261 481
261 562
261 575
262 68
262 100
262 130
262 298
262 428
262 459
262 499
262 512
262 513
263 72
263 201
263 234
263 277
263 331
263 436
263 453
263 463
263 476
264 38
264 46
264 100
264 110
264 213
264 250
264 341
264 352
264 526
264 567
265 66
265 137
265 181
265 182
265 226
265 238
265 257
265 259
265 312
265 524
265 580
266 38
266 39
266 155
266 162
266 189
266 199
266 285
266 348
266 380
266 460
266 490
266 494
267 20
267 61
267 71
267 83
267 88
267 107
267 249
267 268
267 396
267 497
267 526
267 566
268 159
268 212
268 267
268 328
268 510
268 535
269 22
269 58
269 67
269 69
269 132
269 152
269 214
269 254
269 388
269 549
270 5
270 152
270 233
270 335
270 366
270 376
270 493
270 519
270 581
271 55
271 173
271 212
271 288
271 299
271 406
271 442
271 455
271 464
271 469
271 473
271 480
271 504
271 506
271 552
271 572
271 598
272 174
272 201
272 215
272 229
272 279
272 281
272 314
272 318
272 381
272 483
272 516
273 73
273 120
273 171
273 227
273 243
273 331
273 390
273 485
274 5
274 56
274 86
274 104
274 122
274 212
274 236
274 261
274 286
274 344
274 355
274 491
274 542
275 31
275 92
275 122
275 169
275 198
275 202
275 333
275 334
275 412
275 426
275 447
275 541
275 542
275 591
276 8
276 58
276 68
276 97
276 129
276 157
276 208
276 484
276 595
277 11
277 42
277 80
277 88
277 151
277 263
277 330
277 386
277 402
277 421
277 495
277 537
278 28
278 35
278 93
278 96
278 283
278 299
278 354
278 469
279 72
279 232
279 257
279 261
279 272
279 401
279 410
279 478
280 114
280 154
280 193
280 230
280 248
280 313
280 442
280 491
280 492
280 520
281 16
281 24
281 25
281 40
281 91
281 158
281 180
281 193
281 272
281 286
281 381
281 434
281 523
282 159
282 288
282 299
282 349
282 456
282 499
282 513
282 575
283 109
283 178
283 227
283 255
283 278
283 303
283 450
283 497
283 513
283 522
283 591
284 25
284 119
284 133
284 162
284 341
284 382
284 448
284 455
284 462
284 514
284 576
284 578
285 77
285 102
285 151
285 185
285 266
285 320
285 344
285 350
285 408
285 413
285 499
285 544
285 548
286 23
286 25
286 48
286 126
286 168
286 208
286 209
286 274
286 281
286 295
286 383
286 583
287 61
287 136
287 204
287 298
287 302
287 462
287 547
288 96
288 160
288 271
288 282
288 483
288 485
288 594
289 19
289 36
289 87
289 147
289 173
289 216
289 352
289 442
289 448
289 565
289 572
289 578
290 177
290 224
290 322
290 405
290 416
290 522
290 537
290 558
290 566
290 576
290 594
291 67
291 115
291 150
291 159
291 188
291 201
291 209
291 310
291 368
291 435
291 471
291 519
292 35
292 62
292 77
292 117
292 180
292 359
292 365
292 395
292 447
292 523
293 205
293 242
293 302
293 326
293 334
293 341
293 365
293 372
293 460
293 483
293 489
293 534
294 30
294 80
294 187
294 232
294 323
294 331
294 408
294 505
294 512
294 584
295 9
295 142
295 143
295 229
295 237
295 286
295 337
295 392
295 566
296 0
296 53
296 97
296 100
296 164
296 214
296 231
296 352
296 396
296 503
296 531
297 24
297 45
297 107
297 131
297 167
297 194
297 200
297 202
297 203
297 209
298 9
298 37
298 56
298 87
298 143
298 181
298 212
298 234
298 255
298 262
298 287
298 381
298 387
298 420
298 472
298 507
299 38
299 106
299 110
299 141
299 271
299 278
299 282
299 389
299 440
299 484
299 504
299 543
299 574
300 40
300 102
300 124
300 140
300 206
300 354
300 371
300 471
300 546
301 38
301 107
301 112
301 154
301 181
301 191
301 194
301 196
301 316
301 403
301 454
301 509
302 39
302 287
302 293
302 344
302 586
303 15
303 38
303 69
303 82
303 90
303 186
303 283
303 466
304 4
304 27
304 63
304 109
304 134
304 223
304 320
304 421
304 470
304 511
305 27
305 56
305 89
305 103
305 202
305 223
305 228
305 366
305 534
305 549
306 99
306 154
306 329
306 569
306 580
307 8
307 41
307 86
307 222
307 424
307 450
307 547
308 83
308 99
308 325
308 379
308 402
308 479
309 84
309 115
309 129
309 159
309 210
309 337
309 364
309 437
309 497
309 590
310 6
310 154
310 208
310 291
310 347
311 131
311 136
311 228
311 240
311 376
311 387
311 492
311 545
311 561
312 25
312 40
312 54
312 265
312 368
312 399
313 16
313 280
313 368
313 475
313 485
313 546
313 550
314 4
314 47
314 62
314 101
314 102
314 130
314 131
314 272
314 323
314 426
314 430
314 441
315 78
315 109
315 131
315 185
315 218
315 255
315 377
315 440
315 484
315 498
315 529
315 570
316 56
316 74
316 90
316 227
316 301
316 355
316 375
317 10
317 159
317 179
317 219
317 352
317 353
317 443
317 458
317 512
317 539
317 571
318 127
318 253
318 272
318 384
318 425
318 470
318 473
318 545
318 568
318 574
318 598
319 124
319 133
319 182
319 353
319 457
319 469
319 528
319 539
320 35
320 77
320 197
320 232
320 285
320 304
320 387
320 420
320 431
320 498
320 514
321 0
321 55
321 73
321 76
321 164
321 202
321 543
321 549
321 561
322 159
322 161
322 182
322 223
322 234
322 290
322 377
322 463
322 468
322 479
322 575
323 13
323 196
323 213
323 294
323 314
323 339
323 386
323 544
323 592
324 13
324 240
324 255
324 257
324 334
324 365
324 395
324 409
324 427
324 431
324 435
325 20
325 89
325 109
325 145
325 229
325 308
325 382
325 425
325 502
325 531
325 595
326 42
326 126
326 135
326 142
326 293
326 377
326 402
326 467
326 584
327 214
327 259
327 436
327 454
327 500
327 548
328 35
328 43
328 74
328 126
328 148
328 151
328 169
328 172
328 196
328 243
328 268
328 343
328 356
328 416
328 456
328 515
328 575
328 577
328 592
329 73
329 80
329 306
329 386
329 387
329 538
330 63
330 131
330 177
330 239
330 277
330 413
330 478
331 85
331 103
331 255
331 263
331 273
331 294
331 344
331 424
331 562
332 24
332 62
332 119
332 152
332 171
332 185
332 366
332 571
332 576
333 81
333 94
333 159
333 192
333 254
333 275
333 386
333 443
333 469
333 524
333 586
334 79
334 90
334 189
334 234
334 275
334 293
334 324
334 335
334 575
335 61
335 88
335 161
335 195
335 261
335 270
335 334
335 377
335 398
335 450
335 575
336 27
336 132
336 139
336 143
336 192
336 212
336 238
336 357
336 376
336 428
336 443
336 462
337 20
337 83
337 91
337 107
337 165
337 295
337 309
337 341
337 353
337 417
337 419
337 531
337 571
337 588
338 61
338 189
338 400
338 424
338 488
339 27
339 41
339 56
339 323
339 508
339 566
340 16
340 418
340 425
340 447
340 526
340 574
340 583
340 587
341 11
341 82
341 110
341 215
341 226
341 264
341 284
341 293
341 337
341 407
341 455
341 533
342 146
342 195
342 223
342 229
342 345
342 377
342 388
342 421
342 434
342 457
342 473
343 35
343 38
343 50
343 73
343 111
343 252
343 328
343 353
343 364
343 394
343 411
343 442
343 477
343 514
343 583
343 594
344 45
344 60
344 69
344 82
344 274
344 285
344 302
344 331
344 363
345 227
345 342
345 439
345 471
345 533
345 537
345 584
346 20
346 37
346 39
346 63
346 124
346 125
346 128
346 130
346 142
346 232
346 400
346 417
346 428
346 477
346 506
346 521
346 585
346 598
347 56
347 65
347 81
347 90
347 236
347 310
347 355
347 380
347 384
347 418
347 481
348 36
348 123
348 266
348 400
348 524
348 533
349 125
349 169
349 282
349 398
349 437
349 458
349 488
349 534
350 26
350 74
350 104
350 183
350 285
350 409
350 425
350 559
350 574
350 591
351 20
351 494
351 526
352 26
352 38
352 101
352 129
352 193
352 245
352 251
352 258
352 264
352 289
352 296
352 317
352 461
352 489
352 517
352 533
353 63
353 105
353 173
353 317
353 319
353 337
353 343
353 363
353 503
353 504
353 525
353 574
353 591
354 12
354 30
354 223
354 278
354 300
354 383
354 595
355 16
355 36
355 37
355 57
355 119
355 274
355 316
355 347
355 387
355 530
356 108
356 159
356 179
356 203
356 328
356 483
356 520
356 595
357 10
357 96
357 253
357 336
357 466
357 498
357 594
358 28
358 182
358 186
358 420
358 460
358 512
358 535
358 538
358 579
359 105
359 112
359 183
359 239
359 260
359 292
359 399
359 403
360 38
360 114
360 119
360 157
360 248
360 432
360 439
361 50
361 125
361 174
361 229
361 238
361 365
361 457
361 465
361 519
361 547
362 155
362 184
362 370
362 425
363 33
363 165
363 344
363 353
363 393
363 433
363 448
363 536
363 550
364 1
364 309
364 343
364 423
364 429
364 486
364 490
364 564
365 7
365 11
365 102
365 159
365 197
365 292
365 293
365 324
365 361
365 490
365 548
365 591
365 592
365 597
366 107
366 143
366 168
366 215
366 216
366 252
366 270
366 305
366 332
366 398
366 410
366 431
366 451
366 523
366 589
367 43
367 50
367 153
367 170
367 371
367 530
367 568
367 577
368 30
368 58
368 76
368 204
368 241
368 291
368 312
368 313
368 404
368 572
369 36
369 113
369 140
369 144
369 230
369 252
369 474
369 532
369 534
370 31
370 49
370 51
370 119
370 219
370 362
370 435
370 439
370 457
370 458
370 535
370 544
370 558
371 82
371 114
371 144
371 174
371 300
371 367
371 393
371 417
371 422
372 130
372 140
372 148
372 165
372 293
372 542
373 27
373 175
373 219
373 244
373 404
373 482
373 580
373 586
374 29
374 51
374 101
374 146
374 156
374 190
374 192
374 197
375 37
375 46
375 140
375 170
375 220
375 261
375 316
375 392
375 471
375 567
376 41
376 131
376 144
376 160
376 221
376 222
376 270
376 311
376 336
376 417
376 481
376 567
376 576
377 103
377 172
377 315
377 322
377 326
377 335
377 342
377 427
377 543
377 547
378 31
378 48
378 138
378 140
378 150
378 170
378 190
378 217
378 459
378 470
378 504
378 561
378 562
378 574
378 598
379 91
379 111
379 189
379 210
379 308
379 403
379 502
379 564
379 575
379 576
380 120
380 133
380 151
380 250
380 266
380 347
380 445
380 456
380 493
380 583
381 82
381 173
381 245
381 251
381 272
381 281
381 298
382 13
382 45
382 107
382 197
382 284
382 325
382 520
382 532
382 570
382 580
383 4
383 63
383 154
383 185
383 219
383 232
383 235
383 250
383 286
383 354
383 490
383 521
383 546
383 589
384 13
384 52
384 66
384 99
384 176
384 318
384 347
384 424
384 445
384 465
384 476
384 535
385 55
385 157
385 506
385 524
385 540
385 561
386 13
386 277
386 323
386 329
386 333
386 456
386 503
386 569
386 571
387 82
387 108
387 153
387 161
387 220
387 258
387 298
387 311
387 320
387 329
387 355
387 425
387 468
387 469
387 486
387 504
388 39
388 103
388 165
388 214
388 258
388 269
388 342
388 485
388 527
389 10
389 98
389 106
389 147
389 299
389 432
389 477
389 507
389 509
389 527
389 567
390 39
390 42
390 130
390 143
390 172
390 184
390 207
390 220
390 273
390 451
390 530
391 18
391 259
391 441
391 451
391 461
391 504
391 597
392 31
392 44
392 89
392 183
392 192
392 207
392 295
392 375
392 475
393 6
393 39
393 143
393 171
393 363
393 371
393 456
393 500
393 524
393 526
393 527
393 569
394 86
394 89
394 136
394 343
394 414
394 482
394 530
394 574
395 85
395 215
395 229
395 292
395 324
395 499
395 522
395 526
395 527
396 46
396 135
396 267
396 296
396 524
397 72
397 151
397 412
397 470
397 493
397 524
398 27
398 50
398 65
398 178
398 250
398 335
398 349
398 366
398 423
398 466
398 533
399 312
399 359
399 544
399 588
400 66
400 179
400 189
400 220
400 338
400 346
400 348
400 412
400 431
400 439
400 505
400 549
401 94
401 96
401 103
401 138
401 252
401 279
401 488
401 496
401 520
401 549
402 17
402 142
402 174
402 277
402 308
402 326
402 449
402 456
402 527
402 531
402 564
403 106
403 168
403 223
403 301
403 359
403 379
403 421
403 457
403 490
404 11
404 12
404 43
404 143
404 155
404 156
404 217
404 368
404 373
404 488
404 584
405 76
405 92
405 111
405 197
405 290
405 477
405 479
405 494
405 526
405 576
406 14
406 27
406 40
406 67
406 111
406 121
406 222
406 232
406 271
406 433
406 474
406 495
406 528
407 3
407 29
407 119
407 341
407 481
408 85
408 151
408 163
408 247
408 285
408 294
408 409
408 420
408 511
409 29
409 47
409 141
409 144
409 230
409 242
409 259
409 324
409 350
409 408
409 459
409 472
409 517
409 546
410 21
410 123
410 135
410 136
410 279
410 366
410 448
410 548
410 556
411 116
411 155
411 201
411 343
411 518
412 16
412 27
412 111
412 217
412 258
412 275
412 397
412 400
412 428
412 530
412 560
412 590
413 14
413 26
413 54
413 124
413 157
413 202
413 207
413 233
413 285
413 330
413 423
413 459
413 469
413 470
414 19
414 106
414 134
414 151
414 167
414 187
414 223
414 394
414 422
414 467
414 586
415 1
415 14
415 24
415 39
415 106
415 112
415 151
415 184
415 561
416 61
416 197
416 226
416 229
416 290
416 328
416 494
416 516
416 567
416 583
417 69
417 91
417 100
417 105
417 201
417 337
417 346
417 371
417 376
417 427
417 442
417 492
417 509
417 523
417 571
417 574
418 1
418 4
418 25
418 144
418 166
418 221
418 340
418 347
418 437
418 444
418 583
419 98
419 109
419 152
419 337
419 447
419 562
420 30
420 45
420 75
420 171
420 228
420 298
420 320
420 358
420 408
420 433
420 485
420 508
420 534
420 556
420 578
421 166
421 277
421 304
421 342
421 403
421 493
421 513
421 528
421 550
422 52
422 102
422 189
422 371
422 414
422 555
422 573
423 115
423 161
423 168
423 364
423 398
423 413
423 435
423 540
424 111
424 307
424 331
424 338
424 384
424 456
424 462
424 538
424 572
425 1
425 2
425 89
425 154
425 210
425 318
425 325
425 340
425 350
425 362
425 387
425 497
425 505
426 56
426 105
426 110
426 234
426 254
426 275
426 314
426 448
426 459
426 578
427 123
427 157
427 324
427 377
427 417
427 515
427 578
428 98
428 135
428 161
428 196
428 199
428 262
428 336
428 346
428 412
428 530
428 584
429 9
429 116
429 153
429 168
429 180
429 244
429 256
429 364
429 443
429 445
430 77
430 79
430 119
430 126
430 167
430 201
430 204
430 314
430 542
431 107
431 320
431 324
431 366
431 400
431 441
431 482
431 528
432 1
432 54
432 235
432 242
432 244
432 261
432 360
432 389
432 494
432 571
432 581
432 583
433 18
433 24
433 28
433 89
433 99
433 145
433 233
433 363
433 406
433 420
433 435
434 120
434 134
434 136
434 251
434 261
434 281
434 342
434 480
434 585
435 65
435 114
435 118
435 129
435 291
435 324
435 370
435 423
435 433
435 473
435 524
435 575
436 25
436 75
436 154
436 158
436 263
436 327
436 494
436 542
436 561
436 572
436 599
437 36
437 142
437 147
437 245
437 256
437 309
437 349
437 418
437 473
437 506
437 524
438 5
438 8
438 17
438 90
438 173
438 195
438 240
438 579
439 86
439 120
439 203
439 206
439 254
439 345
439 360
439 370
439 400
439 568
439 590
439 599
440 50
440 108
440 135
440 148
440 299
440 315
441 23
441 76
441 79
441 162
441 193
441 198
441 216
441 246
441 314
441 391
441 431
441 453
441 560
441 567
441 588
442 22
442 24
442 27
442 47
442 89
442 119
442 202
442 233
442 271
442 280
442 289
442 343
442 417
442 598
443 26
443 115
443 121
443 142
443 190
443 205
443 230
443 246
443 317
443 333
443 336
443 429
443 492
443 499
443 584
443 593
444 129
444 202
444 243
444 418
444 466
444 554
445 44
445 105
445 111
445 156
445 180
445 380
445 384
445 429
445 593
446 14
446 43
446 51
446 123
446 532
447 7
447 11
447 120
447 275
447 292
447 340
447 419
447 520
447 530
447 543
447 563
448 173
448 207
448 284
448 289
448 363
448 410
448 426
448 495
448 533
449 23
449 47
449 91
449 107
449 140
449 169
449 172
449 402
449 529
449 534
449 563
450 179
450 283
450 307
450 335
450 515
450 557
451 38
451 56
451 366
451 390
451 391
451 514
451 593
452 92
452 117
452 141
452 227
452 478
452 484
452 490
452 504
453 12
453 74
453 110
453 246
453 263
453 441
453 473
453 478
453 552
453 591
454 110
454 123
454 144
454 145
454 301
454 327
454 533
454 581
455 18
455 24
455 46
455 193
455 199
455 257
455 271
455 284
455 341
455 511
455 599
456 118
456 173
456 282
456 328
456 380
456 386
456 393
456 402
456 424
456 475
456 594
457 58
457 319
457 342
457 361
457 370
457 403
457 484
458 12
458 18
458 95
458 131
458 211
458 259
458 317
458 349
458 370
458 554
458 593
459 172
459 195
459 262
459 378
459 409
459 413
459 426
459 483
459 489
459 506
460 46
460 52
460 63
460 90
460 144
460 175
460 179
460 184
460 258
460 266
460 293
460 358
460 485
461 9
461 20
461 39
461 145
461 352
461 391
461 498
461 596
462 29
462 55
462 82
462 163
462 284
462 287
462 336
462 424
462 573
462 582
463 5
463 38
463 58
463 71
463 219
463 237
463 263
463 322
463 469
463 552
463 587
464 169
464 271
464 469
465 96
465 167
465 185
465 190
465 361
465 384
465 486
465 569
465 591
466 28
466 90
466 185
466 196
466 303
466 357
466 398
466 444
466 516
467 54
467 69
467 112
467 117
467 164
467 170
467 177
467 326
467 414
467 565
468 21
468 97
468 149
468 176
468 215
468 245
468 322
468 387
468 599
469 102
469 140
469 230
469 232
469 271
469 278
469 319
469 333
469 387
469 413
469 463
469 464
469 500
469 534
469 560
470 1
470 57
470 126
470 304
470 318
470 378
470 397
470 413
470 478
470 507
471 3
471 28
471 74
471 149
471 159
471 291
471 300
471 345
471 375
471 483
472 6
472 31
472 94
472 117
472 151
472 298
472 409
472 489
472 526
473 0
473 15
473 37
473 59
473 138
473 271
473 318
473 342
473 435
473 437
473 453
473 474
473 513
473 516
473 598
474 33
474 124
474 235
474 252
474 254
474 369
474 406
474 473
474 532
475 31
475 91
475 138
475 144
475 188
475 313
475 392
475 456
476 87
476 168
476 180
476 263
476 384
476 575
477 0
477 8
477 70
477 343
477 346
477 389
477 405
478 3
478 157
478 186
478 279
478 330
478 452
478 453
478 470
478 486
478 520
478 554
479 151
479 189
479 308
479 322
479 405
479 520
480 49
480 159
480 196
480 214
480 246
480 271
480 434
481 13
481 115
481 241
481 250
481 261
481 347
481 376
481 407
481 495
481 521
482 134
482 141
482 237
482 373
482 394
482 431
482 567
483 66
483 124
483 162
483 272
483 288
483 293
483 356
483 459
483 471
483 494
483 498
483 539
484 15
484 42
484 49
484 71
484 94
484 110
484 173
484 225
484 248
484 276
484 299
484 315
484 452
484 457
484 562
484 570
485 12
485 100
485 141
485 273
485 288
485 313
485 388
485 420
485 460
485 489
485 561
486 23
486 47
486 91
486 154
486 191
486 218
486 364
486 387
486 465
486 478
486 494
486 590
487 67
487 213
487 518
487 591
488 37
488 51
488 93
488 103
488 111
488 214
488 338
488 349
488 401
488 404
488 499
488 501
488 524
489 136
489 202
489 293
489 352
489 459
489 472
489 485
489 571
489 593
490 128
490 237
490 266
490 364
490 365
490 383
490 403
490 452
491 9
491 37
491 70
491 219
491 274
491 280
492 17
492 223
492 280
492 311
492 417
492 443
492 516
492 534
493 113
493 139
493 209
493 270
493 380
493 397
493 421
493 494
493 582
494 81
494 99
494 201
494 246
494 266
494 351
494 405
494 416
494 432
494 436
494 483
494 486
494 493
495 3
495 91
495 107
495 152
495 166
495 171
495 277
495 406
495 448
495 481
495 518
495 599
496 12
496 85
496 116
496 257
496 401
497 43
497 60
497 63
497 163
497 209
497 267
497 283
497 309
497 425
497 530
497 538
497 581
498 70
498 93
498 315
498 320
498 357
498 461
498 483
498 529
499 61
499 71
499 145
499 184
499 201
499 215
499 262
499 282
499 285
499 395
499 443
499 488
499 574
499 577
499 581
499 585
499 587
500 9
500 32
500 73
500 226
500 233
500 254
500 327
500 393
500 469
500 501
500 510
500 581
501 1
501 101
501 180
501 208
501 238
501 488
501 500
501 584
502 159
502 325
502 379
503 11
503 66
503 71
503 72
503 123
503 296
503 353
503 386
503 589
504 62
504 114
504 164
504 169
504 234
504 255
504 271
504 299
504 353
504 378
504 387
504 391
504 452
505 51
505 128
505 162
505 224
505 294
505 400
505 425
505 533
506 252
506 271
506 346
506 385
506 437
506 459
507 38
507 45
507 103
507 111
507 298
507 389
507 470
508 16
508 25
508 71
508 120
508 191
508 254
508 339
508 420
509 61
509 122
509 301
509 389
509 417
509 556
510 28
510 138
510 151
510 244
510 268
510 500
510 526
510 531
511 18
511 66
511 67
511 130
511 304
511 408
511 455
511 527
511 533
511 551
512 117
512 142
512 252
512 255
512 262
512 294
512 317
512 358
512 562
513 42
513 74
513 262
513 282
513 283
513 421
513 473
513 549
514 81
514 223
514 284
514 320
514 343
514 451
514 589
515 186
515 259
515 328
515 427
515 450
515 524
516 1
516 42
516 47
516 61
516 96
516 170
516 172
516 272
516 416
516 466
516 473
516 492
516 534
516 564
517 0
517 18
517 21
517 50
517 53
517 139
517 352
517 409
518 93
518 119
518 411
518 487
518 495
519 18
519 41
519 77
519 143
519 164
519 175
519 224
519 270
519 291
519 361
519 556
519 559
520 19
520 116
520 280
520 356
520 382
520 401
520 447
520 478
520 479
520 539
521 75
521 124
521 137
521 138
521 141
521 161
521 226
521 346
521 383
521 481
522 19
522 30
522 91
522 116
522 181
522 193
522 201
522 283
522 290
522 395
522 574
522 594
523 189
523 281
523 292
523 366
523 417
524 140
524 203
524 265
524 333
524 348
524 385
524 393
524 396
524 397
524 435
524 437
524 488
524 515
524 587
525 31
525 63
525 108
525 162
525 191
525 249
525 353
526 71
526 152
526 159
526 163
526 193
526 264
526 267
526 340
526 351
526 393
526 395
526 405
526 472
526 510
527 17
527 115
527 208
527 233
527 388
527 389
527 393
527 395
527 402
527 511
527 550
527 580
527 597
528 0
528 6
528 82
528 149
528 174
528 180
528 228
528 319
528 406
528 421
528 431
529 5
529 18
529 119
529 255
529 315
529 449
529 498
530 109
530 139
530 223
530 355
530 367
530 390
530 394
530 412
530 428
530 447
530 497
531 61
531 151
531 167
531 169
531 226
531 296
531 325
531 337
531 402
531 510
531 593
532 47
532 88
532 98
532 119
532 156
532 242
532 369
532 382
532 446
532 474
533 9
533 20
533 21
533 41
533 68
533 178
533 341
533 345
533 348
533 352
533 398
533 448
533 454
533 505
533 511
533 589
534 46
534 47
534 208
534 236
534 293
534 305
534 349
534 369
534 420
534 449
534 469
534 492
534 516
534 551
534 563
535 22
535 87
535 102
535 144
535 158
535 257
535 268
535 358
535 370
535 384
536 55
536 144
536 230
536 363
536 537
537 155
537 159
537 242
537 277
537 290
537 345
537 536
537 557
537 578
538 5
538 19
538 123
538 166
538 201
538 329
538 358
538 424
538 497
538 599
539 27
539 32
539 37
539 47
539 69
539 195
539 220
539 224
539 317
539 319
539 483
539 520
539 542
540 4
540 10
540 28
540 55
540 105
540 115
540 226
540 258
540 385
540 423
541 66
541 111
541 134
541 135
541 190
541 208
541 227
541 229
541 250
541 275
541 594
542 244
542 274
542 275
542 372
542 430
542 436
542 539
542 548
543 299
543 321
543 377
543 447
544 18
544 43
544 127
544 285
544 323
544 370
544 399
545 42
545 62
545 119
545 127
545 128
545 211
545 252
545 311
545 318
545 588
546 13
546 20
546 49
546 58
546 157
546 202
546 211
546 235
546 300
546 313
546 383
546 409
546 567
547 8
547 66
547 157
547 230
547 238
547 251
547 287
547 307
547 361
547 377
547 583
548 248
548 285
548 327
548 365
548 410
548 542
548 576
549 76
549 79
549 110
549 136
549 203
549 231
549 269
549 305
549 321
549 400
549 401
549 513
549 584
549 595
550 63
550 89
550 119
550 156
550 313
550 363
550 421
550 527
551 31
551 217
551 248
551 511
551 534
552 41
552 49
552 214
552 231
552 271
552 453
552 463
552 559
552 595
553 6
553 7
553 41
553 139
553 176
553 229
553 237
553 241
554 60
554 182
554 249
554 444
554 458
554 478
554 555
555 109
555 155
555 422
555 554
556 41
556 106
556 119
556 135
556 410
556 420
556 509
556 519
556 595
557 35
557 69
557 166
557 450
557 537
558 44
558 60
558 118
558 160
558 193
558 221
558 290
558 370
559 32
559 106
559 166
559 350
559 519
559 552
560 70
560 74
560 103
560 119
560 233
560 237
560 412
560 441
560 469
560 567
560 577
560 593
561 54
561 70
561 111
561 117
561 227
561 311
561 321
561 378
561 385
561 415
561 436
561 485
561 563
562 1
562 58
562 148
562 261
562 331
562 378
562 419
562 484
562 512
563 16
563 105
563 151
563 173
563 447
563 449
563 534
563 561
564 35
564 61
564 74
564 106
564 127
564 364
564 379
564 402
564 516
564 574
564 584
564 599
565 184
565 198
565 210
565 289
565 467
565 569
566 109
566 136
566 205
566 234
566 267
566 290
566 295
566 339
567 42
567 88
567 130
567 143
567 264
567 375
567 376
567 389
567 416
567 441
567 482
567 546
567 560
567 590
568 48
568 118
568 154
568 318
568 367
568 439
568 569
569 32
569 140
569 203
569 236
569 258
569 306
569 386
569 393
569 465
569 565
569 568
570 34
570 37
570 192
570 232
570 315
570 382
570 484
571 43
571 52
571 79
571 152
571 317
571 332
571 337
571 386
571 417
571 432
571 489
572 23
572 245
572 271
572 289
572 368
572 424
572 436
573 52
573 178
573 422
573 462
574 28
574 124
574 158
574 172
574 217
574 252
574 299
574 318
574 340
574 350
574 353
574 378
574 394
574 417
574 499
574 522
574 564
575 26
575 27
575 136
575 246
575 261
575 282
575 322
575 328
575 334
575 335
575 379
575 435
575 476
576 30
576 51
576 61
576 96
576 107
576 178
576 201
576 284
576 290
576 332
576 376
576 379
576 405
576 548
576 595
577 1
577 4
577 80
577 158
577 189
577 328
577 367
577 499
577 560
577 578
578 89
578 173
578 186
578 191
578 284
578 289
578 420
578 426
578 427
578 537
578 577
578 586
579 93
579 130
579 180
579 206
579 358
579 438
580 209
580 265
580 306
580 373
580 382
580 527
581 61
581 124
581 134
581 270
581 432
581 454
581 497
581 499
581 500
582 150
582 462
582 493
583 60
583 97
583 286
583 340
583 343
583 380
583 416
583 418
583 432
583 547
584 31
584 45
584 102
584 137
584 166
584 193
584 197
584 294
584 326
584 345
584 404
584 428
584 443
584 501
584 549
584 564
585 107
585 114
585 346
585 434
585 499
585 599
586 21
586 73
586 94
586 302
586 333
586 373
586 414
586 578
587 218
587 242
587 340
587 463
587 499
587 524
587 591
587 594
588 66
588 68
588 111
588 121
588 337
588 399
588 441
588 545
589 3
589 6
589 97
589 239
589 366
589 383
589 503
589 514
589 533
590 152
590 309
590 412
590 439
590 486
590 567
590 591
591 191
591 214
591 275
591 283
591 350
591 353
591 365
591 453
591 465
591 487
591 587
591 590
592 20
592 24
592 33
592 36
592 119
592 132
592 212
592 323
592 328
592 365
593 1
593 71
593 109
593 226
593 246
593 443
593 445
593 451
593 458
593 489
593 531
593 560
594 111
594 253
594 260
594 288
594 290
594 343
594 357
594 456
594 522
594 541
594 587
595 91
595 103
595 179
595 260
595 276
595 325
595 354
595 356
595 549
595 552
595 556
595 576
596 12
596 27
596 59
596 67
596 135
596 153
596 174
596 259
596 461
597 19
597 159
597 231
597 233
597 365
597 391
597 527
598 20
598 60
598 113
598 118
598 147
598 271
598 318
598 346
598 378
598 442
598 473
599 57
599 80
599 96
599 146
599 237
599 436
599 439
599 455
599 468
599 495
599 538
599 564
599 585
