0 24
1 20
2 17
3 27
4 29
5 29
6 25
7 18
8 23
9 27
10 16
11 23
12 20
13 21
14 21
15 23
16 20
17 22
18 26
19 31
20 21
21 25
22 14
23 30
24 28
25 30
26 18
27 25
28 19
29 27
30 29
31 26
32 21
33 27
34 23
35 15
36 20
37 20
38 19
39 22
40 22
41 28
42 22
43 23
44 22
45 26
46 20
47 19
48 17
49 28
50 20
51 22
52 26
53 25
54 24
55 25
56 25
57 17
58 21
59 24
60 20
61 27
62 31
63 22
64 24
65 22
66 24
67 22
68 20
69 20
70 28
71 18
72 19
73 19
74 19
75 30
76 18
77 25
78 25
79 21
80 21
81 25
82 20
83 29
84 23
85 31
86 22
87 32
88 25
89 25
90 22
91 22
92 19
93 26
94 18
95 17
96 21
97 14
98 30
99 28
100 23
101 24
102 24
103 15
104 21
105 19
106 24
107 21
108 26
109 25
110 22
111 25
112 19
113 17
114 16
115 24
116 22
117 24
118 20
119 21
120 26
121 22
122 21
123 20
124 29
125 25
126 33
127 25
128 27
129 20
130 25
131 25
132 23
133 21
134 18
135 26
136 27
137 24
138 19
139 28
140 18
141 19
142 23
143 18
144 22
145 23
146 15
147 25
148 21
149 23
150 17
151 24
152 23
153 25
154 30
155 19
156 22
157 21
158 22
159 22
160 21
161 22
162 27
163 26
164 23
165 27
166 19
167 20
168 16
169 27
170 22
171 22
172 28
173 27
174 17
175 29
176 28
177 29
178 20
179 28
180 28
181 29
182 23
183 26
184 26
185 26
186 18
187 22
188 23
189 17
190 25
191 26
192 22
193 18
194 16
195 23
196 32
197 27
198 22
199 27
200 16
201 27
202 24
203 23
204 21
205 29
206 22
207 30
208 23
209 19
210 22
211 17
212 14
213 21
214 22
215 27
216 27
217 14
218 19
219 26
220 22
221 24
222 28
223 23
224 20
225 25
226 18
227 16
228 30
229 27
230 24
231 19
232 17
233 24
234 21
235 15
236 25
237 30
238 34
239 14
240 28
241 26
242 29
243 18
244 17
245 18
246 23
247 28
248 21
249 30
250 23
251 26
252 29
253 19
254 22
255 26
256 21
257 25
258 29
259 19
260 22
261 25
262 27
263 23
264 24
265 31
266 21
267 13
268 17
269 22
270 22
271 24
272 26
273 20
274 25
275 28
276 23
277 26
278 24
279 25
280 23
281 22
282 26
283 28
284 23
285 23
286 24
287 25
288 25
289 25
290 24
291 26
292 20
293 21
294 20
295 32
296 28
297 22
298 23
299 24
300 24
301 23
302 27
303 23
304 15
305 23
306 26
307 24
308 21
309 25
310 18
311 26
312 19
313 23
314 23
315 23
316 21
317 21
318 22
319 23
320 28
321 23
322 27
323 23
324 22
325 26
326 14
327 20
328 17
329 25
330 24
331 20
332 27
333 20
334 19
335 26
336 21
337 19
338 19
339 20
340 19
341 20
342 25
343 27
344 12
345 24
346 25
347 30
348 18
349 17
350 25
351 21
352 19
353 20
354 22
355 22
356 25
357 16
358 25
359 21
360 19
361 30
362 32
363 25
364 18
365 28
366 29
367 29
368 29
369 26
370 23
371 23
372 32
373 27
374 17
375 21
376 30
377 29
378 24
379 18
380 23
381 23
382 24
383 25
384 22
385 29
386 30
387 16
388 26
389 32
390 28
391 18
392 22
393 21
394 26
395 20
396 32
397 27
398 18
399 19
400 17
401 16
402 36
403 20
404 24
405 19
406 23
407 23
408 25
409 27
410 19
411 18
412 19
413 22
414 24
415 28
416 15
417 19
418 30
419 22
420 21
421 22
422 23
423 20
424 26
425 18
426 16
427 30
428 16
429 23
430 19
431 26
432 20
433 22
434 25
435 13
436 24
437 19
438 22
439 21
440 22
441 27
442 23
443 20
444 24
445 21
446 24
447 18
448 18
449 24
450 24
451 20
452 25
453 16
454 31
455 31
456 27
457 21
458 23
459 18
460 23
461 21
462 21
463 20
464 21
465 19
466 21
467 22
468 18
469 14
470 21
471 23
472 21
473 23
474 29
475 23
476 27
477 24
478 25
479 21
480 23
481 27
482 26
483 24
484 21
485 25
486 28
487 21
488 20
489 24
490 19
491 27
492 17
493 17
494 25
495 22
496 19
497 30
498 28
499 25
