0 106
1 126
2 92
3 110
4 119
5 104
6 97
7 93
8 99
9 120
10 110
11 100
12 107
13 117
14 92
15 91
16 108
17 110
18 94
19 70
20 95
21 86
22 67
23 82
24 103
25 95
26 81
27 66
28 89
29 48
30 68
31 46
32 66
33 68
34 53
35 87
36 58
37 55
38 58
39 45
40 58
41 79
42 42
43 49
44 48
45 63
46 53
47 64
48 55
49 54
50 52
51 59
52 65
53 49
54 63
55 40
56 51
57 48
58 48
59 29
60 31
61 30
62 55
63 32
64 27
65 38
66 50
67 39
68 64
69 53
70 30
71 28
72 47
73 65
74 40
75 26
76 36
77 33
78 37
79 43
80 38
81 43
82 41
83 47
84 33
85 30
86 28
87 45
88 51
89 36
90 42
91 29
92 31
93 33
94 34
95 35
96 28
97 35
98 32
99 46
100 32
101 31
102 42
103 50
104 26
105 32
106 25
107 31
108 31
109 31
110 41
111 24
112 27
113 38
114 22
115 30
116 45
117 35
118 30
119 33
120 30
121 25
122 32
123 33
124 28
125 40
126 21
127 25
128 29
129 28
130 42
131 44
132 35
133 17
134 29
135 27
136 43
137 29
138 31
139 28
140 35
141 28
142 27
143 31
144 29
145 26
146 26
147 22
148 36
149 33
150 33
151 22
152 26
153 27
154 25
155 28
156 29
157 27
158 24
159 39
160 19
161 30
162 25
163 30
164 26
165 28
166 24
167 23
168 29
169 25
170 22
171 25
172 24
173 22
174 28
175 23
176 29
177 32
178 35
179 29
180 28
181 18
182 26
183 24
184 22
185 27
186 26
187 26
188 27
189 32
190 23
191 30
192 19
193 23
194 26
195 23
196 22
197 24
198 20
199 25
200 29
201 25
202 18
203 25
204 29
205 19
206 20
207 17
208 16
209 24
210 19
211 23
212 23
213 18
214 17
215 21
216 20
217 21
218 16
219 20
220 24
221 29
222 20
223 23
224 22
225 22
226 20
227 23
228 22
229 21
230 23
231 22
232 21
233 22
234 25
235 20
236 20
237 23
238 22
239 20
240 25
241 30
242 23
243 22
244 19
245 23
246 23
247 19
248 21
249 22
250 22
251 25
252 24
253 22
254 23
255 22
256 19
257 20
258 16
259 18
260 25
261 21
262 15
263 22
264 20
265 21
266 19
267 21
268 20
269 20
270 24
271 21
272 21
273 19
274 20
275 18
276 19
277 25
278 21
279 21
280 18
281 18
282 18
283 17
284 19
285 20
286 21
287 18
288 23
289 16
290 20
291 19
292 17
293 17
294 19
295 17
296 20
297 21
298 23
299 23
300 22
301 17
302 17
303 15
304 19
305 17
306 24
307 19
308 18
309 20
310 19
311 15
312 18
313 25
314 17
315 17
316 19
317 17
318 23
319 17
320 19
321 22
322 19
323 24
324 18
325 20
326 20
327 16
328 22
329 16
330 14
331 18
332 17
333 19
334 18
335 15
336 17
337 21
338 17
339 18
340 17
341 21
342 24
343 18
344 17
345 17
346 18
347 21
348 17
349 15
350 15
351 20
352 19
353 19
354 20
355 21
356 17
357 16
358 16
359 18
360 14
361 17
362 17
363 19
364 17
365 15
366 17
367 17
368 17
369 15
370 20
371 16
372 17
373 15
374 14
375 17
376 17
377 16
378 14
379 16
380 17
381 14
382 14
383 15
384 15
385 17
386 18
387 19
388 17
389 17
390 15
391 16
392 19
393 14
394 17
395 18
396 15
397 17
398 17
399 16
400 22
401 17
402 19
403 16
404 14
405 18
406 16
407 16
408 17
409 18
410 15
411 17
412 17
413 16
414 14
415 16
416 15
417 17
418 16
419 14
420 16
421 15
422 14
423 15
424 18
425 16
426 14
427 15
428 16
429 16
430 14
431 15
432 15
433 15
434 14
435 18
436 16
437 16
438 14
439 15
440 15
441 18
442 15
443 14
444 14
445 15
446 15
447 15
448 16
449 15
450 14
451 16
452 16
453 15
454 16
455 18
456 17
457 17
458 15
459 15
460 15
461 16
462 15
463 15
464 14
465 16
466 14
467 18
468 16
469 14
470 14
471 14
472 14
473 14
474 14
475 14
476 15
477 15
478 15
479 15
480 15
481 15
482 14
483 14
484 14
485 15
486 14
487 15
488 14
489 14
490 15
491 15
492 14
493 15
494 14
495 15
496 14
497 15
498 14
499 14
