0 17
1 20
2 19
3 13
4 30
5 26
6 12
7 19
8 22
9 28
10 26
11 23
12 16
13 25
14 19
15 19
16 17
17 24
18 26
19 17
20 27
21 27
22 16
23 26
24 18
25 18
26 21
27 26
28 22
29 29
30 26
31 19
32 19
33 29
34 29
35 19
36 28
37 28
38 21
39 17
40 17
41 19
42 24
43 27
44 26
45 27
46 28
47 28
48 18
49 27
50 21
51 26
52 17
53 17
54 19
55 21
56 32
57 27
58 19
59 25
60 23
61 26
62 16
63 25
64 27
65 22
66 23
67 24
68 27
69 29
70 18
71 14
72 22
73 24
74 18
75 24
76 24
77 21
78 23
79 23
80 24
81 28
82 20
83 30
84 22
85 19
86 22
87 27
88 24
89 26
90 27
91 25
92 19
93 24
94 25
95 31
96 22
97 28
98 19
99 30
100 32
101 21
102 23
103 18
104 23
105 23
106 22
107 18
108 17
109 22
110 26
111 26
112 22
113 15
114 23
115 19
116 26
117 21
118 28
119 19
120 22
121 22
122 23
123 27
124 17
125 27
126 20
127 29
128 26
129 19
130 33
131 24
132 19
133 29
134 23
135 23
136 24
137 16
138 18
139 25
140 20
141 21
142 28
143 25
144 24
145 23
146 26
147 20
148 26
149 17
150 16
151 20
152 21
153 26
154 20
155 26
156 28
157 18
158 27
159 19
160 23
161 30
162 20
163 25
164 16
165 18
166 23
167 21
168 21
169 19
170 14
171 28
172 22
173 26
174 28
175 24
176 29
177 20
178 22
179 16
180 25
181 25
182 27
183 25
184 23
185 17
186 17
187 19
188 19
189 27
190 24
191 19
192 37
193 20
194 12
195 22
196 34
197 27
198 28
199 20
200 22
201 19
202 20
203 16
204 24
205 25
206 28
207 14
208 28
209 21
210 26
211 24
212 23
213 28
214 22
215 19
216 16
217 18
218 25
219 22
220 18
221 21
222 21
223 26
224 22
225 18
226 25
227 17
228 17
229 24
230 30
231 26
232 19
233 26
234 17
235 16
236 20
237 28
238 20
239 24
240 22
241 22
242 33
243 26
244 20
245 16
246 23
247 28
248 21
249 26
250 26
251 18
252 30
253 23
254 28
255 31
256 26
257 22
258 18
259 15
260 23
261 22
262 26
263 23
264 26
265 26
266 25
267 16
268 23
269 26
270 23
271 16
272 24
273 18
274 23
275 17
276 15
277 18
278 31
279 20
280 20
281 18
282 25
283 24
284 19
285 22
286 24
287 31
288 20
289 25
290 28
291 18
292 20
293 23
294 25
295 30
296 24
297 21
298 21
299 27
300 30
301 24
302 16
303 17
304 28
305 26
306 25
307 18
308 20
309 28
310 26
311 25
312 24
313 24
314 25
315 25
316 28
317 27
318 21
319 20
320 23
321 25
322 24
323 19
324 21
325 21
326 24
327 23
328 23
329 24
330 23
331 20
332 21
333 19
334 22
335 22
336 21
337 23
338 26
339 18
340 20
341 24
342 17
343 19
344 27
345 26
346 25
347 23
348 29
349 26
350 27
351 22
352 29
353 25
354 21
355 21
356 22
357 11
358 27
359 22
360 25
361 18
362 22
363 29
364 29
365 22
366 23
367 15
368 15
369 23
370 19
371 17
372 24
373 21
374 32
375 24
376 16
377 26
378 31
379 26
380 25
381 25
382 28
383 25
384 24
385 21
386 25
387 28
388 24
389 23
390 23
391 26
392 37
393 24
394 21
395 29
396 19
397 29
398 18
399 18
400 25
401 30
402 20
403 25
404 18
405 34
406 22
407 19
408 22
409 27
410 26
411 16
412 27
413 24
414 22
415 13
416 22
417 22
418 22
419 35
420 23
421 16
422 24
423 18
424 23
425 25
426 31
427 23
428 21
429 27
430 29
431 19
432 20
433 21
434 31
435 20
436 25
437 26
438 24
439 22
440 18
441 30
442 20
443 25
444 23
445 25
446 22
447 18
448 24
449 25
450 17
451 15
452 18
453 18
454 26
455 27
456 27
457 24
458 34
459 23
460 31
461 26
462 25
463 22
464 10
465 27
466 25
467 21
468 24
469 22
470 32
471 22
472 23
473 21
474 27
475 23
476 24
477 19
478 20
479 17
480 21
481 24
482 25
483 21
484 26
485 28
486 24
487 29
488 27
489 17
490 24
491 17
492 18
493 15
494 25
495 12
496 30
497 24
498 19
499 28
500 23
501 19
502 20
503 25
504 23
505 25
506 22
507 27
508 25
509 24
510 27
511 24
512 27
513 23
514 22
515 25
516 22
517 28
518 22
519 25
520 20
521 23
522 28
523 26
524 27
525 23
526 18
527 14
528 23
529 29
530 29
531 23
532 23
533 26
534 20
535 24
536 24
537 26
538 25
539 23
540 27
541 26
542 18
543 21
544 24
545 30
546 26
547 19
548 25
549 22
550 25
551 26
552 29
553 24
554 28
555 22
556 22
557 19
558 13
559 33
560 19
561 19
562 16
563 20
564 20
565 20
566 23
567 27
568 26
569 19
570 29
571 15
572 27
573 32
574 25
575 21
576 24
577 22
578 22
579 26
580 22
581 17
582 24
583 23
584 29
585 24
586 26
587 29
588 27
589 25
590 22
591 23
592 19
593 18
594 36
595 19
596 22
597 26
598 21
599 19
600 29
601 20
602 17
603 25
604 20
605 29
606 18
607 27
608 20
609 26
610 30
611 18
612 21
613 21
614 18
615 21
616 31
617 23
618 22
619 21
620 24
621 24
622 21
623 31
624 23
625 21
626 20
627 26
628 23
629 31
630 25
631 24
632 22
633 18
634 18
635 21
636 27
637 21
638 20
639 24
640 22
641 22
642 22
643 26
644 29
645 14
646 21
647 31
648 20
649 20
650 26
651 17
652 23
653 24
654 27
655 24
656 26
657 22
658 25
659 25
660 14
661 17
662 19
663 23
664 27
665 27
666 35
667 18
668 22
669 18
670 21
671 18
672 33
673 26
674 22
675 23
676 26
677 23
678 19
679 21
680 18
681 19
682 21
683 26
684 17
685 21
686 24
687 24
688 18
689 18
690 20
691 23
692 26
693 18
694 25
695 23
696 29
697 22
698 30
699 21
