0 17
1 27
2 28
3 35
4 34
5 33
6 21
7 23
8 30
9 32
10 37
11 34
12 25
13 25
14 24
15 32
16 29
17 30
18 31
19 38
20 24
21 27
22 26
23 26
24 30
25 32
26 19
27 32
28 33
29 28
30 29
31 23
32 26
33 32
34 31
35 34
36 35
37 35
38 30
39 22
40 25
41 39
42 36
43 20
44 28
45 30
46 32
47 37
48 32
49 32
50 27
51 29
52 20
53 35
54 19
55 28
56 27
57 34
58 31
59 26
60 22
61 27
62 35
63 42
64 22
65 28
66 24
67 20
68 32
69 47
70 24
71 34
72 27
73 33
74 28
75 26
76 22
77 30
78 32
79 34
80 31
81 27
82 26
83 34
84 21
85 37
86 26
87 24
88 30
89 35
90 31
91 33
92 30
93 25
94 40
95 28
96 31
97 37
98 19
99 28
100 28
101 33
102 27
103 34
104 37
105 28
106 40
107 23
108 18
109 19
110 22
111 28
112 35
113 20
114 30
115 38
116 31
117 36
118 23
119 21
120 32
121 22
122 30
123 26
124 31
125 26
126 42
127 30
128 23
129 21
130 17
131 33
132 38
133 23
134 38
135 30
136 32
137 33
138 36
139 32
140 29
141 33
142 34
143 28
144 19
145 27
146 27
147 26
148 45
149 26
150 28
151 39
152 22
153 28
154 33
155 32
156 26
157 34
158 34
159 22
160 29
161 27
162 35
163 27
164 31
165 31
166 29
167 32
168 33
169 29
170 26
171 21
172 30
173 32
174 43
175 23
176 20
177 24
178 33
179 28
180 32
181 20
182 32
183 34
184 34
185 42
186 38
187 28
188 35
189 23
190 36
191 30
192 32
193 31
194 28
195 42
196 36
197 31
198 26
199 27
200 30
201 27
202 26
203 25
204 37
205 31
206 18
207 47
208 32
209 39
210 21
211 30
212 14
213 18
214 30
215 22
216 21
217 31
218 29
219 24
220 26
221 36
222 29
223 21
224 33
225 33
226 24
227 26
228 28
229 31
230 29
231 30
232 33
233 27
234 30
235 29
236 25
237 26
238 35
239 23
240 21
241 28
242 24
243 24
244 24
245 41
246 32
247 42
248 22
249 34
250 23
251 15
252 30
253 27
254 37
255 20
256 21
257 17
258 31
259 21
260 25
261 22
262 36
263 28
264 35
265 29
266 31
267 28
268 33
269 35
270 26
271 29
272 26
273 23
274 22
275 37
276 35
277 25
278 27
279 32
280 32
281 31
282 26
283 33
284 29
285 32
286 29
287 28
288 24
289 23
290 32
291 33
292 34
293 31
294 35
295 24
296 28
297 30
298 27
299 25
300 27
301 32
302 27
303 31
304 25
305 37
306 30
307 30
308 30
309 26
310 28
311 29
312 29
313 30
314 19
315 28
316 45
317 29
318 29
319 21
320 40
321 26
322 27
323 29
324 28
325 23
326 25
327 34
328 39
329 30
330 19
331 27
332 25
333 32
334 24
335 29
336 21
337 27
338 22
339 23
340 39
341 25
342 38
343 22
344 22
345 33
346 30
347 32
348 25
349 29
350 24
351 38
352 32
353 21
354 31
355 27
356 26
357 24
358 28
359 21
360 28
361 36
362 37
363 26
364 25
365 33
366 23
367 24
368 32
369 21
370 28
371 33
372 38
373 37
374 29
375 30
376 24
377 23
378 29
379 23
380 25
381 31
382 38
383 25
384 27
385 33
386 31
387 19
388 24
389 28
390 24
391 31
392 22
393 41
394 18
395 32
396 29
397 38
398 26
399 40
400 25
401 28
402 33
403 33
404 27
405 36
406 29
407 23
408 44
409 25
410 25
411 24
412 30
413 27
414 37
415 43
416 31
417 22
418 21
419 34
420 30
421 27
422 23
423 32
424 30
425 24
426 25
427 31
428 23
429 23
430 35
431 28
432 46
433 33
434 20
435 33
436 35
437 26
438 34
439 28
440 28
441 25
442 27
443 32
444 35
445 34
446 35
447 27
448 27
449 29
450 26
451 30
452 31
453 41
454 39
455 31
456 22
457 42
458 34
459 24
460 20
461 27
462 29
463 28
464 28
465 36
466 30
467 23
468 29
469 27
470 18
471 29
472 30
473 31
474 28
475 22
476 25
477 23
478 24
479 43
480 34
481 23
482 34
483 37
484 33
485 31
486 29
487 24
488 28
489 30
490 34
491 25
492 19
493 24
494 23
495 23
496 36
497 30
498 28
499 35
500 31
501 24
502 25
503 27
504 31
505 27
506 24
507 24
508 24
509 20
510 34
511 23
512 31
513 33
514 23
515 37
516 28
517 23
518 32
519 30
520 31
521 31
522 29
523 24
524 30
525 29
526 25
527 25
528 21
529 31
530 16
531 23
532 32
533 28
534 36
535 28
536 23
537 26
538 29
539 23
540 38
541 32
542 37
543 28
544 37
545 22
546 32
547 30
548 25
549 36
550 25
551 28
552 35
553 27
554 30
555 25
556 37
557 33
558 25
559 25
560 32
561 29
562 28
563 30
564 35
565 39
566 23
567 29
568 37
569 37
570 22
571 34
572 29
573 26
574 31
575 21
576 40
577 24
578 26
579 23
580 27
581 30
582 27
583 18
584 33
585 24
586 23
587 41
588 33
589 24
590 29
591 25
592 24
593 31
594 25
595 28
596 32
597 21
598 38
599 31
600 31
601 28
602 26
603 30
604 19
605 26
606 29
607 36
608 24
609 27
610 32
611 25
612 35
613 34
614 30
615 38
616 26
617 38
618 28
619 29
620 35
621 31
622 32
623 39
624 29
625 25
626 30
627 31
628 27
629 36
630 30
631 27
632 32
633 24
634 29
635 26
636 33
637 29
638 23
639 23
640 34
641 20
642 19
643 26
644 23
645 29
646 26
647 36
648 23
649 22
650 35
651 32
652 25
653 30
654 29
655 27
656 38
657 34
658 32
659 31
660 24
661 30
662 28
663 33
664 35
665 35
666 35
667 30
668 28
669 22
670 37
671 25
672 28
673 35
674 23
675 23
676 32
677 28
678 27
679 32
680 38
681 28
682 22
683 23
684 27
685 34
686 33
687 24
688 29
689 36
690 32
691 32
692 33
693 29
694 28
695 21
696 29
697 24
698 24
699 26
700 27
701 24
702 28
703 37
704 28
705 33
706 31
707 31
708 23
709 27
710 24
711 26
712 29
713 32
714 24
715 25
716 29
717 29
718 25
719 36
720 29
721 25
722 22
723 23
724 23
725 33
726 18
727 32
728 27
729 31
730 36
731 35
732 26
733 22
734 26
735 26
736 27
737 28
738 37
739 31
740 31
741 31
742 35
743 37
744 35
745 21
746 25
747 25
748 14
749 22
750 34
751 25
752 23
753 27
754 38
755 25
756 27
757 38
758 33
759 33
760 27
761 28
762 34
763 29
764 33
765 35
766 25
767 26
768 32
769 24
770 26
771 26
772 28
773 15
774 24
775 28
776 21
777 26
778 39
779 25
780 18
781 28
782 20
783 32
784 23
785 33
786 27
787 32
788 23
789 26
790 32
791 19
792 24
793 29
794 36
795 28
796 35
797 45
798 27
799 41
800 32
801 26
802 34
803 29
804 35
805 16
806 34
807 38
808 16
809 20
810 27
811 26
812 30
813 29
814 23
815 25
816 32
817 27
818 32
819 35
820 31
821 25
822 18
823 29
824 33
825 47
826 23
827 20
828 27
829 29
830 33
831 25
832 32
833 31
834 23
835 36
836 19
837 21
838 24
839 23
840 42
841 24
842 24
843 27
844 38
845 26
846 23
847 18
848 25
849 23
850 26
851 28
852 29
853 28
854 22
855 33
856 32
857 22
858 29
859 27
860 28
861 36
862 26
863 26
864 30
865 18
866 23
867 29
868 25
869 21
870 34
871 27
872 32
873 32
874 16
875 22
876 34
877 29
878 34
879 35
880 27
881 35
882 28
883 26
884 18
885 23
886 31
887 24
888 35
889 25
890 42
891 25
892 29
893 37
894 28
895 24
896 29
897 38
898 27
899 33
