0 93
1 107
2 107
3 103
4 113
5 110
6 90
7 92
8 105
9 71
10 129
11 104
12 150
13 111
14 113
15 134
16 115
17 107
18 121
19 90
20 123
21 108
22 121
23 113
24 70
25 113
26 59
27 58
28 89
29 91
30 89
31 57
32 70
33 53
34 86
35 70
36 61
37 66
38 79
39 80
40 57
41 46
42 67
43 61
44 76
45 49
46 78
47 64
48 74
49 46
50 58
51 44
52 65
53 40
54 46
55 34
56 54
57 54
58 61
59 59
60 60
61 51
62 41
63 50
64 55
65 44
66 43
67 56
68 41
69 48
70 35
71 41
72 51
73 47
74 39
75 41
76 47
77 39
78 33
79 36
80 49
81 26
82 35
83 53
84 62
85 46
86 38
87 42
88 36
89 39
90 27
91 34
92 33
93 47
94 51
95 50
96 29
97 44
98 35
99 42
100 41
101 26
102 47
103 36
104 35
105 37
106 25
107 40
108 50
109 36
110 47
111 43
112 43
113 23
114 43
115 42
116 31
117 27
118 34
119 38
120 21
121 30
122 48
123 47
124 33
125 32
126 29
127 29
128 36
129 40
130 48
131 32
132 32
133 26
134 28
135 31
136 24
137 28
138 30
139 29
140 30
141 28
142 31
143 41
144 27
145 31
146 39
147 36
148 36
149 33
150 29
151 32
152 33
153 47
154 36
155 30
156 28
157 24
158 34
159 24
160 32
161 33
162 28
163 34
164 27
165 41
166 27
167 28
168 32
169 29
170 25
171 38
172 25
173 20
174 30
175 18
176 34
177 29
178 21
179 26
180 23
181 35
182 24
183 25
184 29
185 19
186 28
187 28
188 24
189 28
190 32
191 25
192 29
193 29
194 28
195 32
196 24
197 25
198 35
199 23
200 33
201 20
202 23
203 22
204 30
205 27
206 30
207 23
208 23
209 24
210 21
211 33
212 27
213 32
214 33
215 38
216 21
217 31
218 27
219 24
220 19
221 20
222 24
223 23
224 20
225 31
226 24
227 16
228 24
229 31
230 22
231 33
232 22
233 21
234 24
235 23
236 26
237 23
238 36
239 25
240 29
241 22
242 27
243 24
244 33
245 19
246 23
247 25
248 28
249 22
250 19
251 25
252 21
253 21
254 25
255 28
256 23
257 29
258 20
259 14
260 24
261 28
262 18
263 19
264 28
265 28
266 21
267 30
268 26
269 22
270 27
271 21
272 21
273 22
274 18
275 26
276 18
277 20
278 26
279 23
280 22
281 22
282 21
283 27
284 27
285 22
286 25
287 17
288 23
289 26
290 20
291 28
292 19
293 17
294 15
295 22
296 24
297 29
298 21
299 16
300 24
301 25
302 22
303 19
304 24
305 17
306 20
307 25
308 22
309 19
310 22
311 18
312 19
313 18
314 27
315 24
316 19
317 25
318 21
319 18
320 15
321 18
322 20
323 20
324 17
325 20
326 18
327 19
328 18
329 20
330 30
331 21
332 18
333 23
334 16
335 17
336 18
337 21
338 22
339 25
340 20
341 20
342 22
343 20
344 16
345 19
346 18
347 21
348 24
349 20
350 19
351 17
352 20
353 21
354 19
355 16
356 20
357 15
358 24
359 19
360 17
361 24
362 18
363 17
364 19
365 23
366 25
367 22
368 22
369 17
370 23
371 19
372 23
373 18
374 19
375 21
376 17
377 18
378 17
379 18
380 13
381 18
382 18
383 16
384 20
385 21
386 19
387 16
388 20
389 18
390 17
391 19
392 17
393 22
394 17
395 18
396 17
397 14
398 18
399 16
400 22
401 20
402 16
403 16
404 17
405 15
406 16
407 20
408 17
409 17
410 20
411 22
412 16
413 22
414 20
415 16
416 15
417 14
418 16
419 20
420 20
421 21
422 16
423 15
424 17
425 22
426 17
427 15
428 18
429 16
430 20
431 19
432 18
433 15
434 19
435 20
436 16
437 16
438 18
439 16
440 16
441 19
442 16
443 16
444 17
445 16
446 17
447 15
448 19
449 15
450 17
451 16
452 14
453 16
454 20
455 19
456 19
457 16
458 19
459 16
460 15
461 16
462 20
463 17
464 20
465 18
466 16
467 17
468 17
469 17
470 15
471 16
472 16
473 16
474 15
475 18
476 17
477 15
478 15
479 16
480 15
481 16
482 14
483 15
484 18
485 15
486 17
487 14
488 18
489 15
490 17
491 16
492 17
493 18
494 16
495 14
496 16
497 17
498 17
499 18
500 16
501 18
502 18
503 16
504 16
505 15
506 15
507 16
508 16
509 16
510 14
511 19
512 16
513 16
514 18
515 15
516 15
517 17
518 16
519 15
520 17
521 16
522 17
523 16
524 15
525 14
526 17
527 17
528 17
529 16
530 20
531 13
532 14
533 15
534 16
535 14
536 15
537 18
538 15
539 15
540 18
541 17
542 16
543 16
544 16
545 15
546 15
547 14
548 13
549 18
550 16
551 15
552 17
553 15
554 18
555 16
556 14
557 16
558 16
559 16
560 15
561 18
562 15
563 15
564 16
565 15
566 15
567 15
568 16
569 17
570 15
571 15
572 16
573 16
574 15
575 15
576 15
577 16
578 15
579 15
580 15
581 15
582 15
583 16
584 15
585 15
586 14
587 15
588 15
589 15
590 16
591 15
592 15
593 14
594 14
595 14
596 15
597 15
598 14
599 15
