0 19
1 25
2 25
3 19
4 25
5 15
6 23
7 28
8 18
9 20
10 32
11 26
12 18
13 22
14 23
15 23
16 24
17 19
18 24
19 16
20 25
21 28
22 24
23 31
24 20
25 25
26 13
27 11
28 21
29 21
30 27
31 35
32 32
33 19
34 30
35 36
36 23
37 22
38 15
39 21
40 18
41 30
42 23
43 23
44 31
45 27
46 24
47 26
48 19
49 22
50 16
51 28
52 25
53 22
54 17
55 27
56 33
57 27
58 37
59 29
60 20
61 25
62 34
63 18
64 31
65 26
66 19
67 28
68 24
69 26
70 22
71 14
72 19
73 24
74 20
75 16
76 17
77 17
78 20
79 25
80 20
81 28
82 24
83 25
84 18
85 25
86 21
87 18
88 24
89 28
90 21
91 19
92 21
93 19
94 24
95 19
96 27
97 36
98 34
99 26
100 23
101 29
102 25
103 21
104 25
105 34
106 27
107 18
108 15
109 26
110 21
111 25
112 21
113 16
114 13
115 15
116 16
117 23
118 20
119 16
120 16
121 23
122 28
123 16
124 16
125 22
126 22
127 23
128 19
129 18
130 17
131 24
132 29
133 25
134 17
135 22
136 25
137 15
138 22
139 25
140 24
141 17
142 26
143 24
144 27
145 23
146 17
147 27
148 22
149 25
150 20
151 26
152 21
153 27
154 24
155 23
156 33
157 24
158 22
159 31
160 23
161 31
162 17
163 19
164 22
165 18
166 28
167 21
168 16
169 17
170 25
171 17
172 27
173 20
174 24
175 22
176 20
177 14
178 35
179 29
180 23
181 17
182 20
183 25
184 24
185 15
186 33
187 26
188 22
189 30
190 28
191 32
192 18
193 23
194 31
195 15
196 25
197 20
198 24
199 18
200 22
201 32
202 17
203 22
204 25
205 25
206 31
207 15
208 20
209 30
210 28
211 19
212 16
213 19
214 20
215 13
216 22
217 17
218 23
219 25
220 22
221 14
222 20
223 27
224 24
225 27
226 24
227 21
228 17
229 16
230 19
231 25
232 17
233 20
234 30
235 21
236 24
237 21
238 24
239 24
240 19
241 24
242 29
243 19
244 20
245 18
246 16
247 27
248 30
249 21
250 22
251 26
252 18
253 25
254 19
255 21
256 27
257 19
258 21
259 25
260 25
261 21
262 19
263 26
264 18
265 23
266 27
267 18
268 25
269 26
270 27
271 19
272 19
273 27
274 26
275 16
276 31
277 26
278 23
279 26
280 20
281 18
282 23
283 26
284 27
285 28
286 18
287 23
288 22
289 22
290 21
291 23
292 24
293 24
294 21
295 28
296 25
297 21
298 20
299 25
300 21
301 24
302 15
303 26
304 28
305 23
306 22
307 19
308 19
309 31
310 22
311 25
312 33
313 21
314 27
315 32
316 28
317 19
318 16
319 27
320 21
321 29
322 19
323 23
324 22
325 26
326 24
327 23
328 16
329 23
330 21
331 25
332 21
333 17
334 18
335 17
336 28
337 25
338 22
339 26
340 28
341 16
342 26
343 24
344 27
345 26
346 18
347 20
348 23
349 20
350 18
351 24
352 19
353 19
354 20
355 31
356 27
357 26
358 24
359 23
360 21
361 27
362 17
363 25
364 16
365 25
366 20
367 21
368 25
369 26
370 27
371 19
372 23
373 23
374 23
375 16
376 16
377 21
378 24
379 20
380 23
381 22
382 19
383 29
384 22
385 24
386 25
387 26
388 26
389 20
390 19
391 23
392 29
393 19
394 23
395 22
396 28
397 27
398 25
399 25
400 24
401 18
402 21
403 18
404 18
405 25
406 25
407 22
408 16
409 23
410 22
411 25
412 27
413 27
414 28
415 19
416 25
417 17
418 33
419 18
420 25
421 20
422 26
423 23
424 30
425 21
426 27
427 24
428 19
429 30
430 26
431 25
432 26
433 27
434 24
435 23
436 29
437 19
438 30
439 23
440 24
441 19
442 22
443 27
444 23
445 19
446 23
447 16
448 24
449 27
450 28
451 28
452 17
453 23
454 21
455 20
456 18
457 23
458 17
459 30
460 26
461 23
462 23
463 21
464 24
465 18
466 19
467 25
468 18
469 33
470 24
471 27
472 27
473 30
474 25
475 29
476 17
477 20
478 19
479 23
480 23
481 21
482 22
483 26
484 22
485 20
486 19
487 25
488 18
489 24
490 18
491 29
492 19
493 27
494 17
495 27
496 28
497 21
498 24
499 21
500 23
501 20
502 26
503 30
504 26
505 23
506 19
507 22
508 24
509 31
510 27
511 26
512 21
513 18
514 22
515 26
516 24
517 27
518 28
519 24
520 20
521 22
522 18
523 30
524 27
525 31
526 24
527 27
528 25
529 23
530 19
531 19
532 18
533 23
534 25
535 24
536 26
537 23
538 27
539 19
540 16
541 18
542 20
543 22
544 23
545 22
546 19
547 24
548 22
549 26
550 34
551 21
552 19
553 23
554 16
555 20
556 34
557 28
558 28
559 23
560 25
561 25
562 25
563 28
564 24
565 22
566 20
567 28
568 12
569 14
570 26
571 23
572 35
573 13
574 23
575 15
576 19
577 26
578 19
579 27
580 15
581 25
582 21
583 24
584 19
585 15
586 19
587 19
588 29
589 19
590 28
591 26
592 32
593 16
594 25
595 27
596 25
597 30
598 31
599 29
