0 112
0 320
0 338
0 512
0 514
0 608
0 661
1 47
1 141
1 156
1 213
1 371
1 422
1 452
1 567
1 598
2 13
2 33
2 36
2 60
2 241
2 393
2 394
2 516
2 551
2 556
2 642
2 652
3 38
3 249
3 382
3 497
3 509
3 549
3 601
3 675
4 79
4 86
4 129
4 209
4 211
4 228
4 264
4 337
4 345
4 379
4 540
4 544
4 548
4 625
4 695
5 57
5 64
5 142
5 187
5 284
5 352
5 374
5 442
5 470
5 542
5 587
5 615
5 654
6 273
6 365
6 383
6 412
6 459
6 474
6 597
6 609
6 663
7 129
7 131
7 272
7 313
7 319
7 336
7 341
7 343
7 430
7 590
7 633
8 88
8 237
8 254
8 300
8 301
8 330
8 353
8 368
8 491
8 608
8 613
9 112
9 232
9 314
9 329
9 418
9 493
9 579
9 620
9 636
10 127
10 150
10 181
10 279
10 565
10 607
11 56
11 145
11 352
11 375
11 444
11 498
12 215
12 241
12 273
12 534
12 618
12 640
13 2
13 66
13 126
13 157
13 168
13 263
13 285
13 378
13 405
13 529
13 576
14 46
14 96
14 278
14 291
14 346
14 369
14 379
14 392
14 530
14 555
14 661
14 696
15 31
15 124
15 184
15 277
15 483
15 616
15 642
15 644
16 60
16 66
16 274
16 443
16 460
16 490
16 532
16 538
16 565
16 592
16 678
17 136
17 188
17 327
17 482
17 598
17 611
17 623
18 259
18 355
18 377
18 620
18 664
19 125
19 219
19 246
19 249
19 300
19 366
19 661
20 56
20 80
20 82
20 146
20 209
20 354
20 431
20 566
20 575
20 691
21 33
21 73
21 126
21 135
21 337
21 417
21 445
21 583
21 608
21 669
21 688
21 697
22 65
22 121
22 185
22 437
22 598
23 58
23 153
23 185
23 192
23 244
23 264
23 286
23 380
23 517
23 559
23 596
24 419
24 429
24 439
24 441
24 505
24 551
24 686
25 88
25 282
25 335
25 357
25 359
25 362
25 479
25 495
25 559
25 562
25 587
25 642
26 41
26 61
26 101
26 105
26 161
26 337
26 382
26 554
26 682
27 172
27 320
27 328
27 384
27 413
27 679
28 169
28 174
28 234
28 246
28 260
28 266
28 302
28 436
28 474
28 482
28 504
28 528
28 570
28 629
28 672
29 39
29 136
29 298
29 434
29 510
29 665
30 136
30 314
30 329
30 342
30 369
30 475
30 484
30 662
31 15
31 53
31 234
31 316
31 359
31 495
31 512
31 565
31 610
32 56
32 96
32 132
32 156
32 217
32 225
32 304
32 315
32 355
32 393
32 443
32 456
32 601
32 625
32 629
32 633
33 2
33 21
33 70
33 125
33 306
33 377
33 505
34 53
34 208
34 270
34 306
34 337
34 439
34 554
34 558
34 604
34 697
35 116
35 173
35 313
35 323
35 487
35 493
35 677
36 2
36 143
36 221
36 262
36 266
36 355
36 364
36 447
36 460
36 575
36 594
36 648
37 75
37 178
37 316
37 563
37 623
37 665
37 675
38 3
38 46
38 76
38 116
38 507
38 529
38 591
38 599
38 605
38 662
39 29
39 109
39 117
39 134
39 197
39 206
39 310
39 337
39 345
39 358
39 506
39 518
39 613
40 81
40 90
40 145
40 151
40 161
40 200
40 249
40 286
40 325
40 350
40 363
40 374
40 396
40 465
40 477
40 483
40 487
40 511
40 658
41 26
41 50
41 375
41 509
41 624
41 689
42 51
42 251
42 444
42 446
42 558
42 599
42 637
43 96
43 101
43 287
43 358
43 366
43 398
43 438
43 537
43 579
44 99
44 118
44 164
44 288
44 411
44 674
44 693
45 73
45 199
45 294
45 333
45 391
45 423
45 428
45 460
45 534
45 573
45 621
45 666
46 14
46 38
46 67
46 305
46 438
46 453
46 555
46 639
47 1
47 228
47 334
47 339
47 367
47 395
47 456
47 520
47 694
48 79
48 132
48 192
48 222
48 245
48 269
48 381
48 498
48 539
48 644
49 115
49 284
49 300
49 400
49 471
49 584
49 608
49 650
50 41
50 61
50 156
50 221
50 419
50 518
50 598
51 42
51 220
51 240
51 479
51 617
51 671
52 67
52 94
52 262
52 303
52 364
52 471
52 504
52 580
52 594
52 668
52 679
53 31
53 34
53 84
53 85
53 135
53 351
53 355
53 360
53 388
53 408
53 474
53 477
53 501
53 549
53 564
53 572
54 108
54 119
54 123
54 165
54 187
54 262
54 280
54 351
54 514
54 670
55 162
55 168
55 311
55 337
55 384
55 591
55 664
56 11
56 20
56 32
56 180
56 236
56 307
56 579
56 605
56 644
57 5
57 59
57 72
57 245
57 273
57 300
57 414
57 454
57 545
57 568
57 603
57 621
57 664
58 23
58 60
58 245
58 273
58 415
58 486
58 646
58 648
58 690
59 57
59 95
59 110
59 178
59 278
59 309
59 336
59 354
59 641
59 691
60 2
60 16
60 58
60 151
60 229
60 270
60 569
61 26
61 50
61 63
61 416
61 430
61 469
61 505
61 514
61 559
61 619
62 87
62 135
62 268
62 294
62 353
62 369
62 491
62 642
62 674
63 61
63 178
63 355
63 365
63 377
63 426
63 451
63 528
63 573
63 606
63 625
64 5
64 141
64 253
64 258
64 276
64 360
64 455
64 531
64 679
65 22
65 109
65 199
65 204
65 272
65 310
65 423
65 525
65 540
66 13
66 16
66 75
66 107
66 136
66 143
66 296
66 390
66 432
66 467
67 46
67 52
67 87
67 159
67 214
67 381
67 425
67 442
67 494
67 521
67 529
67 531
68 109
68 137
68 177
68 248
68 388
68 515
68 548
69 107
69 148
69 176
69 188
69 195
69 309
69 421
69 463
69 474
69 495
69 588
69 642
70 33
70 129
70 159
70 212
70 346
70 385
70 404
70 441
70 459
70 476
70 527
70 589
70 622
70 656
70 690
71 460
71 522
71 531
71 649
72 57
72 93
72 104
72 244
72 304
72 318
72 325
72 382
72 466
72 493
72 562
73 21
73 45
73 108
73 195
73 204
73 241
73 257
73 291
73 361
73 395
73 437
73 473
73 532
73 566
73 654
73 678
74 166
74 178
74 237
74 260
74 298
74 306
74 313
74 598
75 37
75 66
75 158
75 248
75 381
75 412
75 495
76 38
76 178
76 425
76 460
76 608
76 623
77 158
77 247
77 332
77 536
77 571
77 593
78 158
78 167
78 254
78 271
78 276
78 438
78 584
78 626
78 649
78 678
79 4
79 48
79 137
79 206
79 295
79 402
79 437
79 458
79 496
79 662
79 679
80 20
80 146
80 160
80 275
80 323
80 413
80 682
81 40
81 123
81 493
81 553
81 561
81 615
81 647
82 20
82 113
82 144
82 157
82 242
82 301
82 424
82 545
82 601
83 188
83 210
83 265
83 302
83 303
83 345
83 454
83 572
83 641
83 674
83 677
83 681
84 53
84 169
84 311
84 355
84 492
84 585
84 647
85 53
85 112
85 158
85 192
85 307
85 318
85 378
85 439
85 519
85 549
85 557
85 613
86 4
86 140
86 152
86 322
86 353
86 357
86 394
86 426
86 435
86 450
86 586
86 607
86 634
87 62
87 67
87 142
87 169
87 201
87 232
87 254
87 427
87 478
87 524
87 699
88 8
88 25
88 122
88 123
88 147
88 152
88 186
88 188
88 270
88 308
88 414
88 452
88 474
88 549
88 599
88 617
88 638
89 103
89 230
89 242
89 333
89 362
89 414
89 428
89 465
89 467
89 469
89 487
89 513
89 533
89 540
89 554
89 589
89 649
89 676
90 40
90 197
90 217
90 359
90 371
90 406
90 629
91 98
91 103
91 214
91 222
91 271
91 379
91 612
91 635
91 657
91 677
92 97
92 257
92 579
92 586
93 72
93 272
93 318
93 343
93 365
93 533
94 52
94 117
94 272
94 297
94 341
94 345
94 410
94 471
94 497
95 59
95 181
95 273
95 365
95 370
95 388
95 395
95 405
95 484
95 561
95 597
95 605
95 632
95 685
96 14
96 32
96 43
96 124
96 290
96 366
96 511
96 529
96 544
96 693
97 92
97 199
97 291
97 345
97 371
97 388
97 400
97 456
97 516
97 554
97 597
97 598
97 669
98 91
98 119
98 243
98 270
98 273
98 282
98 314
98 331
98 613
98 661
99 44
99 107
99 187
99 206
99 257
99 259
99 287
99 397
99 518
99 576
99 629
100 180
100 220
100 445
100 455
100 499
100 543
100 602
101 26
101 43
101 163
101 165
101 216
101 412
101 416
101 514
102 169
102 275
102 296
102 406
102 434
102 474
102 492
102 698
103 89
103 91
103 117
103 217
103 219
103 251
103 264
103 310
103 390
103 440
103 484
103 497
103 505
103 584
103 598
103 662
104 72
104 134
104 266
104 399
104 486
104 562
104 644
105 26
105 182
105 248
105 285
105 338
105 381
105 508
105 560
106 315
106 410
106 414
106 521
106 615
106 627
106 636
106 673
107 66
107 69
107 99
107 282
107 303
107 358
107 370
107 420
107 490
107 531
107 593
107 640
108 54
108 73
108 140
108 143
108 174
108 228
108 244
108 248
108 376
108 380
108 391
108 481
108 487
108 556
108 684
109 39
109 65
109 68
109 141
109 242
109 263
109 270
109 418
109 431
109 472
109 618
110 59
110 193
110 354
110 405
110 496
110 676
111 154
111 207
111 218
111 249
111 314
111 317
111 402
111 407
111 431
111 436
111 695
112 0
112 9
112 85
112 197
112 198
112 277
112 306
112 362
112 443
112 447
113 82
113 164
113 208
113 387
113 451
113 467
113 504
113 508
113 632
113 670
113 680
114 549
114 684
115 49
115 184
115 239
115 243
115 280
115 375
115 391
115 534
115 601
115 688
116 35
116 38
116 154
116 188
116 236
116 286
116 463
116 539
117 39
117 94
117 103
117 189
117 220
117 355
117 407
117 467
117 553
117 591
117 666
117 678
118 44
118 274
118 371
118 473
118 482
118 512
118 594
118 699
119 54
119 98
119 165
119 212
119 352
119 489
119 523
119 546
119 692
120 282
120 341
120 461
120 534
120 615
120 634
121 22
121 136
121 137
121 161
121 169
121 230
121 254
121 298
121 405
121 407
121 553
121 619
122 88
122 164
122 217
122 251
122 290
122 340
122 348
122 676
122 690
122 693
123 54
123 81
123 88
123 147
123 185
123 259
123 335
123 500
123 632
123 636
123 662
123 679
124 15
124 96
124 141
124 340
124 369
124 458
124 561
124 596
124 604
124 697
125 19
125 33
125 238
125 271
125 391
125 397
125 416
125 437
125 532
125 555
125 665
126 13
126 21
126 149
126 262
126 353
126 373
126 402
126 421
126 493
126 546
126 583
127 10
127 147
127 188
127 244
127 432
127 569
127 594
127 673
127 694
128 201
128 214
128 362
128 414
128 689
129 4
129 7
129 70
129 147
129 222
129 274
129 281
129 438
129 499
129 571
129 648
130 147
130 285
130 286
130 416
130 681
131 7
131 260
131 364
131 442
131 538
131 575
131 580
131 651
132 32
132 48
132 140
132 171
132 204
132 308
132 391
132 468
132 536
132 601
132 610
132 655
133 252
133 254
133 375
133 389
133 649
133 674
134 39
134 104
134 151
134 153
134 199
134 300
134 512
134 565
134 630
135 21
135 53
135 62
135 275
135 300
135 336
135 448
135 535
135 606
135 653
136 17
136 29
136 30
136 66
136 121
136 277
136 279
136 286
136 367
136 424
136 562
136 578
136 612
137 68
137 79
137 121
137 167
137 175
137 248
137 274
137 382
137 397
137 528
137 553
137 630
138 209
138 426
138 529
138 658
139 168
139 391
139 502
139 549
139 580
139 629
140 86
140 108
140 132
140 153
140 155
140 206
140 292
140 299
140 314
140 337
140 381
140 432
140 566
140 630
141 1
141 64
141 109
141 124
141 163
141 164
141 194
141 299
141 310
141 316
141 476
141 554
141 590
141 599
142 5
142 87
142 167
142 285
142 417
142 495
142 548
142 606
143 36
143 66
143 108
143 150
143 201
143 245
143 338
143 346
143 366
143 448
143 450
143 499
143 518
143 531
143 616
143 646
143 689
143 693
143 694
144 82
144 335
144 425
144 465
144 475
144 593
144 658
144 669
144 688
145 11
145 40
145 267
145 297
145 493
145 577
145 649
146 20
146 80
146 231
146 273
146 325
146 408
146 615
146 618
146 654
147 88
147 123
147 127
147 129
147 130
147 149
147 160
147 265
147 273
147 324
147 379
147 383
147 429
147 461
147 525
147 541
147 545
147 691
148 69
148 184
148 201
148 204
148 641
148 652
149 126
149 147
149 234
149 266
149 303
149 327
149 394
149 410
149 524
149 604
149 650
149 670
150 10
150 143
150 306
150 313
150 318
150 352
150 376
150 562
150 590
150 600
150 698
151 40
151 60
151 134
151 193
151 233
151 322
151 342
151 365
151 374
151 494
151 526
151 589
152 86
152 88
152 203
152 416
152 465
152 571
153 23
153 134
153 140
153 172
153 175
153 194
153 207
153 260
153 306
153 309
153 328
153 372
153 544
153 578
153 644
154 111
154 116
154 201
154 216
154 269
154 336
154 479
154 603
154 631
155 140
155 247
155 365
155 623
155 679
156 1
156 32
156 50
156 277
156 278
156 304
156 334
156 388
156 453
156 557
156 615
157 13
157 82
157 223
157 379
157 408
157 492
157 523
158 75
158 77
158 78
158 85
158 216
158 319
158 354
158 444
158 457
158 464
158 582
159 67
159 70
159 289
159 292
159 458
159 490
159 582
160 80
160 147
160 176
160 181
160 228
160 513
160 697
161 26
161 40
161 121
161 167
161 203
161 250
161 270
161 321
161 499
161 513
161 663
162 55
162 213
162 392
162 426
162 432
162 473
162 482
162 496
163 101
163 141
163 199
163 345
163 401
163 431
163 451
163 487
163 506
164 44
164 113
164 122
164 141
164 363
164 380
164 417
164 483
164 516
164 534
164 612
165 54
165 101
165 119
165 175
165 199
165 388
165 691
166 74
166 178
166 342
166 357
166 433
166 523
166 560
166 596
166 675
166 696
167 78
167 137
167 142
167 161
167 209
167 236
167 303
167 362
167 441
167 581
167 604
167 677
168 13
168 55
168 139
168 373
168 432
168 511
168 608
168 618
168 655
169 28
169 84
169 87
169 102
169 121
169 240
169 280
169 394
169 434
169 498
169 512
169 528
169 628
169 682
169 683
170 173
170 200
170 203
170 208
170 332
170 354
170 396
170 481
170 612
170 670
171 132
171 180
171 413
171 419
171 449
171 487
171 508
171 510
171 610
171 677
172 27
172 153
172 300
172 322
172 442
172 555
172 566
173 35
173 170
173 207
173 272
173 291
173 383
173 416
173 480
173 537
173 688
174 28
174 108
174 272
174 337
174 338
174 393
174 402
174 456
174 494
174 561
174 579
174 580
174 626
174 680
174 699
175 137
175 153
175 165
175 382
175 495
175 538
175 585
175 588
175 608
175 660
176 69
176 160
176 199
176 208
176 334
176 342
176 408
176 416
176 501
176 509
176 641
176 650
177 68
177 274
177 286
177 290
177 394
177 431
177 436
177 615
177 635
178 37
178 59
178 63
178 74
178 76
178 166
178 437
178 461
178 516
178 563
178 569
179 229
179 237
179 300
179 358
179 503
179 622
179 669
180 56
180 100
180 171
180 252
180 255
180 331
180 414
180 490
180 514
180 575
180 607
180 648
180 685
181 10
181 95
181 160
181 183
181 263
181 402
181 415
181 448
181 605
182 105
182 206
182 235
182 250
182 290
182 300
182 302
182 434
182 479
182 481
182 646
183 181
183 191
183 198
183 279
183 413
183 438
183 526
183 599
183 608
183 619
184 15
184 115
184 148
184 245
184 246
184 350
184 411
184 441
184 463
184 473
184 516
184 523
184 546
184 554
184 653
185 22
185 23
185 123
185 199
185 205
185 226
185 236
185 265
185 307
185 389
185 536
185 538
185 603
186 88
186 192
186 269
186 297
186 358
186 465
186 598
187 5
187 54
187 99
187 264
187 303
187 417
187 657
187 694
188 17
188 69
188 83
188 88
188 116
188 127
188 196
188 210
188 220
188 311
188 358
188 594
188 624
189 117
189 259
189 265
189 329
189 331
189 342
189 424
189 427
189 499
189 519
189 602
189 612
189 621
189 628
189 646
189 680
190 290
190 373
190 377
190 383
190 493
190 570
190 613
190 639
191 183
191 192
191 196
191 419
191 465
191 485
191 506
191 562
191 646
191 685
192 23
192 48
192 85
192 186
192 191
192 223
192 228
192 374
192 420
193 110
193 151
193 247
193 293
193 360
193 403
193 534
193 567
193 653
194 141
194 153
194 238
194 372
194 395
194 415
194 467
194 555
194 573
194 652
195 69
195 73
195 399
195 403
195 418
195 513
195 528
195 555
195 566
195 567
196 188
196 191
196 205
196 276
196 381
196 384
196 468
196 554
196 676
197 39
197 90
197 112
197 239
197 329
197 331
197 521
197 596
197 613
197 693
198 112
198 183
198 316
198 361
198 415
198 477
198 603
198 650
198 662
198 673
198 674
198 695
199 45
199 65
199 97
199 134
199 163
199 165
199 176
199 185
199 234
199 253
199 358
199 398
199 453
199 454
199 458
199 470
199 473
199 511
199 557
199 585
199 622
199 692
200 40
200 170
200 208
200 269
200 294
200 324
200 409
200 620
200 642
200 659
201 87
201 128
201 143
201 148
201 154
201 243
201 310
201 477
201 625
201 657
202 236
202 464
202 532
203 152
203 161
203 170
203 214
203 270
203 373
203 380
203 407
203 470
203 572
203 594
203 689
204 65
204 73
204 132
204 148
204 218
204 253
204 431
204 644
204 683
205 185
205 196
205 355
205 504
205 522
205 628
206 39
206 79
206 99
206 140
206 182
206 234
206 403
206 412
206 446
206 519
206 525
206 559
207 111
207 153
207 173
207 530
207 628
207 691
208 34
208 113
208 170
208 176
208 200
208 222
208 227
208 248
208 266
208 270
208 386
208 402
208 414
208 594
209 4
209 20
209 138
209 167
209 258
209 269
209 320
209 357
209 395
209 433
209 557
210 83
210 188
210 423
210 459
210 577
210 612
211 4
211 249
211 303
211 305
211 318
211 359
211 376
211 412
211 482
211 525
212 70
212 119
212 294
212 329
212 372
212 387
212 515
212 539
212 545
212 556
212 560
213 1
213 162
213 346
213 348
213 382
213 389
213 399
213 507
213 644
213 652
213 690
214 67
214 91
214 128
214 203
214 251
214 254
214 289
214 360
214 396
214 536
214 551
214 553
214 664
215 12
215 235
215 280
215 403
215 410
215 493
215 521
215 524
215 688
216 101
216 154
216 158
216 235
216 251
216 277
216 579
216 588
216 620
216 633
216 661
217 32
217 90
217 103
217 122
217 218
217 421
217 511
217 599
217 607
217 646
217 656
217 679
218 111
218 204
218 217
218 272
218 332
218 441
218 523
218 596
219 19
219 103
219 247
219 248
219 267
219 346
219 424
219 468
219 473
219 543
219 582
219 678
220 51
220 100
220 117
220 188
220 336
220 366
220 372
220 586
220 696
221 36
221 50
221 232
221 250
221 258
221 343
221 424
221 507
221 580
221 649
222 48
222 91
222 129
222 208
222 348
222 459
222 466
222 545
222 583
222 600
222 657
222 681
223 157
223 192
223 323
223 452
223 478
223 499
223 522
223 571
223 613
223 696
224 263
224 291
224 397
224 439
224 541
224 558
224 576
224 642
224 646
224 691
225 32
225 234
225 348
225 390
225 418
225 440
225 470
225 636
225 644
225 657
226 185
226 267
226 322
226 401
226 406
226 438
226 481
226 568
226 578
226 637
226 677
226 683
227 208
227 238
227 286
227 409
227 422
227 444
227 578
227 610
227 641
227 679
228 4
228 47
228 108
228 160
228 192
228 329
228 363
228 378
228 498
228 520
228 569
229 60
229 179
229 243
229 347
229 369
229 427
229 451
229 593
230 89
230 121
230 248
230 279
230 286
230 301
230 317
230 455
230 481
230 520
230 529
231 146
231 389
231 435
231 626
231 670
232 9
232 87
232 221
232 303
232 368
232 387
232 441
232 620
233 151
233 283
233 308
233 310
233 313
233 407
233 482
233 533
233 551
233 585
233 621
233 637
233 643
233 680
234 28
234 31
234 149
234 199
234 206
234 225
234 285
234 391
234 540
235 182
235 215
235 216
235 292
235 311
235 342
235 426
235 587
235 591
235 592
235 648
236 56
236 116
236 167
236 185
236 202
236 402
236 457
236 510
236 579
236 621
236 627
236 642
237 8
237 74
237 179
237 257
237 368
237 390
237 412
237 439
237 531
237 551
237 575
237 584
237 588
237 659
238 125
238 194
238 227
238 336
238 381
238 487
238 574
238 583
238 584
239 115
239 197
239 419
239 459
239 511
239 603
240 51
240 169
240 312
240 401
240 452
240 460
240 511
240 548
240 590
240 637
240 686
241 2
241 12
241 73
241 354
241 366
241 490
241 516
241 554
241 593
242 82
242 89
242 109
242 245
242 282
242 300
242 338
242 372
242 437
242 454
242 467
242 687
243 98
243 115
243 201
243 229
243 255
243 375
243 437
243 468
243 513
243 629
244 23
244 72
244 108
244 127
244 273
244 292
244 324
244 508
244 559
244 654
244 662
245 48
245 57
245 58
245 143
245 184
245 242
245 427
245 471
245 490
245 539
245 553
245 652
245 686
245 698
246 19
246 28
246 184
246 315
246 416
246 475
246 483
246 521
246 564
246 580
246 591
246 624
246 638
246 651
247 77
247 155
247 193
247 219
247 296
247 361
247 478
247 488
247 490
247 636
248 68
248 75
248 105
248 108
248 137
248 208
248 219
248 230
248 442
248 451
248 457
248 485
248 598
248 620
249 3
249 19
249 40
249 111
249 211
249 368
249 503
249 580
249 667
250 161
250 182
250 221
250 287
250 345
250 349
250 421
250 461
250 516
250 531
250 578
251 42
251 103
251 122
251 214
251 216
251 385
251 412
251 430
251 482
251 585
252 133
252 180
252 466
252 507
252 514
252 534
253 64
253 199
253 204
253 264
253 395
253 457
253 536
253 543
253 549
253 582
253 604
253 648
254 8
254 78
254 87
254 121
254 133
254 214
254 300
254 394
254 404
254 549
255 180
255 243
255 305
255 335
255 360
255 379
255 391
255 450
255 491
255 569
255 618
255 654
256 347
256 394
256 397
256 499
256 597
256 631
256 649
256 683
257 73
257 92
257 99
257 237
257 258
257 465
257 495
257 518
258 64
258 209
258 221
258 257
258 363
258 395
258 408
258 505
258 546
258 585
258 602
258 644
258 657
259 18
259 99
259 123
259 189
259 491
259 510
259 520
259 677
260 28
260 74
260 131
260 153
260 276
260 312
260 315
260 358
260 365
260 367
260 409
260 522
260 645
261 266
261 269
261 394
261 564
261 578
262 36
262 52
262 54
262 126
262 345
262 418
262 424
262 521
262 626
262 666
263 13
263 109
263 181
263 224
263 437
263 505
263 510
263 628
263 692
264 4
264 23
264 103
264 187
264 253
264 291
264 520
264 563
264 590
265 83
265 147
265 185
265 189
265 314
265 509
265 542
265 609
266 28
266 36
266 104
266 149
266 208
266 261
266 336
266 455
266 534
266 695
267 145
267 219
267 226
267 301
267 452
267 533
267 559
267 593
267 613
267 672
268 62
268 370
268 503
268 530
268 539
268 586
268 641
268 656
268 664
269 48
269 154
269 186
269 200
269 209
269 261
269 348
269 352
269 385
269 677
270 34
270 60
270 88
270 98
270 109
270 161
270 203
270 208
270 298
270 419
270 452
270 489
270 496
270 550
270 598
271 78
271 91
271 125
271 287
271 310
271 339
271 518
272 7
272 65
272 93
272 94
272 173
272 174
272 218
272 316
272 390
272 472
272 530
273 6
273 12
273 57
273 58
273 95
273 98
273 146
273 147
273 244
273 403
273 430
273 496
273 533
273 605
273 608
273 688
274 16
274 118
274 129
274 137
274 177
274 313
274 327
274 371
274 424
274 457
274 473
274 526
274 574
275 80
275 102
275 135
275 295
275 309
275 405
275 484
275 506
275 538
275 595
276 64
276 78
276 196
276 260
276 334
276 496
276 629
276 634
277 15
277 112
277 136
277 156
277 216
277 280
277 324
277 328
277 341
277 359
277 433
277 550
277 583
277 602
277 680
278 14
278 59
278 156
278 330
278 369
278 432
278 517
278 553
278 561
278 591
278 650
279 10
279 136
279 183
279 230
279 329
279 365
279 435
279 449
279 478
280 54
280 115
280 169
280 215
280 277
280 395
280 508
280 626
280 633
280 638
281 129
281 287
281 359
281 403
282 25
282 98
282 107
282 120
282 242
282 371
282 375
282 380
282 428
283 233
283 288
283 420
283 442
283 580
283 667
283 699
284 5
284 49
284 318
284 455
284 524
284 673
285 13
285 105
285 130
285 142
285 234
285 357
285 424
285 464
285 560
286 23
286 40
286 116
286 130
286 136
286 177
286 227
286 230
286 320
286 396
286 470
286 659
286 676
287 43
287 99
287 250
287 271
287 281
287 302
287 368
287 369
287 374
287 543
287 547
287 561
287 577
287 614
288 44
288 283
288 300
288 521
288 533
288 588
288 687
289 159
289 214
289 365
289 463
289 552
289 561
290 96
290 122
290 177
290 182
290 190
290 295
290 344
290 365
290 471
290 544
290 634
291 14
291 73
291 97
291 173
291 224
291 264
291 314
291 395
291 412
291 429
291 470
291 520
291 570
292 140
292 159
292 235
292 244
292 315
292 365
292 423
292 513
292 525
292 551
292 637
292 698
293 193
293 325
293 400
293 413
293 480
293 516
293 525
293 590
293 681
294 45
294 62
294 200
294 212
294 379
294 403
294 407
294 435
294 445
294 512
294 531
294 689
295 79
295 275
295 290
295 300
295 308
295 413
295 625
296 66
296 102
296 247
296 302
296 398
296 496
296 500
296 523
296 667
297 94
297 145
297 186
297 334
297 351
297 413
297 440
297 565
297 582
297 662
298 29
298 74
298 121
298 270
298 301
298 400
298 451
298 559
299 140
299 141
299 418
299 460
299 541
299 619
299 648
300 8
300 19
300 49
300 57
300 134
300 135
300 172
300 179
300 182
300 242
300 254
300 288
300 295
300 469
300 513
300 516
300 540
300 647
300 656
300 691
301 8
301 82
301 230
301 267
301 298
301 329
301 358
301 377
301 394
301 528
301 582
301 583
301 698
302 28
302 83
302 182
302 287
302 296
302 557
302 643
302 663
302 694
303 52
303 83
303 107
303 149
303 167
303 187
303 211
303 232
303 387
303 405
303 450
303 567
303 631
303 648
303 665
304 32
304 72
304 156
304 433
304 477
304 500
304 520
304 529
304 658
305 46
305 211
305 255
305 326
305 336
305 353
305 462
305 484
305 642
305 689
306 33
306 34
306 74
306 112
306 150
306 153
306 377
306 380
306 455
306 485
306 531
306 686
307 56
307 85
307 185
307 444
307 561
307 599
308 88
308 132
308 233
308 295
308 462
309 59
309 69
309 153
309 275
309 420
309 561
309 575
309 608
309 692
310 39
310 65
310 103
310 141
310 201
310 233
310 271
310 604
310 676
310 681
311 55
311 84
311 188
311 235
311 358
311 404
311 485
311 543
311 568
312 240
312 260
312 344
312 419
312 462
312 602
312 637
312 644
312 645
313 7
313 35
313 74
313 150
313 233
313 274
313 409
313 524
313 607
313 657
313 663
313 691
314 9
314 30
314 98
314 111
314 140
314 265
314 291
314 339
314 393
314 418
314 432
314 433
314 487
314 587
314 600
314 696
315 32
315 106
315 246
315 260
315 292
315 337
315 338
315 407
315 466
315 497
315 506
315 522
315 549
315 558
316 31
316 37
316 141
316 198
316 272
316 424
316 517
316 586
316 607
316 609
316 649
316 658
317 111
317 230
317 335
317 483
317 489
317 559
317 581
317 621
317 651
318 72
318 85
318 93
318 150
318 211
318 284
318 330
318 471
318 518
318 541
319 7
319 158
319 361
319 393
319 422
319 512
319 540
319 574
319 582
319 648
320 0
320 27
320 209
320 286
320 422
320 432
320 579
321 161
321 337
321 436
321 474
321 487
321 503
321 697
322 86
322 151
322 172
322 226
322 330
322 348
322 371
322 478
322 508
322 639
322 668
323 35
323 80
323 223
323 412
323 432
323 503
323 528
323 568
323 614
324 147
324 200
324 244
324 277
324 370
324 434
324 463
324 464
324 554
325 40
325 72
325 146
325 293
325 487
325 540
325 546
325 560
326 305
326 350
326 508
326 585
327 17
327 149
327 274
327 350
327 351
327 517
327 534
327 540
327 656
327 696
328 27
328 153
328 277
328 332
328 557
328 571
329 9
329 30
329 189
329 197
329 212
329 228
329 279
329 301
329 419
330 8
330 278
330 318
330 322
330 596
330 664
330 690
331 98
331 180
331 189
331 197
331 384
331 410
331 432
331 464
331 499
331 511
331 525
331 542
331 677
332 77
332 170
332 218
332 328
332 443
332 639
333 45
333 89
333 371
333 444
334 47
334 156
334 176
334 276
334 297
334 335
334 460
334 556
334 595
334 632
334 650
335 25
335 123
335 144
335 255
335 317
335 334
335 406
335 427
335 481
335 560
336 7
336 59
336 135
336 154
336 220
336 238
336 266
336 305
336 367
336 415
336 482
336 525
336 652
336 655
337 4
337 21
337 26
337 34
337 39
337 55
337 140
337 174
337 315
337 321
337 401
337 402
337 417
337 458
337 519
337 601
338 0
338 105
338 143
338 174
338 242
338 315
338 363
338 447
338 592
338 644
339 47
339 271
339 314
339 386
339 573
339 601
339 604
340 122
340 124
340 353
340 357
340 360
340 362
340 399
340 527
340 557
340 645
341 7
341 94
341 120
341 277
341 361
341 420
341 633
342 30
342 151
342 166
342 176
342 189
342 235
342 422
342 447
342 495
342 501
342 594
342 653
343 7
343 93
343 221
343 566
343 591
343 617
343 618
344 290
344 312
344 419
344 570
344 585
344 586
344 657
344 666
345 4
345 39
345 83
345 94
345 97
345 163
345 250
345 262
345 416
345 427
345 597
345 601
346 14
346 70
346 143
346 213
346 219
346 369
346 377
346 394
346 414
346 422
346 431
346 486
346 522
346 652
347 229
347 256
347 394
347 419
347 504
347 516
347 596
348 122
348 213
348 222
348 225
348 269
348 322
348 383
348 468
348 489
349 250
349 534
349 609
349 620
350 40
350 184
350 326
350 327
350 463
350 508
350 611
351 53
351 54
351 297
351 327
351 391
351 471
351 517
351 518
351 624
351 644
351 645
351 650
352 5
352 11
352 119
352 150
352 269
352 421
352 516
352 615
352 643
352 660
353 8
353 62
353 86
353 126
353 305
353 340
353 365
353 442
353 451
353 484
353 527
353 581
353 695
354 20
354 59
354 110
354 158
354 170
354 241
354 413
354 491
354 494
354 577
354 640
355 18
355 32
355 36
355 53
355 63
355 84
355 117
355 205
355 364
355 390
355 410
355 429
355 484
355 572
355 625
355 643
356 402
356 512
356 536
356 569
356 624
356 693
357 25
357 86
357 166
357 209
357 285
357 340
357 505
357 611
357 620
357 665
358 39
358 43
358 107
358 179
358 186
358 188
358 199
358 260
358 301
358 311
358 377
358 421
358 464
358 522
358 604
358 625
358 699
359 25
359 31
359 90
359 211
359 277
359 281
359 425
359 435
359 468
359 628
360 53
360 64
360 193
360 214
360 255
360 340
360 403
360 441
360 459
360 466
360 565
360 619
360 644
360 649
360 663
361 73
361 198
361 247
361 319
361 341
361 413
361 453
361 498
361 504
361 510
361 597
362 25
362 89
362 112
362 128
362 167
362 340
362 521
362 657
363 40
363 164
363 228
363 258
363 338
363 394
363 600
364 36
364 52
364 131
364 355
364 480
364 546
364 612
364 648
365 6
365 63
365 93
365 95
365 151
365 155
365 260
365 279
365 289
365 290
365 292
365 353
365 396
365 433
365 449
365 477
365 540
365 590
365 613
365 639
365 640
365 668
366 19
366 43
366 96
366 143
366 220
366 241
366 440
366 679
367 47
367 136
367 260
367 336
367 440
367 456
367 522
367 575
367 593
367 601
367 652
368 8
368 232
368 237
368 249
368 287
368 452
368 564
368 574
368 680
369 14
369 30
369 62
369 124
369 229
369 278
369 287
369 346
369 456
369 460
369 518
369 564
369 581
369 627
370 95
370 107
370 268
370 324
370 537
370 563
370 584
370 613
370 615
371 1
371 90
371 97
371 118
371 274
371 282
371 322
371 333
371 386
371 455
371 503
371 574
371 599
371 696
372 153
372 194
372 212
372 220
372 242
372 437
372 575
372 583
373 126
373 168
373 190
373 203
373 448
373 450
373 589
374 5
374 40
374 151
374 192
374 287
374 617
375 11
375 41
375 115
375 133
375 243
375 282
375 506
375 590
375 696
376 108
376 150
376 211
376 408
376 606
376 628
376 677
376 685
377 18
377 33
377 63
377 190
377 301
377 306
377 346
377 358
377 390
377 436
377 450
377 555
377 624
378 13
378 85
378 228
378 406
378 501
378 647
378 699
379 4
379 14
379 91
379 147
379 157
379 255
379 294
379 487
379 501
379 511
379 522
379 652
379 656
380 23
380 108
380 164
380 203
380 282
380 306
380 443
380 468
380 478
380 502
380 526
380 538
380 666
381 48
381 67
381 75
381 105
381 140
381 196
381 238
381 386
381 495
381 552
381 620
381 655
381 673
382 3
382 26
382 72
382 137
382 175
382 213
382 544
382 552
382 583
382 650
382 677
382 689
383 6
383 147
383 173
383 190
383 348
383 393
383 528
383 588
383 634
384 27
384 55
384 196
384 331
384 396
384 409
384 411
384 526
384 624
385 70
385 251
385 269
385 467
385 554
385 568
385 578
385 598
386 208
386 339
386 371
386 381
386 428
386 433
386 566
386 575
386 614
387 113
387 212
387 232
387 303
387 407
387 592
387 659
388 53
388 68
388 95
388 97
388 156
388 165
388 564
388 574
388 604
388 613
389 133
389 185
389 213
389 231
389 654
389 663
390 66
390 103
390 225
390 237
390 272
390 355
390 377
390 414
390 531
390 552
390 581
390 596
391 45
391 108
391 115
391 125
391 132
391 139
391 234
391 255
391 351
391 406
391 454
392 14
392 162
392 463
392 495
392 614
393 2
393 32
393 174
393 314
393 319
393 383
393 394
393 546
393 550
393 671
394 2
394 86
394 149
394 169
394 177
394 254
394 256
394 261
394 301
394 346
394 347
394 363
394 393
394 402
394 474
394 565
395 47
395 73
395 95
395 194
395 209
395 253
395 258
395 280
395 291
395 450
395 461
395 471
395 483
395 528
395 582
396 40
396 170
396 214
396 286
396 365
396 384
396 442
396 656
396 692
396 696
397 99
397 125
397 137
397 224
397 256
397 552
397 568
398 43
398 199
398 296
398 651
399 104
399 195
399 213
399 340
399 517
399 600
399 692
400 49
400 97
400 293
400 298
400 484
400 565
400 613
401 163
401 226
401 240
401 337
401 432
401 536
402 79
402 111
402 126
402 174
402 181
402 208
402 236
402 337
402 356
402 394
402 452
402 536
402 542
402 630
402 688
403 193
403 195
403 206
403 215
403 273
403 281
403 294
403 360
403 474
403 515
403 556
403 573
404 70
404 254
404 311
404 406
404 437
404 488
404 595
405 13
405 95
405 110
405 121
405 275
405 303
405 447
405 610
405 615
405 623
405 624
406 90
406 102
406 226
406 335
406 378
406 391
406 404
406 438
406 621
406 628
406 661
407 111
407 117
407 121
407 203
407 233
407 294
407 315
407 387
407 445
407 479
407 532
407 645
408 53
408 146
408 157
408 176
408 258
408 376
408 650
408 686
408 697
409 200
409 227
409 260
409 313
409 384
409 425
409 531
409 579
410 94
410 106
410 149
410 215
410 331
410 355
410 466
410 514
410 517
410 623
411 44
411 184
411 384
411 468
411 657
411 688
412 6
412 75
412 101
412 206
412 211
412 237
412 251
412 291
412 323
412 420
412 504
412 660
413 27
413 80
413 171
413 183
413 293
413 295
413 297
413 354
413 361
413 603
413 624
413 625
414 57
414 88
414 89
414 106
414 128
414 180
414 208
414 346
414 390
414 417
414 518
414 538
414 560
414 641
415 58
415 181
415 194
415 198
415 336
416 61
416 101
416 125
416 130
416 152
416 173
416 176
416 246
416 345
416 505
416 681
417 21
417 142
417 164
417 187
417 337
417 414
417 489
417 606
417 609
417 677
418 9
418 109
418 195
418 225
418 262
418 299
418 314
418 465
418 591
418 619
418 622
418 647
418 676
419 24
419 50
419 171
419 191
419 239
419 270
419 312
419 329
419 344
419 347
419 424
419 448
419 503
419 531
419 566
419 584
419 637
419 682
420 107
420 192
420 283
420 309
420 341
420 412
420 660
421 69
421 126
421 217
421 250
421 352
421 358
421 449
421 525
421 577
421 607
422 1
422 227
422 319
422 320
422 342
422 346
422 457
422 501
422 559
422 640
422 650
422 690
423 45
423 65
423 210
423 292
423 531
423 691
424 82
424 136
424 189
424 219
424 221
424 262
424 274
424 285
424 316
424 419
424 493
424 506
424 566
424 663
425 67
425 76
425 144
425 359
425 409
425 503
425 552
425 567
425 569
426 63
426 86
426 138
426 162
426 235
426 556
426 669
426 676
427 87
427 189
427 229
427 245
427 335
427 345
427 505
427 516
427 550
427 568
427 638
428 45
428 89
428 282
428 386
428 430
428 481
428 488
428 535
429 24
429 147
429 291
429 355
429 455
429 497
429 580
429 589
429 600
430 7
430 61
430 251
430 273
430 428
430 566
430 608
430 633
430 662
431 20
431 109
431 111
431 163
431 177
431 204
431 346
431 491
432 66
432 127
432 140
432 162
432 168
432 278
432 314
432 320
432 323
432 331
432 401
432 484
432 550
432 558
432 654
432 691
433 166
433 209
433 277
433 304
433 314
433 365
433 386
433 510
434 29
434 102
434 169
434 182
434 324
434 513
434 564
434 587
434 588
435 86
435 231
435 279
435 294
435 359
435 442
435 483
435 505
435 550
436 28
436 111
436 177
436 321
436 377
436 657
437 22
437 73
437 79
437 125
437 178
437 242
437 243
437 263
437 372
437 404
437 486
438 43
438 46
438 78
438 129
438 183
438 226
438 406
438 447
438 613
438 633
438 637
438 640
439 24
439 34
439 85
439 224
439 237
439 452
439 594
439 687
440 103
440 225
440 297
440 366
440 367
440 449
440 451
440 462
440 610
440 695
441 24
441 70
441 167
441 184
441 218
441 232
441 360
441 468
441 482
441 519
441 520
441 583
441 615
441 646
441 650
442 5
442 67
442 131
442 172
442 248
442 283
442 353
442 396
442 435
442 460
442 472
442 481
442 506
442 570
443 16
443 32
443 112
443 332
443 380
443 489
443 541
443 670
444 11
444 42
444 158
444 227
444 307
444 333
444 460
444 494
444 570
444 585
444 592
444 597
444 625
444 658
445 21
445 100
445 294
445 407
445 550
446 42
446 206
446 504
446 597
446 616
446 619
447 36
447 112
447 338
447 342
447 405
447 438
447 508
447 547
447 568
447 613
448 135
448 143
448 181
448 373
448 419
448 509
448 652
448 687
449 171
449 279
449 365
449 421
449 440
449 528
449 582
449 623
449 658
449 680
450 86
450 143
450 255
450 303
450 373
450 377
450 395
450 541
451 63
451 113
451 163
451 229
451 248
451 298
451 353
451 440
451 486
451 496
451 522
451 594
451 627
452 1
452 88
452 223
452 240
452 267
452 270
452 368
452 402
452 439
452 458
452 492
452 509
452 533
452 688
453 46
453 156
453 199
453 361
453 483
453 506
453 534
454 57
454 83
454 199
454 242
454 391
454 493
455 64
455 100
455 230
455 266
455 284
455 306
455 371
455 429
455 464
455 489
455 557
455 661
456 32
456 47
456 97
456 174
456 367
456 369
456 532
456 538
456 659
457 158
457 236
457 248
457 253
457 274
457 422
457 531
457 594
457 667
457 680
457 684
457 691
458 79
458 124
458 159
458 199
458 337
458 452
458 592
458 626
458 628
458 644
459 6
459 70
459 210
459 222
459 239
459 360
459 524
459 666
460 16
460 36
460 45
460 71
460 76
460 240
460 299
460 334
460 369
460 442
460 444
460 479
460 600
460 646
461 120
461 147
461 178
461 250
461 395
461 471
461 473
461 595
461 617
461 629
461 643
462 305
462 308
462 312
462 440
462 464
462 489
462 658
463 69
463 116
463 184
463 289
463 324
463 350
463 392
463 496
463 550
463 611
463 637
464 158
464 202
464 285
464 324
464 331
464 358
464 455
464 462
464 581
464 584
465 40
465 89
465 144
465 152
465 186
465 191
465 257
465 418
465 534
465 614
466 72
466 222
466 252
466 315
466 360
466 410
466 520
466 632
466 675
467 66
467 89
467 113
467 117
467 194
467 242
467 385
468 132
468 196
468 219
468 243
468 348
468 359
468 380
468 411
468 441
468 592
468 660
469 61
469 89
469 300
469 578
469 592
469 639
469 661
470 5
470 199
470 203
470 225
470 286
470 291
470 524
470 590
470 623
470 687
471 49
471 52
471 94
471 245
471 290
471 318
471 351
471 395
471 461
471 551
471 608
471 657
471 659
472 109
472 272
472 442
472 483
472 655
473 73
473 118
473 162
473 184
473 199
473 219
473 274
473 461
473 520
473 555
473 572
473 611
473 634
474 6
474 28
474 53
474 69
474 88
474 102
474 321
474 394
474 403
474 513
474 527
474 529
474 601
474 621
475 30
475 144
475 246
475 576
475 577
475 578
475 618
476 70
476 141
476 602
476 609
477 40
477 53
477 198
477 201
477 304
477 365
477 548
477 564
477 651
478 87
478 223
478 247
478 279
478 322
478 380
478 499
478 696
479 25
479 51
479 154
479 182
479 407
479 460
479 639
480 173
480 293
480 364
480 491
480 615
480 616
480 620
480 633
481 108
481 170
481 182
481 226
481 230
481 335
481 428
481 442
481 606
482 17
482 28
482 118
482 162
482 211
482 233
482 251
482 336
482 441
482 507
482 566
482 620
482 656
483 15
483 40
483 164
483 246
483 317
483 395
483 435
483 453
483 472
483 537
483 584
483 669
484 30
484 95
484 103
484 275
484 305
484 353
484 355
484 400
484 432
484 498
484 534
485 191
485 248
485 306
485 311
485 570
485 651
485 691
486 58
486 104
486 346
486 437
486 451
486 542
486 543
487 35
487 40
487 89
487 108
487 163
487 171
487 238
487 314
487 321
487 325
487 379
487 493
487 632
488 247
488 404
488 428
488 506
489 119
489 270
489 317
489 348
489 417
489 443
489 455
489 462
489 534
489 606
489 611
490 16
490 107
490 159
490 180
490 241
490 245
490 247
490 536
490 598
490 613
490 651
491 8
491 62
491 255
491 259
491 354
491 431
491 480
491 529
491 542
491 557
491 560
491 615
491 687
492 84
492 102
492 157
492 452
492 640
492 651
493 9
493 35
493 72
493 81
493 126
493 145
493 190
493 215
493 424
493 454
493 487
493 498
493 616
494 67
494 151
494 174
494 354
494 444
494 678
494 697
495 25
495 31
495 69
495 75
495 142
495 175
495 257
495 342
495 381
495 392
495 528
495 588
495 675
496 79
496 110
496 162
496 270
496 273
496 276
496 296
496 451
496 463
496 677
496 696
497 3
497 94
497 103
497 315
497 429
497 544
497 554
497 614
497 617
497 648
498 11
498 48
498 169
498 228
498 361
498 484
498 493
498 546
498 645
498 685
498 698
499 100
499 129
499 143
499 161
499 189
499 223
499 256
499 331
499 478
499 511
499 578
499 583
500 123
500 296
500 304
500 559
501 53
501 176
501 342
501 378
501 379
501 422
501 639
502 139
502 380
502 643
503 179
503 249
503 268
503 321
503 323
503 371
503 419
503 425
503 512
503 560
503 585
504 28
504 52
504 113
504 205
504 347
504 361
504 412
504 446
504 575
504 605
504 633
505 24
505 33
505 61
505 103
505 258
505 263
505 357
505 416
505 427
505 435
505 531
505 556
506 39
506 163
506 191
506 275
506 315
506 375
506 424
506 442
506 453
506 488
506 547
506 572
507 38
507 213
507 221
507 252
507 482
507 513
507 529
507 531
507 631
508 105
508 113
508 171
508 244
508 280
508 322
508 326
508 350
508 447
508 619
509 3
509 41
509 176
509 265
509 448
509 452
509 654
510 29
510 171
510 236
510 259
510 263
510 361
510 433
510 534
510 587
510 598
510 621
511 40
511 96
511 168
511 199
511 217
511 239
511 240
511 331
511 379
511 499
511 555
511 573
511 620
511 626
511 644
511 673
512 0
512 31
512 118
512 134
512 169
512 294
512 319
512 356
512 503
512 527
512 636
513 89
513 160
513 161
513 195
513 243
513 292
513 300
513 434
513 474
513 507
514 0
514 54
514 61
514 101
514 180
514 252
514 410
515 68
515 212
515 403
515 630
516 2
516 97
516 164
516 178
516 184
516 241
516 250
516 293
516 300
516 347
516 352
516 427
516 645
516 669
517 23
517 278
517 316
517 327
517 351
517 399
517 410
517 577
517 665
517 698
518 39
518 50
518 99
518 143
518 257
518 271
518 318
518 351
518 369
518 414
519 85
519 189
519 206
519 337
519 441
519 528
519 562
519 575
519 696
520 47
520 228
520 230
520 259
520 264
520 291
520 304
520 441
520 466
520 473
520 532
520 533
520 564
520 584
520 590
520 661
520 663
521 67
521 106
521 197
521 215
521 246
521 262
521 288
521 362
521 586
522 71
522 205
522 223
522 260
522 315
522 346
522 358
522 367
522 379
522 451
522 577
522 588
523 119
523 157
523 166
523 184
523 218
523 296
523 559
523 614
523 621
523 627
523 630
524 87
524 149
524 215
524 284
524 313
524 459
524 470
524 546
524 567
524 630
524 680
524 695
525 65
525 147
525 206
525 211
525 292
525 293
525 331
525 336
525 421
525 547
526 151
526 183
526 274
526 380
526 384
526 645
526 684
527 70
527 340
527 353
527 474
527 512
527 639
527 675
528 28
528 63
528 137
528 169
528 195
528 301
528 323
528 383
528 395
528 449
528 495
528 519
528 536
528 537
528 640
528 646
528 688
529 13
529 38
529 67
529 96
529 138
529 230
529 304
529 474
529 491
529 507
529 535
529 544
529 608
529 656
530 14
530 207
530 268
530 272
531 64
531 67
531 71
531 107
531 143
531 237
531 250
531 294
531 306
531 390
531 409
531 419
531 423
531 457
531 505
531 507
531 598
531 620
532 16
532 73
532 125
532 202
532 407
532 456
532 520
532 550
532 551
532 566
532 627
533 89
533 93
533 233
533 267
533 273
533 288
533 452
533 520
533 540
533 562
533 640
533 654
534 12
534 45
534 115
534 120
534 164
534 193
534 252
534 266
534 327
534 349
534 453
534 465
534 484
534 489
534 510
534 543
534 587
535 135
535 428
535 529
535 550
535 551
536 77
536 132
536 185
536 214
536 253
536 356
536 401
536 402
536 490
536 528
536 609
536 619
537 43
537 173
537 370
537 483
537 528
537 563
537 613
537 693
538 16
538 131
538 175
538 185
538 275
538 380
538 414
538 456
538 623
539 48
539 116
539 212
539 245
539 268
539 580
539 632
539 673
540 4
540 65
540 89
540 234
540 300
540 319
540 325
540 327
540 365
540 533
540 588
540 621
540 624
540 631
541 147
541 224
541 299
541 318
541 443
541 450
541 580
541 585
541 644
541 654
541 656
542 5
542 265
542 331
542 402
542 486
542 491
542 600
543 100
543 219
543 253
543 287
543 311
543 486
543 534
543 618
544 4
544 96
544 153
544 290
544 382
544 497
544 529
544 574
544 670
544 682
544 684
545 57
545 82
545 147
545 212
545 222
545 684
546 119
546 126
546 184
546 258
546 325
546 364
546 393
546 498
546 524
546 565
546 574
546 625
546 678
547 287
547 447
547 506
547 525
547 562
547 614
548 4
548 68
548 142
548 240
548 477
548 680
548 691
549 3
549 53
549 85
549 88
549 114
549 139
549 253
549 254
549 315
549 607
549 661
550 270
550 277
550 393
550 427
550 432
550 435
550 445
550 463
550 532
550 535
550 571
550 615
550 626
550 644
551 2
551 24
551 214
551 233
551 237
551 292
551 471
551 532
551 535
551 598
551 677
551 681
551 690
552 289
552 381
552 382
552 390
552 397
552 425
552 554
552 604
552 697
553 81
553 117
553 121
553 137
553 214
553 245
553 278
553 619
554 26
554 34
554 89
554 97
554 141
554 184
554 196
554 241
554 324
554 385
554 497
554 552
554 601
555 14
555 46
555 125
555 172
555 194
555 195
555 377
555 473
555 511
555 627
555 685
556 2
556 108
556 212
556 334
556 403
556 426
556 505
556 645
556 665
556 675
557 85
557 156
557 199
557 209
557 302
557 328
557 340
557 455
557 491
557 626
558 34
558 42
558 224
558 315
558 432
558 572
558 593
558 602
558 658
558 668
559 23
559 25
559 61
559 206
559 244
559 267
559 298
559 317
559 422
559 500
559 523
560 105
560 166
560 212
560 285
560 325
560 335
560 414
560 491
560 503
560 573
560 585
560 674
560 677
561 81
561 95
561 124
561 174
561 278
561 287
561 289
561 307
561 309
561 584
561 685
561 690
562 25
562 72
562 104
562 136
562 150
562 191
562 519
562 533
562 547
562 648
563 37
563 178
563 264
563 370
563 537
563 564
563 572
563 637
563 677
563 685
564 53
564 246
564 261
564 368
564 369
564 388
564 434
564 477
564 520
564 563
565 10
565 16
565 31
565 134
565 297
565 360
565 394
565 400
565 546
565 650
566 20
566 73
566 140
566 172
566 195
566 343
566 386
566 419
566 424
566 430
566 482
566 532
566 626
566 633
566 692
567 1
567 193
567 195
567 303
567 425
567 524
567 586
567 669
568 57
568 226
568 311
568 323
568 385
568 397
568 427
568 447
568 596
568 599
568 644
569 60
569 127
569 178
569 228
569 255
569 356
569 425
569 581
569 608
569 680
570 28
570 190
570 291
570 344
570 442
570 444
570 485
570 579
570 591
570 623
570 658
570 669
571 77
571 129
571 152
571 223
571 328
571 550
572 53
572 83
572 203
572 355
572 473
572 506
572 558
572 563
572 617
572 631
573 45
573 63
573 194
573 339
573 403
573 511
573 560
573 592
573 637
573 688
574 238
574 274
574 319
574 368
574 371
574 388
574 544
574 546
575 20
575 36
575 131
575 180
575 237
575 309
575 367
575 372
575 386
575 504
575 519
575 603
575 646
576 13
576 99
576 224
576 475
576 609
576 697
577 145
577 210
577 287
577 354
577 421
577 475
577 517
577 522
577 619
578 136
578 153
578 226
578 227
578 250
578 261
578 385
578 469
578 475
578 499
578 591
578 652
579 9
579 43
579 56
579 92
579 174
579 216
579 236
579 320
579 409
579 570
579 645
579 682
580 52
580 131
580 139
580 174
580 221
580 246
580 249
580 283
580 429
580 539
580 541
580 607
580 636
581 167
581 317
581 353
581 369
581 390
581 464
581 569
582 158
582 159
582 219
582 253
582 297
582 301
582 319
582 395
582 449
582 668
583 21
583 126
583 222
583 238
583 277
583 301
583 372
583 382
583 441
583 499
584 49
584 78
584 103
584 237
584 238
584 370
584 419
584 464
584 483
584 520
584 561
585 84
585 175
585 199
585 233
585 251
585 258
585 326
585 344
585 444
585 503
585 541
585 560
585 650
585 683
586 86
586 92
586 220
586 268
586 316
586 344
586 521
586 567
586 604
586 613
587 5
587 25
587 235
587 314
587 434
587 510
587 534
587 589
588 69
588 175
588 216
588 237
588 288
588 383
588 434
588 495
588 522
588 540
588 623
589 70
589 89
589 151
589 373
589 429
589 587
589 684
590 7
590 141
590 150
590 240
590 264
590 293
590 365
590 375
590 470
590 520
590 666
590 669
590 691
591 38
591 55
591 117
591 235
591 246
591 278
591 343
591 418
591 570
591 578
591 668
591 673
591 688
591 699
592 16
592 235
592 338
592 387
592 444
592 458
592 468
592 469
592 573
593 77
593 107
593 144
593 229
593 241
593 267
593 367
593 558
594 36
594 52
594 118
594 127
594 188
594 203
594 208
594 342
594 439
594 451
594 457
595 275
595 334
595 404
595 461
595 678
596 23
596 124
596 166
596 197
596 218
596 330
596 347
596 390
596 568
596 613
597 6
597 95
597 97
597 256
597 345
597 361
597 444
597 446
597 686
597 695
598 1
598 17
598 22
598 50
598 74
598 97
598 103
598 186
598 248
598 270
598 385
598 490
598 510
598 531
598 551
598 678
598 686
598 696
599 38
599 42
599 88
599 141
599 183
599 217
599 307
599 371
599 568
600 150
600 222
600 314
600 363
600 399
600 429
600 460
600 542
601 3
601 32
601 82
601 115
601 132
601 337
601 339
601 345
601 367
601 474
601 554
602 100
602 189
602 258
602 277
602 312
602 476
602 558
602 699
603 57
603 154
603 185
603 198
603 239
603 413
603 575
603 697
604 34
604 124
604 149
604 167
604 253
604 310
604 339
604 358
604 388
604 552
604 586
604 633
604 645
604 687
604 689
605 38
605 56
605 95
605 181
605 273
605 504
605 651
605 696
606 63
606 135
606 142
606 376
606 417
606 481
606 489
606 666
607 10
607 86
607 180
607 217
607 313
607 316
607 421
607 549
607 580
607 627
607 692
607 696
608 0
608 8
608 21
608 49
608 76
608 168
608 175
608 183
608 273
608 309
608 430
608 471
608 529
608 569
609 6
609 265
609 316
609 349
609 417
609 476
609 536
609 576
609 686
610 31
610 132
610 171
610 227
610 405
610 440
610 616
610 659
610 689
611 17
611 350
611 357
611 463
611 473
611 489
612 91
612 136
612 164
612 170
612 189
612 210
612 364
612 681
613 8
613 39
613 85
613 98
613 190
613 197
613 223
613 267
613 365
613 370
613 388
613 400
613 438
613 447
613 490
613 537
613 586
613 596
613 667
613 685
614 287
614 323
614 386
614 392
614 465
614 497
614 523
614 547
614 617
614 683
615 5
615 81
615 106
615 120
615 146
615 156
615 177
615 352
615 370
615 405
615 441
615 480
615 491
615 550
615 624
616 15
616 143
616 446
616 480
616 493
616 610
616 637
617 51
617 88
617 343
617 374
617 461
617 497
617 572
617 614
617 638
617 679
617 688
618 12
618 109
618 146
618 168
618 255
618 343
618 475
618 543
618 649
619 61
619 121
619 183
619 299
619 360
619 418
619 446
619 508
619 536
619 553
619 577
619 655
620 9
620 18
620 200
620 216
620 232
620 248
620 349
620 357
620 381
620 480
620 482
620 511
620 531
621 45
621 57
621 189
621 233
621 236
621 317
621 406
621 474
621 510
621 523
621 540
621 625
621 657
622 70
622 179
622 199
622 418
623 17
623 37
623 76
623 155
623 405
623 410
623 449
623 470
623 538
623 570
623 588
623 658
624 41
624 188
624 246
624 351
624 356
624 377
624 384
624 405
624 413
624 540
624 615
624 664
625 4
625 32
625 63
625 201
625 295
625 355
625 358
625 413
625 444
625 546
625 621
625 664
625 694
626 78
626 174
626 231
626 262
626 280
626 458
626 511
626 550
626 557
626 566
627 106
627 236
627 369
627 451
627 523
627 532
627 555
627 607
628 169
628 189
628 205
628 207
628 263
628 359
628 376
628 406
628 458
629 28
629 32
629 90
629 99
629 139
629 243
629 276
629 461
629 682
629 689
630 134
630 137
630 140
630 402
630 515
630 523
630 524
630 648
630 659
630 675
631 154
631 256
631 303
631 507
631 540
631 572
632 95
632 113
632 123
632 334
632 466
632 487
632 539
633 7
633 32
633 216
633 280
633 341
633 430
633 438
633 480
633 504
633 566
633 604
634 86
634 120
634 276
634 290
634 383
634 473
635 91
635 177
635 693
635 696
636 9
636 106
636 123
636 225
636 247
636 512
636 580
636 658
637 42
637 226
637 233
637 240
637 292
637 312
637 419
637 438
637 463
637 563
637 573
637 616
638 88
638 246
638 280
638 427
638 617
639 46
639 190
639 322
639 332
639 365
639 469
639 479
639 501
639 527
639 642
639 643
639 647
640 12
640 107
640 354
640 365
640 422
640 438
640 492
640 528
640 533
641 59
641 83
641 148
641 176
641 227
641 268
641 414
641 678
642 2
642 15
642 25
642 62
642 69
642 200
642 224
642 236
642 305
642 639
642 682
643 233
643 302
643 352
643 355
643 461
643 502
643 639
643 670
644 15
644 48
644 56
644 104
644 153
644 204
644 213
644 225
644 258
644 312
644 338
644 351
644 360
644 458
644 511
644 541
644 550
644 568
644 670
644 679
645 260
645 312
645 340
645 351
645 407
645 498
645 516
645 526
645 556
645 579
645 604
646 58
646 143
646 182
646 189
646 191
646 217
646 224
646 441
646 460
646 528
646 575
646 656
647 81
647 84
647 300
647 378
647 418
647 639
647 669
647 686
648 36
648 58
648 129
648 180
648 235
648 253
648 299
648 303
648 319
648 364
648 497
648 562
648 630
649 71
649 78
649 89
649 133
649 145
649 221
649 256
649 316
649 360
649 618
649 661
649 669
650 49
650 149
650 176
650 198
650 278
650 334
650 351
650 382
650 408
650 422
650 441
650 565
650 585
650 690
651 131
651 246
651 317
651 398
651 477
651 485
651 490
651 492
651 605
652 2
652 148
652 194
652 213
652 245
652 336
652 346
652 367
652 379
652 448
652 578
653 135
653 184
653 193
653 342
653 670
654 5
654 73
654 146
654 244
654 255
654 389
654 432
654 509
654 533
654 541
654 696
655 132
655 168
655 336
655 381
655 472
655 619
656 70
656 217
656 268
656 300
656 327
656 379
656 396
656 482
656 529
656 541
656 646
656 663
656 681
657 91
657 187
657 201
657 222
657 225
657 258
657 313
657 344
657 362
657 411
657 436
657 471
657 621
658 40
658 138
658 144
658 304
658 316
658 444
658 449
658 462
658 558
658 570
658 623
658 636
658 672
659 200
659 237
659 286
659 387
659 456
659 471
659 610
659 630
659 672
660 175
660 352
660 412
660 420
660 468
660 689
661 0
661 14
661 19
661 98
661 216
661 406
661 455
661 469
661 520
661 549
661 649
661 665
662 30
662 38
662 79
662 103
662 123
662 198
662 244
662 297
662 430
663 6
663 161
663 302
663 313
663 360
663 389
663 424
663 520
663 656
664 18
664 55
664 57
664 214
664 268
664 330
664 624
664 625
664 693
665 29
665 37
665 125
665 303
665 357
665 517
665 556
665 661
665 686
666 45
666 117
666 262
666 344
666 380
666 459
666 590
666 606
667 249
667 283
667 296
667 457
667 613
668 52
668 322
668 365
668 558
668 582
668 591
669 21
669 97
669 144
669 179
669 426
669 483
669 516
669 567
669 570
669 590
669 647
669 649
670 54
670 113
670 149
670 170
670 231
670 443
670 544
670 643
670 644
670 653
670 676
671 51
671 393
672 28
672 267
672 658
672 659
672 685
673 106
673 127
673 198
673 284
673 381
673 511
673 539
673 591
674 44
674 62
674 83
674 133
674 198
674 560
674 683
674 690
675 3
675 37
675 166
675 466
675 495
675 527
675 556
675 630
676 89
676 110
676 122
676 196
676 286
676 310
676 418
676 426
676 670
676 677
676 692
677 35
677 83
677 91
677 167
677 171
677 226
677 259
677 269
677 331
677 376
677 382
677 417
677 496
677 551
677 560
677 563
677 676
678 16
678 73
678 78
678 117
678 219
678 494
678 546
678 595
678 598
678 641
679 27
679 52
679 64
679 79
679 123
679 155
679 217
679 227
679 366
679 617
679 644
680 113
680 174
680 189
680 233
680 277
680 368
680 449
680 457
680 524
680 548
680 569
681 83
681 130
681 222
681 293
681 310
681 416
681 551
681 612
681 656
682 26
682 80
682 169
682 419
682 544
682 579
682 629
682 642
683 169
683 204
683 226
683 256
683 585
683 614
683 674
684 108
684 114
684 457
684 526
684 544
684 545
684 589
685 95
685 180
685 191
685 376
685 498
685 555
685 561
685 563
685 613
685 672
686 24
686 240
686 245
686 306
686 408
686 597
686 598
686 609
686 647
686 665
687 242
687 288
687 439
687 448
687 470
687 491
687 604
688 21
688 115
688 144
688 173
688 215
688 273
688 402
688 411
688 452
688 528
688 573
688 591
688 617
689 41
689 128
689 143
689 203
689 294
689 305
689 382
689 604
689 610
689 629
689 660
690 58
690 70
690 122
690 213
690 330
690 422
690 551
690 561
690 650
690 674
690 692
690 693
691 20
691 59
691 147
691 165
691 207
691 224
691 300
691 313
691 423
691 432
691 457
691 485
691 548
691 590
692 119
692 199
692 263
692 309
692 396
692 399
692 566
692 607
692 676
692 690
692 693
692 694
693 44
693 96
693 122
693 143
693 197
693 356
693 537
693 635
693 664
693 690
693 692
693 694
694 47
694 127
694 143
694 187
694 302
694 625
694 692
694 693
695 4
695 111
695 198
695 266
695 353
695 440
695 524
695 597
696 14
696 166
696 220
696 223
696 314
696 327
696 371
696 375
696 396
696 478
696 496
696 519
696 598
696 605
696 607
696 635
696 654
697 21
697 34
697 124
697 160
697 321
697 408
697 494
697 552
697 576
697 603
698 102
698 150
698 245
698 292
698 301
698 498
698 517
699 87
699 118
699 174
699 283
699 358
699 378
699 591
699 602
