0 42
1 56
2 40
3 40
4 20
5 30
6 41
7 53
8 45
9 41
10 44
11 32
12 32
13 34
14 41
15 51
16 38
17 38
18 42
19 38
20 37
21 42
22 40
23 30
24 41
25 37
26 33
27 41
28 33
29 40
30 32
31 44
32 42
33 36
34 32
35 34
36 26
37 50
38 42
39 49
40 31
41 39
42 35
43 35
44 32
45 54
46 50
47 38
48 51
49 41
50 46
51 28
52 39
53 42
54 46
55 42
56 37
57 49
58 44
59 33
60 27
61 29
62 36
63 45
64 36
65 38
66 43
67 36
68 38
69 31
70 35
71 37
72 36
73 36
74 40
75 35
76 45
77 44
78 39
79 50
80 33
81 38
82 39
83 30
84 40
85 45
86 37
87 48
88 38
89 37
90 44
91 47
92 37
93 33
94 36
95 40
96 46
97 28
98 41
99 45
100 36
101 36
102 41
103 30
104 52
105 37
106 45
107 36
108 50
109 49
110 29
111 34
112 34
113 34
114 33
115 34
116 27
117 30
118 33
119 34
120 33
121 33
122 40
123 42
124 36
125 33
126 41
127 39
128 44
129 26
130 37
131 47
132 47
133 37
134 32
135 36
136 33
137 47
138 53
139 39
140 55
141 44
142 44
143 36
144 46
145 51
146 43
147 40
148 35
149 45
150 34
151 42
152 36
153 38
154 38
155 40
156 36
157 40
158 30
159 34
160 27
161 41
162 35
163 33
164 37
165 41
166 32
167 25
168 44
169 32
170 48
171 33
172 44
173 41
174 41
175 30
176 52
177 40
178 40
179 49
180 23
181 36
182 33
183 42
184 43
185 46
186 36
187 40
188 41
189 46
190 46
191 33
192 39
193 37
194 48
195 33
196 32
197 39
198 42
199 35
200 39
201 29
202 30
203 32
204 29
205 32
206 45
207 50
208 38
209 40
210 27
211 38
212 34
213 40
214 47
215 34
216 46
217 40
218 37
219 49
220 40
221 35
222 45
223 45
224 40
225 49
226 44
227 35
228 39
229 31
230 37
231 45
232 39
233 39
234 37
235 36
236 48
237 33
238 34
239 37
240 45
241 29
242 43
243 22
244 39
245 41
246 40
247 45
248 41
249 46
250 35
251 47
252 43
253 41
254 42
255 23
256 43
257 40
258 45
259 33
260 46
261 33
262 37
263 34
264 40
265 45
266 45
267 28
268 43
269 34
270 33
271 44
272 31
273 35
274 34
275 36
276 47
277 39
278 29
279 36
280 38
281 36
282 40
283 44
284 39
285 46
286 54
287 34
288 51
289 48
290 30
291 35
292 41
293 43
294 27
295 37
296 42
297 40
298 41
299 51
300 49
301 38
302 45
303 40
304 36
305 45
306 32
307 35
308 40
309 41
310 37
311 37
312 50
313 37
314 34
315 44
316 43
317 40
318 35
319 26
320 41
321 46
322 44
323 45
324 34
325 42
326 40
327 35
328 32
329 40
330 48
331 29
332 41
333 49
334 43
335 44
336 36
337 41
338 36
339 35
340 40
341 46
342 42
343 36
344 37
345 42
346 34
347 36
348 39
349 40
350 49
351 40
352 39
353 40
354 42
355 42
356 52
357 38
358 30
359 36
360 39
361 40
362 42
363 46
364 42
365 45
366 38
367 41
368 36
369 41
370 47
371 41
372 42
373 41
374 41
375 35
376 52
377 44
378 36
379 46
380 47
381 34
382 42
383 26
384 30
385 31
386 48
387 39
388 36
389 30
390 45
391 35
392 48
393 37
394 35
395 47
396 35
397 48
398 28
399 44
400 33
401 41
402 36
403 50
404 59
405 38
406 34
407 41
408 34
409 29
410 35
411 35
412 39
413 34
414 36
415 45
416 47
417 42
418 40
419 40
420 47
421 50
422 30
423 33
424 36
425 53
426 39
427 33
428 45
429 28
430 43
431 41
432 43
433 28
434 47
435 38
436 30
437 50
438 34
439 41
440 46
441 31
442 39
443 40
444 32
445 36
446 32
447 28
448 41
449 42
450 43
451 46
452 38
453 50
454 42
455 45
456 37
457 40
458 30
459 35
460 46
461 31
462 37
463 37
464 40
465 34
466 48
467 35
468 29
469 49
470 31
471 42
472 44
473 33
474 44
475 38
476 34
477 35
478 39
479 40
480 23
481 48
482 47
483 35
484 40
485 52
486 38
487 45
488 30
489 40
490 44
491 49
492 49
493 38
494 39
495 46
496 39
497 34
498 41
499 48
500 29
501 50
502 36
503 45
504 48
505 41
506 41
507 41
508 35
509 29
510 35
511 37
512 40
513 41
514 40
515 47
516 26
517 45
518 42
519 37
520 40
521 41
522 35
523 32
524 40
525 48
526 49
527 34
528 31
529 48
530 45
531 34
532 34
533 36
534 46
535 43
536 41
537 33
538 38
539 34
540 33
541 39
542 44
543 40
544 43
545 32
546 34
547 46
548 36
549 42
550 36
551 41
552 31
553 49
554 42
555 32
556 33
557 34
558 43
559 38
560 41
561 36
562 48
563 36
564 42
565 40
566 39
567 40
568 43
569 41
570 32
571 40
572 33
573 37
574 37
575 43
576 34
577 37
578 53
579 40
580 44
581 38
582 40
583 40
584 32
585 48
586 32
587 42
588 37
589 34
590 40
591 34
592 46
593 43
594 47
595 34
596 35
597 39
598 40
599 36
600 42
601 39
602 27
603 39
604 38
605 36
606 32
607 38
608 31
609 30
610 50
611 44
612 38
613 28
614 44
615 46
616 37
617 43
618 41
619 47
620 39
621 43
622 42
623 31
624 41
625 39
626 40
627 40
628 40
629 36
630 35
631 40
632 25
633 42
634 35
635 36
636 35
637 45
638 37
639 41
640 33
641 36
642 46
643 45
644 28
645 37
646 44
647 35
648 40
649 45
650 41
651 42
652 29
653 33
654 48
655 42
656 33
657 41
658 38
659 33
660 40
661 37
662 33
663 38
664 26
665 45
666 35
667 32
668 45
669 32
670 43
671 31
672 37
673 41
674 38
675 42
676 46
677 41
678 38
679 36
680 38
681 26
682 43
683 38
684 34
685 36
686 41
687 47
688 52
689 37
690 39
691 41
692 29
693 47
694 40
695 44
696 36
697 47
698 34
699 33
700 37
701 36
702 33
703 40
704 45
705 38
706 37
707 53
708 38
709 38
710 41
711 45
712 39
713 27
714 40
715 45
716 41
717 34
718 39
719 35
720 36
721 47
722 32
723 34
724 31
725 33
726 46
727 46
728 43
729 37
730 38
731 45
732 44
733 42
734 43
735 38
736 39
737 34
738 29
739 48
740 48
741 47
742 49
743 31
744 41
745 55
746 33
747 42
748 31
749 39
750 33
751 29
752 50
753 43
754 34
755 35
756 39
757 37
758 38
759 38
760 41
761 38
762 37
763 40
764 25
765 33
766 44
767 25
768 44
769 57
770 52
771 37
772 50
773 47
774 39
775 42
776 40
777 34
778 32
779 36
780 36
781 33
782 41
783 42
784 31
785 31
786 51
787 33
788 31
789 32
790 43
791 41
792 44
793 35
794 44
795 38
796 48
797 34
798 38
799 40
800 36
801 37
802 44
803 38
804 41
805 35
806 36
807 36
808 34
809 46
810 46
811 41
812 53
813 41
814 34
815 32
816 52
817 48
818 35
819 45
820 47
821 42
822 33
823 44
824 43
825 39
826 34
827 41
828 32
829 33
830 43
831 40
832 27
833 27
834 56
835 33
836 46
837 40
838 43
839 34
840 38
841 47
842 36
843 32
844 37
845 43
846 37
847 54
848 41
849 43
850 33
851 33
852 37
853 36
854 34
855 49
856 46
857 36
858 46
859 43
860 44
861 31
862 38
863 30
864 61
865 53
866 30
867 44
868 30
869 34
870 35
871 35
872 40
873 46
874 40
875 37
876 35
877 35
878 29
879 28
880 41
881 39
882 40
883 31
884 40
885 43
886 45
887 37
888 37
889 32
890 34
891 36
892 45
893 45
894 31
895 37
896 35
897 39
898 35
899 55
900 36
901 32
902 28
903 39
904 25
905 33
906 35
907 46
908 38
909 43
910 43
911 43
912 39
913 39
914 35
915 46
916 43
917 41
918 26
919 42
920 40
921 30
922 30
923 33
924 36
925 40
926 51
927 28
928 30
929 37
930 42
931 43
932 39
933 47
934 43
935 41
936 27
937 35
938 34
939 36
940 27
941 31
942 32
943 45
944 40
945 37
946 37
947 33
948 45
949 42
950 33
951 33
952 36
953 30
954 30
955 37
956 33
957 42
958 34
959 34
960 39
961 49
962 39
963 38
964 38
965 36
966 32
967 37
968 58
969 33
970 35
971 46
972 24
973 35
974 40
975 40
976 44
977 35
978 40
979 36
980 52
981 35
982 39
983 38
984 35
985 32
986 33
987 29
988 46
989 38
990 41
991 41
992 35
993 41
994 30
995 33
996 42
997 42
998 35
999 48
