0 34
1 34
2 29
3 29
4 28
5 30
6 41
7 27
8 41
9 37
10 33
11 32
12 41
13 29
14 37
15 34
16 27
17 25
18 40
19 32
20 39
21 31
22 32
23 28
24 30
25 32
26 29
27 43
28 27
29 32
30 34
31 34
32 34
33 37
34 42
35 35
36 32
37 40
38 32
39 35
40 46
41 29
42 36
43 35
44 26
45 39
46 43
47 43
48 39
49 41
50 30
51 34
52 35
53 42
54 41
55 39
56 33
57 29
58 27
59 38
60 34
61 30
62 32
63 32
64 38
65 46
66 29
67 32
68 44
69 35
70 34
71 38
72 28
73 31
74 28
75 38
76 27
77 23
78 40
79 30
80 37
81 29
82 37
83 35
84 26
85 36
86 46
87 41
88 33
89 32
90 27
91 39
92 38
93 37
94 36
95 23
96 39
97 25
98 46
99 29
100 37
101 27
102 34
103 32
104 34
105 31
106 28
107 42
108 37
109 28
110 42
111 32
112 41
113 50
114 36
115 30
116 33
117 26
118 35
119 29
120 28
121 30
122 37
123 37
124 39
125 40
126 31
127 29
128 43
129 44
130 32
131 30
132 28
133 32
134 48
135 30
136 40
137 25
138 30
139 35
140 30
141 32
142 42
143 31
144 37
145 36
146 45
147 42
148 42
149 36
150 40
151 41
152 26
153 26
154 33
155 30
156 31
157 30
158 39
159 26
160 32
161 38
162 34
163 46
164 46
165 29
166 31
167 38
168 27
169 41
170 35
171 34
172 40
173 37
174 35
175 38
176 36
177 36
178 29
179 29
180 34
181 35
182 45
183 39
184 40
185 27
186 39
187 40
188 31
189 40
190 30
191 28
192 33
193 32
194 34
195 44
196 39
197 31
198 34
199 38
200 40
201 36
202 33
203 35
204 38
205 34
206 45
207 31
208 42
209 35
210 36
211 29
212 30
213 41
214 34
215 23
216 33
217 38
218 35
219 38
220 29
221 41
222 38
223 34
224 31
225 34
226 34
227 23
228 36
229 43
230 23
231 32
232 32
233 46
234 25
235 33
236 36
237 36
238 38
239 39
240 41
241 31
242 42
243 30
244 41
245 36
246 33
247 38
248 28
249 41
250 29
251 37
252 37
253 38
254 37
255 35
256 30
257 36
258 33
259 40
260 36
261 34
262 38
263 39
264 27
265 27
266 33
267 44
268 29
269 40
270 32
271 28
272 41
273 36
274 25
275 43
276 41
277 36
278 39
279 32
280 33
281 42
282 32
283 33
284 42
285 27
286 32
287 33
288 38
289 39
290 33
291 34
292 34
293 32
294 38
295 27
296 35
297 41
298 34
299 44
300 43
301 31
302 34
303 25
304 34
305 33
306 43
307 36
308 32
309 38
310 34
311 39
312 31
313 33
314 31
315 36
316 27
317 28
318 39
319 37
320 34
321 35
322 31
323 41
324 29
325 40
326 37
327 40
328 38
329 36
330 26
331 28
332 36
333 27
334 32
335 37
336 26
337 38
338 32
339 25
340 37
341 38
342 31
343 27
344 27
345 26
346 36
347 26
348 36
349 35
350 36
351 39
352 45
353 30
354 38
355 31
356 41
357 43
358 32
359 36
360 34
361 38
362 35
363 30
364 37
365 37
366 43
367 34
368 45
369 34
370 25
371 36
372 36
373 29
374 32
375 39
376 43
377 29
378 34
379 33
380 29
381 31
382 31
383 40
384 38
385 41
386 36
387 28
388 42
389 43
390 29
391 36
392 33
393 27
394 32
395 37
396 37
397 37
398 39
399 40
400 39
401 43
402 38
403 30
404 36
405 33
406 37
407 32
408 28
409 41
410 26
411 38
412 39
413 36
414 46
415 33
416 44
417 46
418 44
419 32
420 36
421 38
422 39
423 36
424 31
425 31
426 37
427 47
428 33
429 35
430 44
431 36
432 30
433 30
434 42
435 44
436 35
437 36
438 29
439 30
440 36
441 37
442 40
443 26
444 38
445 30
446 37
447 31
448 32
449 26
450 43
451 41
452 30
453 43
454 32
455 30
456 43
457 33
458 33
459 30
460 37
461 29
462 35
463 32
464 31
465 29
466 35
467 37
468 31
469 44
470 49
471 36
472 30
473 26
474 34
475 36
476 31
477 39
478 38
479 39
480 41
481 34
482 36
483 38
484 35
485 45
486 42
487 41
488 35
489 30
490 26
491 37
492 40
493 35
494 34
495 29
496 30
497 37
498 34
499 39
500 35
501 39
502 41
503 31
504 30
505 33
506 31
507 43
508 29
509 37
510 27
511 44
512 34
513 31
514 36
515 31
516 30
517 37
518 35
519 27
520 38
521 44
522 43
523 22
524 41
525 36
526 38
527 34
528 29
529 38
530 37
531 36
532 33
533 32
534 30
535 27
536 43
537 32
538 37
539 30
540 47
541 46
542 31
543 41
544 36
545 41
546 29
547 35
548 38
549 34
550 38
551 29
552 32
553 38
554 30
555 27
556 37
557 36
558 34
559 42
560 40
561 37
562 34
563 32
564 39
565 42
566 30
567 38
568 38
569 25
570 41
571 36
572 34
573 38
574 27
575 33
576 35
577 33
578 35
579 31
580 36
581 39
582 38
583 41
584 30
585 26
586 29
587 40
588 33
589 46
590 33
591 36
592 26
593 36
594 27
595 37
596 34
597 34
598 34
599 30
600 38
601 35
602 30
603 32
604 34
605 28
606 30
607 36
608 37
609 31
610 31
611 37
612 39
613 38
614 38
615 37
616 42
617 47
618 39
619 33
620 40
621 30
622 27
623 45
624 35
625 33
626 34
627 31
628 33
629 38
630 26
631 40
632 34
633 34
634 48
635 36
636 35
637 25
638 35
639 38
640 36
641 38
642 46
643 32
644 37
645 31
646 41
647 30
648 46
649 40
650 22
651 31
652 37
653 34
654 38
655 34
656 37
657 38
658 28
659 34
660 41
661 32
662 41
663 45
664 25
665 31
666 37
667 42
668 39
669 40
670 36
671 31
672 43
673 24
674 34
675 38
676 41
677 39
678 37
679 33
680 37
681 37
682 42
683 29
684 40
685 34
686 43
687 31
688 35
689 36
690 31
691 44
692 39
693 42
694 23
695 42
696 35
697 19
698 31
699 39
700 35
701 31
702 30
703 40
704 34
705 43
706 33
707 51
708 41
709 38
710 47
711 37
712 26
713 40
714 24
715 38
716 33
717 30
718 40
719 40
720 31
721 30
722 23
723 31
724 26
725 34
726 44
727 38
728 36
729 35
730 42
731 25
732 32
733 28
734 29
735 33
736 23
737 29
738 39
739 42
740 33
741 39
742 32
743 41
744 34
745 42
746 43
747 31
748 31
749 38
750 34
751 28
752 38
753 34
754 34
755 34
756 20
757 38
758 18
759 35
760 37
761 25
762 29
763 37
764 44
765 33
766 34
767 31
768 39
769 29
770 45
771 34
772 37
773 26
774 27
775 33
776 34
777 36
778 38
779 44
780 38
781 26
782 27
783 38
784 28
785 38
786 34
787 26
788 34
789 38
790 35
791 15
792 31
793 35
794 37
795 38
796 32
797 34
798 31
799 34
