0 35
1 34
2 34
3 29
4 29
5 29
6 34
7 40
8 29
9 31
10 26
11 32
12 29
13 28
14 19
15 23
16 32
17 29
18 30
19 25
20 19
21 24
22 25
23 27
24 28
25 31
26 36
27 37
28 28
29 27
30 24
31 23
32 36
33 29
34 34
35 22
36 36
37 37
38 24
39 23
40 21
41 33
42 23
43 35
44 33
45 26
46 36
47 30
48 24
49 28
50 33
51 21
52 35
53 29
54 29
55 30
56 26
57 31
58 28
59 21
60 26
61 22
62 22
63 35
64 32
65 26
66 28
67 30
68 30
69 21
70 25
71 23
72 34
73 21
74 30
75 35
76 32
77 23
78 28
79 25
80 30
81 32
82 22
83 23
84 25
85 28
86 28
87 28
88 23
89 30
90 34
91 27
92 23
93 30
94 22
95 25
96 35
97 31
98 30
99 32
100 34
101 42
102 22
103 29
104 26
105 31
106 25
107 36
108 21
109 34
110 26
111 33
112 41
113 36
114 30
115 31
116 18
117 30
118 30
119 28
120 25
121 27
122 23
123 35
124 25
125 27
126 32
127 24
128 33
129 27
130 24
131 16
132 29
133 30
134 32
135 29
136 32
137 23
138 25
139 32
140 29
141 23
142 30
143 30
144 29
145 31
146 24
147 24
148 29
149 33
150 26
151 30
152 36
153 41
154 23
155 22
156 28
157 28
158 24
159 29
160 33
161 27
162 21
163 27
164 32
165 27
166 26
167 30
168 37
169 24
170 36
171 30
172 28
173 29
174 33
175 26
176 17
177 31
178 21
179 35
180 29
181 25
182 32
183 19
184 28
185 35
186 34
187 28
188 23
189 27
190 28
191 28
192 32
193 21
194 29
195 30
196 30
197 18
198 19
199 36
200 30
201 21
202 29
203 32
204 31
205 30
206 27
207 22
208 31
209 29
210 25
211 35
212 22
213 30
214 25
215 37
216 31
217 28
218 25
219 22
220 38
221 32
222 34
223 29
224 32
225 31
226 33
227 34
228 24
229 30
230 25
231 30
232 27
233 26
234 26
235 29
236 24
237 30
238 22
239 24
240 28
241 26
242 28
243 28
244 27
245 30
246 32
247 27
248 24
249 29
250 41
251 23
252 30
253 21
254 32
255 34
256 25
257 28
258 33
259 22
260 34
261 29
262 34
263 23
264 35
265 25
266 26
267 30
268 23
269 30
270 34
271 32
272 28
273 32
274 35
275 35
276 31
277 27
278 30
279 28
280 27
281 29
282 28
283 33
284 29
285 26
286 31
287 37
288 32
289 34
290 27
291 20
292 32
293 29
294 40
295 24
296 24
297 31
298 27
299 31
300 28
301 31
302 34
303 34
304 35
305 21
306 30
307 31
308 28
309 35
310 23
311 23
312 29
313 22
314 26
315 27
316 26
317 35
318 32
319 27
320 26
321 31
322 26
323 30
324 27
325 30
326 28
327 35
328 32
329 22
330 33
331 23
332 32
333 32
334 31
335 31
336 30
337 36
338 28
339 31
340 24
341 18
342 28
343 29
344 34
345 38
346 23
347 29
348 39
349 27
350 36
351 24
352 29
353 34
354 23
355 30
356 22
357 25
358 47
359 20
360 27
361 36
362 29
363 40
364 24
365 37
366 21
367 38
368 30
369 29
370 25
371 28
372 24
373 30
374 33
375 27
376 27
377 26
378 29
379 30
380 28
381 32
382 33
383 23
384 26
385 34
386 25
387 24
388 29
389 38
390 29
391 35
392 37
393 30
394 25
395 27
396 25
397 33
398 31
399 36
400 26
401 26
402 21
403 23
404 28
405 29
406 24
407 27
408 30
409 34
410 20
411 28
412 29
413 29
414 34
415 29
416 30
417 37
418 39
419 18
420 27
421 23
422 29
423 32
424 38
425 34
426 24
427 27
428 28
429 27
430 20
431 32
432 28
433 18
434 36
435 29
436 38
437 27
438 28
439 26
440 26
441 27
442 21
443 29
444 36
445 32
446 26
447 37
448 33
449 34
450 36
451 29
452 28
453 22
454 28
455 26
456 23
457 33
458 30
459 24
460 32
461 22
462 37
463 33
464 23
465 29
466 35
467 27
468 26
469 30
470 26
471 26
472 29
473 37
474 26
475 34
476 29
477 27
478 31
479 34
480 24
481 36
482 32
483 33
484 29
485 30
486 29
487 24
488 23
489 36
490 35
491 36
492 35
493 26
494 28
495 32
496 25
497 29
498 21
499 17
