0 106
1 110
2 168
3 87
4 100
5 91
6 105
7 104
8 99
9 91
10 96
11 86
12 92
13 88
14 80
15 72
16 109
17 51
18 73
19 60
20 90
21 53
22 49
23 59
24 74
25 78
26 43
27 47
28 64
29 54
30 52
31 59
32 49
33 64
34 65
35 42
36 47
37 58
38 36
39 52
40 31
41 42
42 53
43 59
44 54
45 42
46 43
47 46
48 63
49 49
50 32
51 30
52 37
53 55
54 31
55 57
56 26
57 30
58 46
59 34
60 38
61 55
62 34
63 25
64 30
65 29
66 22
67 19
68 58
69 29
70 49
71 27
72 35
73 33
74 20
75 43
76 21
77 35
78 28
79 36
80 26
81 29
82 41
83 25
84 35
85 33
86 28
87 19
88 31
89 39
90 15
91 31
92 39
93 28
94 22
95 28
96 34
97 37
98 24
99 33
100 15
101 25
102 24
103 34
104 27
105 25
106 29
107 38
108 33
109 24
110 17
111 23
112 31
113 26
114 19
115 25
116 38
117 19
118 22
119 19
120 23
121 29
122 27
123 38
124 36
125 27
126 18
127 22
128 29
129 20
130 16
131 26
132 31
133 20
134 37
135 23
136 28
137 23
138 30
139 22
140 16
141 25
142 25
143 21
144 13
145 21
146 23
147 17
148 29
149 24
150 19
151 26
152 20
153 24
154 20
155 20
156 23
157 28
158 36
159 18
160 23
161 26
162 31
163 24
164 18
165 26
166 28
167 22
168 26
169 16
170 31
171 19
172 15
173 28
174 18
175 28
176 14
177 30
178 26
179 30
180 18
181 15
182 19
183 30
184 28
185 35
186 15
187 21
188 11
189 16
190 26
191 27
192 23
193 25
194 16
195 11
196 16
197 14
198 18
199 21
200 17
201 20
202 19
203 13
204 16
205 15
206 20
207 17
208 22
209 22
210 15
211 22
212 19
213 16
214 13
215 20
216 30
217 20
218 21
219 20
220 29
221 18
222 11
223 12
224 20
225 20
226 20
227 21
228 17
229 18
230 20
231 17
232 22
233 17
234 20
235 21
236 20
237 12
238 24
239 16
240 24
241 21
242 20
243 17
244 15
245 18
246 21
247 24
248 14
249 13
250 13
251 26
252 12
253 18
254 15
255 19
256 17
257 12
258 17
259 17
260 18
261 17
262 19
263 17
264 20
265 15
266 16
267 20
268 19
269 13
270 14
271 14
272 11
273 15
274 13
275 20
276 16
277 21
278 13
279 14
280 20
281 12
282 14
283 17
284 14
285 14
286 15
287 17
288 16
289 16
290 14
291 12
292 18
293 13
294 10
295 13
296 13
297 12
298 16
299 12
300 14
301 16
302 12
303 12
304 21
305 15
306 12
307 11
308 14
309 15
310 13
311 18
312 21
313 16
314 19
315 15
316 20
317 15
318 14
319 17
320 12
321 14
322 17
323 16
324 19
325 15
326 15
327 20
328 14
329 10
330 14
331 14
332 17
333 15
334 14
335 13
336 16
337 15
338 13
339 16
340 14
341 13
342 16
343 11
344 14
345 16
346 14
347 20
348 16
349 11
350 14
351 18
352 14
353 14
354 12
355 14
356 17
357 11
358 15
359 15
360 14
361 12
362 19
363 14
364 11
365 13
366 14
367 11
368 12
369 12
370 9
371 14
372 14
373 16
374 14
375 12
376 9
377 11
378 12
379 12
380 13
381 16
382 11
383 15
384 14
385 13
386 11
387 19
388 15
389 16
390 17
391 12
392 11
393 10
394 11
395 18
396 12
397 16
398 11
399 13
400 10
401 19
402 15
403 14
404 11
405 12
406 15
407 10
408 14
409 12
410 12
411 10
412 11
413 10
414 13
415 12
416 15
417 17
418 13
419 11
420 12
421 11
422 14
423 17
424 10
425 12
426 11
427 13
428 14
429 18
430 12
431 13
432 12
433 11
434 12
435 9
436 13
437 11
438 15
439 15
440 11
441 17
442 17
443 11
444 11
445 15
446 11
447 11
448 12
449 13
450 14
451 16
452 12
453 12
454 9
455 11
456 14
457 13
458 10
459 10
460 13
461 11
462 13
463 10
464 18
465 10
466 10
467 13
468 10
469 11
470 10
471 10
472 10
473 10
474 10
475 13
476 9
477 11
478 11
479 10
480 11
481 11
482 14
483 9
484 10
485 12
486 13
487 13
488 11
489 12
490 15
491 14
492 12
493 10
494 13
495 11
496 11
497 12
498 9
499 13
500 10
501 10
502 14
503 10
504 10
505 10
506 11
507 9
508 15
509 9
510 9
511 13
512 10
513 11
514 11
515 10
516 16
517 10
518 11
519 10
520 11
521 9
522 10
523 10
524 11
525 12
526 8
527 9
528 11
529 10
530 16
531 10
532 10
533 13
534 11
535 14
536 10
537 12
538 11
539 11
540 12
541 14
542 9
543 12
544 11
545 11
546 10
547 11
548 13
549 11
550 15
551 10
552 15
553 9
554 9
555 13
556 13
557 11
558 10
559 10
560 10
561 13
562 11
563 11
564 10
565 14
566 9
567 10
568 10
569 11
570 12
571 10
572 13
573 11
574 12
575 11
576 13
577 12
578 12
579 10
580 10
581 10
582 11
583 11
584 11
585 12
586 11
587 9
588 10
589 11
590 10
591 10
592 9
593 14
594 9
595 11
596 9
597 10
598 9
599 11
600 12
601 11
602 10
603 10
604 14
605 13
606 12
607 10
608 10
609 9
610 13
611 10
612 12
613 9
614 9
615 11
616 9
617 8
618 9
619 10
620 10
621 11
622 10
623 10
624 9
625 14
626 9
627 12
628 9
629 9
630 11
631 9
632 8
633 10
634 12
635 10
636 10
637 10
638 11
639 10
640 10
641 14
642 9
643 10
644 9
645 14
646 9
647 10
648 9
649 11
650 8
651 11
652 9
653 10
654 9
655 9
656 10
657 12
658 10
659 9
660 11
661 10
662 13
663 9
664 9
665 10
666 9
667 9
668 10
669 11
670 10
671 9
672 8
673 9
674 10
675 10
676 10
677 10
678 9
679 9
680 9
681 9
682 10
683 10
684 9
685 9
686 10
687 9
688 11
689 10
690 10
691 10
692 10
693 9
694 10
695 10
696 9
697 9
698 10
699 9
700 9
701 9
702 10
703 10
704 11
705 10
706 8
707 10
708 8
709 10
710 11
711 12
712 10
713 9
714 9
715 9
716 9
717 10
718 11
719 10
720 9
721 9
722 10
723 9
724 10
725 10
726 9
727 9
728 11
729 9
730 10
731 10
732 10
733 11
734 10
735 11
736 10
737 9
738 10
739 9
740 10
741 9
742 9
743 9
744 9
745 9
746 10
747 9
748 11
749 9
750 9
751 9
752 9
753 9
754 9
755 9
756 9
757 11
758 9
759 10
760 10
761 9
762 9
763 10
764 9
765 8
766 10
767 11
768 9
769 11
770 9
771 9
772 9
773 9
774 9
775 9
776 9
777 9
778 9
779 9
780 9
781 10
782 10
783 9
784 9
785 9
786 9
787 9
788 9
789 9
790 9
791 10
792 9
793 9
794 9
795 9
796 9
797 9
798 9
799 9
