0 128
1 130
2 108
3 78
4 107
5 83
6 100
7 117
8 141
9 151
10 123
11 142
12 100
13 80
14 87
15 78
16 74
17 82
18 52
19 64
20 43
21 77
22 68
23 73
24 102
25 89
26 69
27 77
28 66
29 49
30 49
31 57
32 74
33 40
34 44
35 53
36 52
37 49
38 42
39 47
40 55
41 30
42 65
43 50
44 69
45 60
46 52
47 73
48 37
49 60
50 48
51 44
52 32
53 43
54 49
55 47
56 58
57 45
58 34
59 33
60 27
61 40
62 40
63 39
64 31
65 41
66 48
67 54
68 28
69 40
70 39
71 48
72 36
73 47
74 33
75 52
76 30
77 44
78 30
79 34
80 45
81 49
82 35
83 25
84 27
85 47
86 44
87 22
88 46
89 29
90 38
91 21
92 30
93 35
94 55
95 28
96 48
97 29
98 26
99 29
100 39
101 22
102 19
103 28
104 28
105 23
106 35
107 30
108 30
109 38
110 30
111 41
112 27
113 23
114 38
115 33
116 24
117 48
118 32
119 29
120 19
121 31
122 30
123 37
124 30
125 29
126 24
127 30
128 29
129 25
130 19
131 31
132 20
133 25
134 30
135 22
136 21
137 19
138 22
139 18
140 18
141 21
142 17
143 21
144 23
145 20
146 20
147 37
148 27
149 22
150 22
151 24
152 30
153 24
154 21
155 21
156 37
157 29
158 28
159 30
160 26
161 27
162 21
163 16
164 28
165 18
166 24
167 25
168 18
169 33
170 35
171 21
172 23
173 20
174 21
175 23
176 22
177 36
178 21
179 29
180 28
181 20
182 25
183 25
184 36
185 17
186 23
187 21
188 24
189 22
190 22
191 22
192 18
193 19
194 20
195 17
196 14
197 16
198 25
199 19
200 25
201 19
202 24
203 16
204 27
205 19
206 15
207 26
208 20
209 14
210 16
211 19
212 14
213 25
214 22
215 14
216 14
217 20
218 16
219 19
220 18
221 16
222 26
223 30
224 16
225 16
226 17
227 21
228 23
229 24
230 22
231 23
232 16
233 22
234 21
235 22
236 21
237 21
238 16
239 20
240 19
241 18
242 26
243 21
244 19
245 23
246 16
247 19
248 22
249 19
250 22
251 18
252 23
253 18
254 23
255 15
256 19
257 20
258 24
259 19
260 20
261 22
262 19
263 28
264 17
265 17
266 18
267 13
268 20
269 16
270 14
271 18
272 19
273 19
274 14
275 13
276 18
277 15
278 13
279 12
280 23
281 18
282 29
283 19
284 20
285 15
286 20
287 21
288 18
289 15
290 18
291 13
292 19
293 19
294 18
295 14
296 18
297 19
298 24
299 21
300 18
301 16
302 20
303 16
304 15
305 18
306 16
307 14
308 16
309 15
310 21
311 15
312 15
313 16
314 17
315 20
316 15
317 18
318 16
319 16
320 16
321 14
322 16
323 12
324 22
325 18
326 21
327 21
328 14
329 17
330 15
331 16
332 14
333 16
334 18
335 17
336 19
337 14
338 17
339 16
340 17
341 22
342 15
343 25
344 17
345 14
346 16
347 14
348 20
349 14
350 20
351 14
352 17
353 17
354 17
355 14
356 16
357 14
358 15
359 16
360 16
361 18
362 15
363 15
364 19
365 18
366 15
367 18
368 17
369 11
370 21
371 15
372 16
373 14
374 15
375 18
376 17
377 14
378 14
379 18
380 18
381 16
382 14
383 18
384 16
385 15
386 19
387 14
388 15
389 14
390 18
391 23
392 16
393 16
394 14
395 13
396 14
397 19
398 15
399 14
400 13
401 12
402 14
403 15
404 17
405 20
406 13
407 15
408 10
409 14
410 10
411 16
412 14
413 14
414 13
415 13
416 13
417 14
418 14
419 12
420 11
421 14
422 15
423 14
424 12
425 13
426 19
427 16
428 13
429 14
430 15
431 12
432 12
433 14
434 12
435 16
436 16
437 12
438 13
439 12
440 13
441 12
442 13
443 17
444 13
445 12
446 11
447 17
448 14
449 14
450 13
451 15
452 11
453 12
454 16
455 13
456 15
457 14
458 13
459 14
460 16
461 12
462 13
463 14
464 13
465 14
466 13
467 12
468 15
469 17
470 15
471 14
472 14
473 12
474 16
475 15
476 11
477 12
478 10
479 12
480 13
481 13
482 13
483 12
484 12
485 13
486 14
487 14
488 17
489 13
490 11
491 12
492 13
493 14
494 13
495 11
496 11
497 13
498 12
499 10
500 14
501 11
502 11
503 12
504 15
505 17
506 11
507 11
508 17
509 15
510 11
511 13
512 11
513 12
514 13
515 13
516 13
517 11
518 14
519 14
520 14
521 12
522 10
523 13
524 11
525 13
526 16
527 12
528 12
529 12
530 12
531 13
532 14
533 11
534 14
535 13
536 16
537 15
538 11
539 11
540 11
541 11
542 13
543 15
544 10
545 11
546 13
547 11
548 13
549 12
550 16
551 11
552 12
553 14
554 11
555 10
556 11
557 12
558 11
559 13
560 11
561 12
562 12
563 12
564 13
565 11
566 13
567 12
568 13
569 13
570 11
571 12
572 13
573 12
574 11
575 13
576 11
577 13
578 13
579 13
580 12
581 15
582 17
583 15
584 15
585 12
586 11
587 11
588 12
589 13
590 13
591 12
592 12
593 11
594 11
595 13
596 10
597 12
598 11
599 11
600 11
601 12
602 12
603 11
604 12
605 12
606 12
607 12
608 11
609 12
610 12
611 11
612 11
613 11
614 11
615 12
616 11
617 12
618 14
619 13
620 11
621 10
622 11
623 11
624 11
625 11
626 12
627 12
628 11
629 11
630 11
631 12
632 12
633 11
634 11
635 11
636 10
637 12
638 13
639 12
640 11
641 11
642 11
643 12
644 11
645 12
646 11
647 11
648 11
649 11
650 11
651 11
652 12
653 11
654 11
655 12
656 11
657 11
658 12
659 11
660 11
661 11
662 11
663 11
664 11
665 11
666 11
667 11
668 11
669 11
670 11
671 11
672 11
673 11
674 12
675 11
676 11
677 11
678 11
679 10
680 12
681 12
682 11
683 11
684 12
685 11
686 11
687 11
688 11
689 11
690 11
691 11
692 11
693 11
694 11
695 11
696 11
697 11
698 11
699 11
