0 1
0 2
0 3
0 4
0 5
0 6
0 7
0 8
0 9
0 10
0 11
0 12
0 13
0 14
0 17
0 18
0 19
0 21
0 23
0 24
0 26
0 27
0 28
0 32
0 36
0 37
0 40
0 45
0 51
0 52
0 53
0 54
0 64
0 66
0 70
0 79
0 80
0 91
0 110
0 124
0 135
0 138
0 143
0 146
0 150
0 152
0 156
0 157
0 170
0 172
0 184
0 190
0 199
0 212
0 214
0 232
0 241
0 268
0 287
0 291
0 297
0 298
0 316
0 340
0 356
0 374
0 381
0 382
0 393
0 403
0 411
0 415
0 420
0 421
0 424
0 446
0 454
0 459
0 468
0 494
0 496
1 0
1 2
1 3
1 4
1 5
1 6
1 7
1 8
1 9
1 10
1 11
1 12
1 13
1 14
1 15
1 16
1 17
1 18
1 21
1 26
1 27
1 29
1 30
1 31
1 35
1 38
1 39
1 41
1 42
1 43
1 45
1 49
1 55
1 56
1 64
1 66
1 70
1 83
1 90
1 98
1 101
1 107
1 108
1 111
1 113
1 114
1 118
1 119
1 127
1 129
1 130
1 141
1 143
1 156
1 158
1 161
1 171
1 177
1 178
1 188
1 191
1 195
1 198
1 199
1 206
1 210
1 212
1 222
1 223
1 233
1 254
1 264
1 274
1 279
1 283
1 302
1 306
1 308
1 332
1 347
1 355
1 359
1 367
1 379
1 381
1 388
1 394
1 415
1 424
1 427
1 430
1 433
1 436
1 437
1 456
1 462
1 468
1 472
1 475
1 482
2 0
2 1
2 3
2 4
2 5
2 6
2 7
2 8
2 9
2 10
2 11
2 12
2 13
2 14
2 15
2 17
2 18
2 19
2 20
2 21
2 23
2 24
2 26
2 30
2 31
2 33
2 35
2 36
2 37
2 48
2 52
2 59
2 60
2 62
2 64
2 66
2 67
2 76
2 80
2 95
2 99
2 104
2 128
2 135
2 146
2 148
2 151
2 154
2 161
2 169
2 178
2 182
2 185
2 189
2 197
2 201
2 208
2 209
2 210
2 215
2 217
2 221
2 228
2 235
2 247
2 272
2 273
2 278
2 284
2 289
2 290
2 292
2 293
2 295
2 315
2 325
2 330
2 334
2 336
2 340
2 366
2 373
2 390
2 408
2 445
2 448
2 458
2 471
2 498
3 0
3 1
3 2
3 4
3 5
3 6
3 7
3 8
3 9
3 10
3 11
3 12
3 13
3 14
3 15
3 16
3 18
3 19
3 20
3 21
3 22
3 25
3 26
3 28
3 29
3 31
3 33
3 34
3 35
3 37
3 40
3 42
3 43
3 46
3 49
3 51
3 54
3 56
3 57
3 66
3 71
3 79
3 81
3 82
3 84
3 90
3 96
3 99
3 134
3 142
3 145
3 150
3 153
3 156
3 162
3 168
3 170
3 171
3 174
3 184
3 187
3 188
3 211
3 212
3 215
3 244
3 246
3 251
3 254
3 257
3 272
3 275
3 278
3 280
3 287
3 292
3 298
3 307
3 312
3 333
3 341
3 345
3 351
3 375
3 385
3 390
3 396
3 400
3 403
3 418
3 432
3 434
3 444
3 448
3 452
3 460
3 461
3 478
3 481
3 488
4 0
4 1
4 2
4 3
4 5
4 6
4 7
4 8
4 9
4 10
4 11
4 12
4 13
4 16
4 18
4 19
4 22
4 24
4 25
4 26
4 27
4 29
4 30
4 31
4 34
4 38
4 39
4 42
4 44
4 45
4 47
4 48
4 49
4 52
4 53
4 54
4 57
4 62
4 66
4 67
4 68
4 69
4 75
4 76
4 79
4 81
4 107
4 110
4 113
4 114
4 125
4 128
4 129
4 134
4 149
4 151
4 153
4 156
4 158
4 162
4 166
4 170
4 173
4 178
4 203
4 208
4 217
4 229
4 240
4 241
4 251
4 255
4 286
4 315
4 318
4 319
4 322
4 331
4 342
4 352
4 357
4 364
4 380
4 381
4 387
4 392
4 407
4 410
4 419
4 447
4 450
4 459
4 471
5 0
5 1
5 2
5 3
5 4
5 6
5 7
5 8
5 9
5 10
5 11
5 12
5 13
5 14
5 15
5 16
5 17
5 18
5 20
5 21
5 22
5 24
5 26
5 27
5 28
5 30
5 32
5 38
5 47
5 55
5 56
5 59
5 60
5 65
5 68
5 72
5 74
5 75
5 84
5 85
5 89
5 95
5 101
5 102
5 113
5 122
5 130
5 137
5 139
5 142
5 154
5 160
5 167
5 184
5 187
5 203
5 214
5 217
5 222
5 244
5 253
5 259
5 263
5 268
5 269
5 271
5 275
5 285
5 286
5 296
5 318
5 321
5 336
5 339
5 354
5 387
5 390
5 399
5 402
5 415
5 427
5 443
5 453
5 454
5 457
5 473
5 485
5 487
5 492
6 0
6 1
6 2
6 3
6 4
6 5
6 7
6 8
6 9
6 10
6 11
6 12
6 13
6 14
6 15
6 16
6 17
6 18
6 19
6 20
6 21
6 22
6 23
6 25
6 26
6 27
6 28
6 32
6 38
6 39
6 40
6 45
6 46
6 48
6 49
6 50
6 54
6 62
6 67
6 68
6 81
6 83
6 85
6 86
6 87
6 88
6 89
6 91
6 97
6 100
6 101
6 103
6 104
6 113
6 114
6 115
6 119
6 120
6 121
6 123
6 125
6 130
6 132
6 137
6 144
6 149
6 152
6 153
6 160
6 161
6 163
6 165
6 167
6 171
6 172
6 178
6 190
6 200
6 205
6 209
6 210
6 215
6 220
6 221
6 222
6 238
6 239
6 244
6 249
6 251
6 253
6 261
6 267
6 270
6 271
6 276
6 292
6 293
6 297
6 309
6 316
6 328
6 335
6 338
6 348
6 359
6 361
6 362
6 363
6 364
6 370
6 392
6 414
6 437
6 457
6 482
7 0
7 1
7 2
7 3
7 4
7 5
7 6
7 8
7 9
7 10
7 11
7 12
7 13
7 14
7 15
7 16
7 17
7 18
7 19
7 20
7 21
7 22
7 23
7 24
7 25
7 26
7 28
7 29
7 31
7 32
7 33
7 39
7 41
7 43
7 46
7 47
7 49
7 51
7 52
7 53
7 57
7 60
7 63
7 70
7 72
7 75
7 79
7 85
7 91
7 93
7 121
7 133
7 140
7 141
7 144
7 148
7 155
7 156
7 166
7 167
7 189
7 191
7 203
7 207
7 220
7 225
7 236
7 245
7 253
7 254
7 256
7 271
7 298
7 328
7 337
7 341
7 350
7 356
7 357
7 365
7 373
7 379
7 395
7 418
7 440
7 449
7 456
7 480
7 483
7 487
7 488
7 489
8 0
8 1
8 2
8 3
8 4
8 5
8 6
8 7
8 9
8 10
8 11
8 12
8 15
8 16
8 20
8 21
8 22
8 23
8 26
8 32
8 33
8 36
8 39
8 40
8 41
8 44
8 45
8 47
8 55
8 58
8 59
8 63
8 72
8 73
8 84
8 85
8 94
8 96
8 97
8 98
8 103
8 104
8 110
8 122
8 127
8 140
8 147
8 148
8 153
8 161
8 165
8 170
8 178
8 185
8 188
8 194
8 199
8 200
8 206
8 209
8 211
8 223
8 226
8 229
8 237
8 238
8 243
8 266
8 267
8 278
8 285
8 292
8 308
8 320
8 330
8 340
8 348
8 350
8 354
8 389
8 393
8 431
8 432
8 435
8 444
8 451
8 469
8 475
8 478
8 486
9 0
9 1
9 2
9 3
9 4
9 5
9 6
9 7
9 8
9 10
9 11
9 12
9 13
9 14
9 15
9 16
9 17
9 22
9 23
9 24
9 25
9 30
9 32
9 33
9 35
9 37
9 38
9 42
9 43
9 44
9 46
9 57
9 62
9 69
9 79
9 86
9 93
9 95
9 103
9 105
9 108
9 110
9 125
9 136
9 142
9 143
9 154
9 159
9 160
9 165
9 169
9 189
9 192
9 198
9 202
9 226
9 231
9 244
9 247
9 252
9 264
9 272
9 278
9 279
9 282
9 290
9 291
9 296
9 298
9 300
9 304
9 313
9 323
9 324
9 329
9 333
9 334
9 338
9 382
9 384
9 401
9 402
9 404
9 411
9 415
9 421
9 426
9 429
9 434
9 445
9 447
9 482
9 484
10 0
10 1
10 2
10 3
10 4
10 5
10 6
10 7
10 8
10 9
10 11
10 12
10 13
10 14
10 15
10 16
10 17
10 18
10 19
10 20
10 22
10 27
10 29
10 30
10 33
10 35
10 36
10 42
10 47
10 50
10 55
10 61
10 63
10 64
10 67
10 68
10 71
10 75
10 76
10 78
10 82
10 93
10 94
10 97
10 101
10 105
10 110
10 114
10 115
10 119
10 120
10 123
10 128
10 130
10 134
10 145
10 147
10 156
10 162
10 165
10 170
10 177
10 178
10 182
10 193
10 197
10 198
10 204
10 207
10 213
10 221
10 226
10 232
10 235
10 252
10 256
10 260
10 267
10 270
10 289
10 293
10 294
10 296
10 297
10 298
10 307
10 312
10 325
10 341
10 345
10 347
10 353
10 367
10 368
10 380
10 386
10 394
10 397
10 399
10 428
10 434
10 486
10 491
10 499
11 0
11 1
11 2
11 3
11 4
11 5
11 6
11 7
11 8
11 9
11 10
11 12
11 13
11 14
11 18
11 19
11 23
11 25
11 27
11 29
11 31
11 39
11 41
11 56
11 61
11 72
11 75
11 76
11 77
11 88
11 102
11 103
11 107
11 109
11 120
11 125
11 137
11 148
11 153
11 155
11 157
11 171
11 175
11 180
11 195
11 202
11 209
11 219
11 220
11 232
11 235
11 240
11 252
11 257
11 259
11 260
11 261
11 263
11 265
11 267
11 293
11 300
11 301
11 343
11 347
11 349
11 350
11 351
11 368
11 378
11 383
11 388
11 400
11 402
11 413
11 414
11 430
11 464
11 469
12 0
12 1
12 2
12 3
12 4
12 5
12 6
12 7
12 8
12 9
12 10
12 11
12 13
12 14
12 15
12 16
12 17
12 18
12 20
12 21
12 23
12 25
12 28
12 29
12 31
12 32
12 34
12 35
12 42
12 46
12 50
12 51
12 52
12 53
12 56
12 59
12 64
12 66
12 69
12 70
12 80
12 89
12 92
12 97
12 100
12 112
12 113
12 114
12 119
12 128
12 139
12 149
12 160
12 186
12 192
12 200
12 203
12 212
12 216
12 218
12 234
12 239
12 247
12 250
12 254
12 258
12 263
12 275
12 280
12 288
12 293
12 298
12 305
12 318
12 325
12 332
12 335
12 337
12 344
12 359
12 365
12 366
12 373
12 410
12 438
12 445
12 449
12 462
12 469
12 477
12 480
12 485
12 487
12 489
13 0
13 1
13 2
13 3
13 4
13 5
13 6
13 7
13 9
13 10
13 11
13 12
13 14
13 15
13 17
13 19
13 20
13 22
13 28
13 30
13 36
13 41
13 44
13 45
13 46
13 50
13 51
13 53
13 59
13 60
13 62
13 63
13 69
13 70
13 71
13 76
13 77
13 85
13 91
13 109
13 111
13 115
13 125
13 126
13 128
13 130
13 158
13 159
13 160
13 164
13 166
13 176
13 185
13 187
13 197
13 199
13 200
13 207
13 218
13 221
13 227
13 228
13 234
13 236
13 238
13 241
13 242
13 247
13 259
13 260
13 273
13 292
13 309
13 312
13 315
13 323
13 326
13 334
13 335
13 355
13 360
13 364
13 366
13 382
13 383
13 403
13 404
13 407
13 410
13 416
13 424
13 427
13 431
13 440
13 447
13 449
13 454
13 455
13 474
13 485
14 0
14 1
14 2
14 3
14 5
14 6
14 7
14 9
14 10
14 11
14 12
14 13
14 15
14 16
14 18
14 19
14 20
14 23
14 24
14 25
14 26
14 27
14 28
14 31
14 35
14 36
14 39
14 40
14 41
14 42
14 43
14 45
14 48
14 49
14 54
14 60
14 61
14 67
14 68
14 73
14 76
14 77
14 78
14 81
14 82
14 84
14 85
14 87
14 88
14 100
14 104
14 105
14 106
14 107
14 108
14 125
14 127
14 154
14 156
14 178
14 183
14 188
14 197
14 210
14 219
14 231
14 236
14 240
14 257
14 261
14 262
14 291
14 296
14 298
14 304
14 320
14 335
14 340
14 342
14 344
14 359
14 379
14 391
14 406
14 423
14 428
14 437
14 450
14 460
14 461
14 463
14 471
14 474
15 1
15 2
15 3
15 5
15 6
15 7
15 8
15 9
15 10
15 12
15 13
15 14
15 16
15 17
15 19
15 24
15 27
15 28
15 31
15 32
15 34
15 36
15 44
15 46
15 47
15 61
15 67
15 72
15 86
15 88
15 94
15 96
15 97
15 108
15 124
15 130
15 137
15 139
15 143
15 164
15 166
15 182
15 186
15 192
15 193
15 205
15 215
15 216
15 220
15 246
15 312
15 326
15 330
15 333
15 343
15 345
15 347
15 351
15 353
15 361
15 367
15 392
15 412
15 470
15 485
16 1
16 3
16 4
16 5
16 6
16 7
16 8
16 9
16 10
16 12
16 14
16 15
16 17
16 21
16 22
16 24
16 30
16 32
16 33
16 34
16 36
16 42
16 44
16 47
16 48
16 52
16 62
16 70
16 73
16 74
16 78
16 79
16 80
16 81
16 83
16 107
16 116
16 118
16 119
16 149
16 156
16 162
16 171
16 186
16 190
16 201
16 205
16 211
16 219
16 238
16 245
16 249
16 283
16 285
16 304
16 321
16 326
16 343
16 349
16 366
16 369
16 373
16 404
16 425
16 426
16 429
16 431
16 449
16 469
16 472
16 477
16 496
17 0
17 1
17 2
17 5
17 6
17 7
17 9
17 10
17 12
17 13
17 15
17 16
17 20
17 21
17 25
17 29
17 30
17 40
17 43
17 47
17 56
17 66
17 67
17 69
17 74
17 75
17 78
17 79
17 80
17 81
17 85
17 86
17 87
17 88
17 99
17 100
17 101
17 111
17 122
17 127
17 135
17 138
17 165
17 166
17 173
17 176
17 177
17 190
17 191
17 195
17 221
17 227
17 231
17 232
17 255
17 270
17 321
17 325
17 329
17 382
17 383
17 384
17 396
17 406
17 410
17 429
17 430
17 432
17 456
17 460
17 486
17 489
18 0
18 1
18 2
18 3
18 4
18 5
18 6
18 7
18 10
18 11
18 12
18 14
18 19
18 20
18 21
18 22
18 23
18 24
18 28
18 29
18 30
18 31
18 34
18 35
18 37
18 38
18 40
18 43
18 44
18 47
18 48
18 50
18 51
18 56
18 60
18 61
18 62
18 71
18 74
18 82
18 87
18 89
18 92
18 98
18 100
18 117
18 122
18 130
18 131
18 133
18 140
18 146
18 150
18 152
18 176
18 177
18 180
18 181
18 197
18 199
18 203
18 204
18 206
18 208
18 214
18 215
18 216
18 218
18 219
18 225
18 233
18 235
18 238
18 258
18 260
18 268
18 270
18 279
18 284
18 286
18 294
18 295
18 303
18 311
18 329
18 346
18 352
18 353
18 356
18 357
18 358
18 361
18 378
18 383
18 408
18 409
18 412
18 420
18 435
18 460
18 463
19 0
19 2
19 3
19 4
19 6
19 7
19 10
19 11
19 13
19 14
19 15
19 18
19 22
19 25
19 32
19 35
19 37
19 39
19 55
19 58
19 77
19 82
19 88
19 96
19 114
19 117
19 118
19 120
19 122
19 128
19 131
19 168
19 170
19 172
19 183
19 196
19 213
19 215
19 230
19 255
19 266
19 288
19 293
19 318
19 329
19 345
19 346
19 369
19 377
19 386
19 387
19 439
19 453
19 479
19 496
20 2
20 3
20 5
20 6
20 7
20 8
20 10
20 12
20 13
20 14
20 17
20 18
20 23
20 25
20 28
20 29
20 31
20 33
20 35
20 36
20 37
20 38
20 39
20 41
20 42
20 43
20 44
20 46
20 52
20 55
20 58
20 61
20 65
20 78
20 91
20 92
20 103
20 107
20 112
20 115
20 116
20 120
20 126
20 127
20 129
20 133
20 149
20 155
20 161
20 164
20 165
20 166
20 168
20 169
20 183
20 185
20 189
20 199
20 205
20 213
20 216
20 217
20 224
20 229
20 242
20 257
20 273
20 278
20 292
20 294
20 303
20 310
20 324
20 327
20 336
20 342
20 346
20 350
20 353
20 356
20 372
20 382
20 416
20 431
20 452
20 456
20 468
20 480
20 486
20 495
21 0
21 1
21 2
21 3
21 5
21 6
21 7
21 8
21 12
21 16
21 17
21 18
21 23
21 24
21 25
21 26
21 42
21 55
21 57
21 62
21 78
21 84
21 89
21 90
21 96
21 100
21 111
21 112
21 119
21 136
21 145
21 152
21 159
21 179
21 191
21 215
21 222
21 258
21 269
21 272
21 284
21 311
21 347
21 357
21 385
21 387
21 416
21 417
21 422
21 440
21 453
21 457
21 460
21 462
21 463
21 464
21 469
21 473
21 481
22 3
22 4
22 5
22 6
22 7
22 8
22 9
22 10
22 13
22 16
22 18
22 19
22 24
22 27
22 32
22 34
22 40
22 50
22 57
22 59
22 63
22 69
22 70
22 83
22 84
22 85
22 88
22 101
22 112
22 121
22 123
22 129
22 132
22 135
22 163
22 167
22 175
22 183
22 190
22 192
22 221
22 226
22 238
22 250
22 270
22 273
22 287
22 292
22 297
22 301
22 310
22 338
22 340
22 375
22 377
22 386
22 416
22 418
22 435
22 454
22 466
22 475
22 481
22 495
23 0
23 2
23 6
23 7
23 8
23 9
23 11
23 12
23 14
23 18
23 20
23 21
23 27
23 28
23 29
23 34
23 38
23 39
23 43
23 45
23 53
23 54
23 57
23 59
23 63
23 68
23 69
23 72
23 77
23 81
23 82
23 84
23 91
23 93
23 104
23 105
23 109
23 115
23 134
23 135
23 144
23 155
23 161
23 163
23 174
23 179
23 182
23 191
23 193
23 199
23 201
23 204
23 218
23 237
23 253
23 262
23 292
23 293
23 296
23 339
23 349
23 355
23 360
23 362
23 368
23 389
23 396
23 399
23 403
23 417
23 431
23 438
23 439
23 440
23 445
23 465
23 468
23 483
23 488
23 489
24 0
24 2
24 4
24 5
24 7
24 9
24 14
24 15
24 16
24 18
24 21
24 22
24 26
24 33
24 34
24 35
24 41
24 42
24 49
24 53
24 68
24 92
24 113
24 116
24 137
24 144
24 152
24 173
24 194
24 290
24 296
24 338
24 350
24 388
24 428
24 478
25 3
25 4
25 6
25 7
25 9
25 11
25 12
25 14
25 17
25 19
25 20
25 21
25 40
25 48
25 51
25 54
25 66
25 74
25 86
25 89
25 93
25 104
25 121
25 126
25 148
25 158
25 161
25 162
25 170
25 182
25 201
25 203
25 210
25 219
25 228
25 230
25 248
25 321
25 375
25 381
25 398
25 400
25 424
25 446
25 448
25 465
25 466
25 471
26 0
26 1
26 2
26 3
26 4
26 5
26 6
26 7
26 8
26 14
26 21
26 24
26 27
26 30
26 33
26 37
26 40
26 46
26 47
26 49
26 50
26 53
26 55
26 58
26 60
26 63
26 65
26 77
26 90
26 102
26 103
26 106
26 109
26 124
26 146
26 147
26 152
26 158
26 174
26 181
26 183
26 184
26 186
26 195
26 202
26 224
26 229
26 230
26 243
26 246
26 249
26 252
26 258
26 297
26 330
26 348
26 349
26 353
26 354
26 357
26 359
26 369
26 370
26 372
26 384
26 390
26 395
26 399
26 404
26 420
26 427
26 435
26 467
26 473
26 483
26 495
27 0
27 1
27 4
27 5
27 6
27 10
27 11
27 14
27 15
27 22
27 23
27 26
27 29
27 33
27 37
27 42
27 44
27 54
27 59
27 70
27 74
27 75
27 79
27 88
27 89
27 98
27 104
27 105
27 108
27 111
27 112
27 123
27 141
27 146
27 148
27 160
27 163
27 175
27 182
27 197
27 200
27 223
27 239
27 247
27 253
27 264
27 267
27 271
27 296
27 314
27 315
27 321
27 324
27 337
27 343
27 350
27 364
27 365
27 377
27 386
27 396
27 442
27 456
27 487
27 497
28 0
28 3
28 5
28 6
28 7
28 12
28 13
28 14
28 15
28 18
28 20
28 23
28 31
28 34
28 36
28 37
28 38
28 49
28 50
28 52
28 54
28 69
28 71
28 76
28 81
28 90
28 94
28 102
28 122
28 134
28 136
28 138
28 149
28 153
28 173
28 180
28 184
28 186
28 192
28 197
28 218
28 226
28 236
28 258
28 277
28 304
28 310
28 341
28 344
28 346
28 360
28 369
28 384
28 385
28 392
28 416
28 443
28 451
29 1
29 3
29 4
29 7
29 10
29 11
29 12
29 17
29 18
29 20
29 23
29 27
29 30
29 33
29 35
29 36
29 40
29 45
29 48
29 49
29 51
29 52
29 55
29 56
29 58
29 62
29 73
29 74
29 76
29 86
29 90
29 92
29 93
29 97
29 110
29 117
29 129
29 132
29 143
29 144
29 149
29 162
29 163
29 164
29 168
29 176
29 182
29 192
29 219
29 220
29 250
29 254
29 257
29 282
29 284
29 300
29 307
29 309
29 358
29 374
29 382
29 383
29 396
29 398
29 436
29 488
30 1
30 2
30 4
30 5
30 9
30 10
30 13
30 16
30 17
30 18
30 26
30 29
30 32
30 40
30 46
30 51
30 53
30 59
30 73
30 75
30 76
30 81
30 89
30 92
30 95
30 98
30 101
30 102
30 124
30 128
30 131
30 134
30 135
30 164
30 186
30 196
30 224
30 243
30 263
30 279
30 288
30 305
30 344
30 372
30 375
30 405
30 432
30 440
30 449
30 453
30 466
30 473
30 487
30 493
31 1
31 2
31 3
31 4
31 7
31 11
31 12
31 14
31 15
31 18
31 20
31 28
31 34
31 36
31 38
31 50
31 54
31 57
31 64
31 65
31 71
31 86
31 89
31 100
31 103
31 118
31 127
31 135
31 150
31 169
31 172
31 186
31 203
31 229
31 250
31 285
31 319
31 357
31 371
31 374
31 376
31 398
31 407
31 425
31 437
31 482
31 487
32 0
32 5
32 6
32 7
32 8
32 9
32 12
32 15
32 16
32 19
32 22
32 30
32 34
32 41
32 52
32 54
32 60
32 63
32 70
32 71
32 73
32 77
32 85
32 96
32 100
32 115
32 127
32 142
32 177
32 209
32 224
32 239
32 257
32 299
32 319
32 324
32 407
32 415
32 418
32 436
32 445
32 494
33 2
33 3
33 7
33 8
33 9
33 10
33 16
33 20
33 24
33 26
33 27
33 29
33 37
33 41
33 44
33 45
33 48
33 49
33 55
33 61
33 87
33 94
33 99
33 101
33 105
33 106
33 114
33 126
33 128
33 133
33 134
33 135
33 136
33 137
33 138
33 140
33 143
33 146
33 150
33 151
33 157
33 167
33 170
33 172
33 176
33 180
33 183
33 196
33 201
33 202
33 216
33 218
33 220
33 229
33 241
33 246
33 251
33 257
33 271
33 281
33 287
33 293
33 300
33 302
33 303
33 318
33 319
33 343
33 348
33 354
33 369
33 376
33 395
33 412
33 424
33 425
33 426
33 429
33 450
33 451
33 472
33 490
33 494
33 495
34 3
34 4
34 12
34 15
34 16
34 18
34 22
34 23
34 24
34 28
34 31
34 32
34 38
34 41
34 52
34 54
34 59
34 61
34 78
34 81
34 82
34 83
34 85
34 93
34 101
34 104
34 113
34 117
34 126
34 139
34 145
34 153
34 161
34 174
34 182
34 193
34 211
34 213
34 221
34 230
34 259
34 262
34 285
34 303
34 304
34 311
34 317
34 373
34 376
34 377
34 380
34 397
34 409
34 410
34 421
34 425
34 437
34 482
35 1
35 2
35 3
35 9
35 10
35 12
35 14
35 18
35 19
35 20
35 24
35 29
35 37
35 38
35 39
35 43
35 49
35 53
35 56
35 58
35 60
35 61
35 67
35 74
35 87
35 95
35 136
35 194
35 237
35 241
35 276
35 289
35 294
35 301
35 307
35 328
35 358
35 377
35 477
35 490
35 499
36 0
36 2
36 8
36 10
36 13
36 14
36 15
36 16
36 20
36 28
36 29
36 31
36 46
36 59
36 60
36 62
36 63
36 68
36 98
36 107
36 111
36 112
36 120
36 130
36 163
36 165
36 173
36 174
36 204
36 234
36 262
36 269
36 297
36 310
36 316
36 322
36 344
36 375
36 431
36 452
36 461
36 485
36 492
36 493
37 0
37 2
37 3
37 9
37 18
37 19
37 20
37 26
37 27
37 28
37 33
37 35
37 44
37 50
37 56
37 58
37 62
37 66
37 72
37 91
37 100
37 109
37 120
37 122
37 129
37 135
37 139
37 141
37 145
37 149
37 168
37 170
37 175
37 185
37 198
37 199
37 218
37 248
37 259
37 263
37 282
37 326
37 327
37 333
37 338
37 349
37 353
37 392
37 400
37 464
37 483
37 497
38 1
38 4
38 5
38 6
38 9
38 18
38 20
38 23
38 28
38 31
38 34
38 35
38 39
38 45
38 47
38 51
38 52
38 57
38 61
38 64
38 77
38 82
38 93
38 96
38 97
38 105
38 106
38 118
38 119
38 120
38 121
38 159
38 168
38 175
38 179
38 187
38 198
38 209
38 225
38 262
38 289
38 317
38 321
38 327
38 357
38 421
38 446
38 466
38 478
38 490
39 1
39 4
39 6
39 7
39 8
39 11
39 14
39 19
39 20
39 23
39 35
39 38
39 43
39 46
39 53
39 58
39 65
39 73
39 79
39 90
39 91
39 102
39 146
39 158
39 165
39 167
39 181
39 184
39 195
39 261
39 294
39 314
39 377
39 394
39 416
39 429
39 455
39 479
39 487
39 488
40 0
40 3
40 6
40 8
40 14
40 17
40 18
40 22
40 25
40 26
40 29
40 30
40 41
40 50
40 51
40 57
40 59
40 60
40 65
40 77
40 79
40 86
40 88
40 90
40 92
40 111
40 112
40 117
40 118
40 123
40 124
40 126
40 139
40 177
40 204
40 210
40 213
40 286
40 289
40 304
40 306
40 315
40 320
40 335
40 352
40 365
40 423
40 465
41 1
41 7
41 8
41 11
41 13
41 14
41 20
41 24
41 32
41 33
41 34
41 40
41 48
41 58
41 63
41 114
41 117
41 122
41 148
41 171
41 231
41 322
41 389
41 391
41 418
41 420
41 451
41 459
41 474
42 1
42 3
42 4
42 9
42 10
42 12
42 14
42 16
42 20
42 21
42 24
42 27
42 43
42 48
42 65
42 69
42 80
42 87
42 90
42 110
42 127
42 129
42 133
42 138
42 141
42 143
42 150
42 152
42 163
42 188
42 220
42 239
42 272
42 299
42 311
42 314
42 316
42 345
42 352
42 370
42 381
42 385
42 449
43 1
43 3
43 7
43 9
43 14
43 17
43 18
43 20
43 23
43 35
43 39
43 42
43 44
43 47
43 57
43 65
43 66
43 82
43 86
43 94
43 115
43 132
43 148
43 150
43 161
43 163
43 171
43 197
43 224
43 225
43 234
43 263
43 268
43 280
43 281
43 323
43 326
43 348
43 355
43 364
43 365
43 375
43 427
43 475
43 492
43 496
44 4
44 8
44 9
44 13
44 15
44 16
44 18
44 20
44 27
44 33
44 37
44 43
44 45
44 48
44 56
44 64
44 72
44 73
44 80
44 83
44 84
44 85
44 91
44 101
44 103
44 106
44 118
44 139
44 140
44 171
44 190
44 204
44 208
44 209
44 271
44 285
44 304
44 350
44 370
44 386
44 479
45 0
45 1
45 4
45 6
45 8
45 13
45 14
45 23
45 29
45 33
45 38
45 44
45 55
45 57
45 61
45 72
45 84
45 94
45 97
45 98
45 112
45 129
45 141
45 142
45 154
45 158
45 167
45 178
45 180
45 181
45 184
45 185
45 208
45 223
45 231
45 239
45 256
45 265
45 276
45 280
45 285
45 287
45 306
45 308
45 326
45 347
45 363
45 386
45 408
45 409
45 423
45 427
45 461
45 471
45 485
45 490
45 497
46 3
46 6
46 7
46 9
46 12
46 13
46 15
46 20
46 26
46 30
46 36
46 39
46 55
46 61
46 63
46 77
46 80
46 95
46 97
46 112
46 116
46 141
46 143
46 204
46 244
46 262
46 319
46 332
46 363
46 370
46 374
46 405
46 406
46 423
46 431
46 452
46 465
46 474
47 4
47 5
47 7
47 8
47 10
47 15
47 16
47 17
47 18
47 26
47 38
47 43
47 53
47 58
47 68
47 73
47 78
47 90
47 95
47 107
47 121
47 135
47 155
47 157
47 159
47 214
47 237
47 261
47 270
47 319
47 322
47 350
47 374
47 380
47 411
47 435
47 498
48 2
48 4
48 6
48 14
48 16
48 18
48 25
48 29
48 33
48 41
48 42
48 44
48 50
48 64
48 71
48 72
48 78
48 83
48 93
48 107
48 132
48 150
48 189
48 191
48 209
48 225
48 240
48 243
48 260
48 308
48 313
48 327
48 367
48 370
48 380
48 388
48 398
48 429
48 453
48 463
48 492
49 1
49 3
49 4
49 6
49 7
49 14
49 24
49 26
49 28
49 29
49 33
49 35
49 51
49 58
49 62
49 67
49 76
49 80
49 84
49 95
49 100
49 103
49 136
49 145
49 177
49 257
49 291
49 336
49 379
49 388
49 419
49 440
49 475
49 483
50 6
50 10
50 12
50 13
50 18
50 22
50 26
50 28
50 31
50 37
50 40
50 48
50 63
50 65
50 92
50 94
50 98
50 99
50 132
50 139
50 176
50 185
50 189
50 193
50 194
50 208
50 220
50 224
50 235
50 236
50 269
50 273
50 294
50 295
50 305
50 314
50 322
50 332
50 342
50 346
50 359
50 377
50 418
51 0
51 3
51 7
51 12
51 13
51 18
51 25
51 29
51 30
51 38
51 40
51 49
51 81
51 89
51 97
51 105
51 131
51 134
51 148
51 161
51 168
51 171
51 172
51 185
51 195
51 207
51 226
51 256
51 368
51 372
51 417
51 427
51 452
51 460
51 494
52 0
52 2
52 4
52 7
52 12
52 16
52 20
52 28
52 29
52 32
52 34
52 38
52 66
52 73
52 87
52 95
52 100
52 101
52 103
52 146
52 147
52 166
52 195
52 196
52 245
52 275
52 283
52 313
52 324
52 334
52 335
52 358
52 379
52 476
52 493
53 0
53 4
53 7
53 12
53 13
53 23
53 24
53 26
53 30
53 35
53 39
53 47
53 67
53 69
53 71
53 78
53 84
53 104
53 106
53 143
53 168
53 176
53 179
53 186
53 189
53 204
53 213
53 216
53 230
53 248
53 263
53 294
53 302
53 338
53 355
53 361
53 366
53 490
54 0
54 3
54 4
54 6
54 14
54 23
54 25
54 27
54 28
54 31
54 32
54 34
54 56
54 58
54 74
54 80
54 81
54 102
54 125
54 141
54 146
54 152
54 157
54 158
54 160
54 169
54 174
54 179
54 181
54 186
54 198
54 207
54 211
54 237
54 242
54 290
54 291
54 324
54 334
54 353
54 384
54 393
54 405
54 464
55 1
55 5
55 8
55 10
55 19
55 20
55 21
55 26
55 29
55 33
55 45
55 46
55 69
55 75
55 91
55 107
55 110
55 113
55 116
55 131
55 138
55 154
55 187
55 204
55 213
55 229
55 231
55 276
55 292
55 302
55 327
55 335
55 342
55 344
55 356
55 402
55 405
55 426
55 439
55 452
55 454
55 457
55 498
56 1
56 3
56 5
56 11
56 12
56 17
56 18
56 29
56 35
56 37
56 44
56 54
56 65
56 121
56 136
56 156
56 181
56 215
56 227
56 251
56 261
56 263
56 288
56 320
56 358
56 362
56 461
56 476
56 477
56 485
56 499
57 3
57 4
57 7
57 9
57 21
57 22
57 23
57 31
57 38
57 40
57 43
57 45
57 74
57 76
57 85
57 94
57 105
57 106
57 111
57 117
57 145
57 146
57 181
57 183
57 212
57 228
57 237
57 240
57 246
57 290
57 301
57 314
57 362
57 423
57 429
57 434
57 458
58 8
58 19
58 20
58 26
58 29
58 35
58 37
58 39
58 41
58 47
58 49
58 54
58 60
58 64
58 79
58 80
58 88
58 96
58 113
58 139
58 160
58 164
58 192
58 209
58 235
58 249
58 270
58 272
58 279
58 284
58 294
58 327
58 386
58 430
58 455
58 496
59 2
59 5
59 8
59 12
59 13
59 22
59 23
59 27
59 30
59 34
59 36
59 40
59 64
59 65
59 66
59 70
59 95
59 98
59 118
59 119
59 125
59 132
59 160
59 179
59 200
59 240
59 268
59 338
59 366
59 411
59 419
59 423
59 460
60 2
60 5
60 7
60 13
60 14
60 18
60 26
60 32
60 35
60 36
60 40
60 58
60 64
60 67
60 69
60 90
60 91
60 96
60 108
60 126
60 133
60 134
60 153
60 179
60 189
60 219
60 220
60 224
60 243
60 265
60 267
60 354
60 369
60 378
60 379
60 412
60 420
60 448
60 470
60 487
61 10
61 11
61 14
61 15
61 18
61 20
61 33
61 34
61 35
61 38
61 45
61 46
61 70
61 74
61 75
61 106
61 109
61 114
61 117
61 123
61 128
61 132
61 188
61 202
61 227
61 248
61 264
61 316
61 329
61 349
61 352
61 367
61 383
61 410
61 423
61 426
61 446
62 2
62 4
62 6
62 9
62 13
62 16
62 18
62 21
62 29
62 36
62 37
62 49
62 65
62 70
62 74
62 82
62 83
62 89
62 93
62 107
62 110
62 115
62 123
62 141
62 147
62 157
62 163
62 169
62 180
62 193
62 215
62 217
62 220
62 234
62 235
62 248
62 298
62 318
62 323
62 328
62 352
62 369
62 386
62 419
62 423
62 444
62 461
62 467
62 474
62 499
63 7
63 8
63 10
63 13
63 22
63 23
63 26
63 32
63 36
63 41
63 46
63 50
63 68
63 80
63 83
63 95
63 97
63 98
63 104
63 108
63 109
63 111
63 115
63 130
63 147
63 155
63 157
63 177
63 183
63 196
63 202
63 210
63 217
63 230
63 295
63 313
63 318
63 329
63 331
63 333
63 343
63 376
63 382
63 390
63 406
63 418
63 421
63 441
63 472
63 486
63 490
64 0
64 1
64 2
64 10
64 12
64 31
64 38
64 44
64 48
64 58
64 59
64 60
64 68
64 71
64 73
64 94
64 103
64 107
64 112
64 117
64 122
64 138
64 142
64 145
64 165
64 182
64 196
64 200
64 202
64 223
64 267
64 269
64 302
64 326
64 332
64 346
64 391
64 417
64 447
64 462
64 487
64 495
65 5
65 20
65 26
65 31
65 39
65 40
65 42
65 43
65 50
65 56
65 59
65 62
65 68
65 76
65 99
65 106
65 131
65 137
65 138
65 149
65 158
65 166
65 192
65 202
65 205
65 206
65 217
65 227
65 248
65 250
65 258
65 277
65 295
65 312
65 320
65 343
65 348
65 358
65 397
65 409
65 446
65 454
65 493
66 0
66 1
66 2
66 3
66 4
66 12
66 17
66 25
66 37
66 43
66 52
66 59
66 67
66 71
66 77
66 78
66 83
66 88
66 99
66 119
66 123
66 132
66 145
66 154
66 183
66 211
66 235
66 259
66 275
66 279
66 299
66 331
66 338
66 391
66 398
66 422
66 438
66 441
66 491
67 2
67 4
67 6
67 10
67 14
67 15
67 17
67 35
67 49
67 53
67 60
67 66
67 101
67 102
67 103
67 179
67 186
67 192
67 212
67 222
67 237
67 238
67 253
67 312
67 335
67 382
67 409
67 428
67 447
67 468
68 4
68 5
68 6
68 10
68 14
68 23
68 24
68 36
68 47
68 63
68 64
68 65
68 79
68 83
68 86
68 87
68 94
68 99
68 126
68 129
68 133
68 152
68 153
68 169
68 241
68 251
68 256
68 295
68 307
68 352
68 361
68 362
68 376
68 462
69 4
69 9
69 12
69 13
69 17
69 22
69 23
69 28
69 42
69 53
69 55
69 60
69 71
69 72
69 110
69 309
69 324
69 340
69 342
69 418
70 0
70 1
70 7
70 12
70 13
70 16
70 22
70 27
70 32
70 59
70 61
70 62
70 116
70 136
70 151
70 166
70 214
70 221
70 230
70 245
70 252
70 274
70 277
70 351
70 352
71 3
71 10
71 13
71 18
71 28
71 31
71 32
71 48
71 53
71 64
71 66
71 69
71 72
71 75
71 77
71 97
71 108
71 113
71 158
71 166
71 201
71 203
71 208
71 212
71 224
71 230
71 235
71 300
71 317
71 318
71 322
71 342
71 403
71 452
71 474
71 475
72 5
72 7
72 8
72 11
72 15
72 23
72 37
72 44
72 45
72 48
72 69
72 71
72 73
72 75
72 78
72 82
72 86
72 88
72 90
72 96
72 108
72 111
72 114
72 119
72 131
72 144
72 147
72 151
72 152
72 154
72 158
72 169
72 172
72 176
72 196
72 197
72 198
72 239
72 245
72 283
72 312
72 325
72 343
72 359
72 366
72 390
72 408
72 433
72 480
72 482
72 484
72 495
73 8
73 14
73 16
73 29
73 30
73 32
73 39
73 44
73 47
73 52
73 64
73 72
73 82
73 87
73 96
73 106
73 111
73 125
73 134
73 181
73 210
73 225
73 285
73 287
73 289
73 348
73 391
73 399
73 419
73 432
73 446
73 486
73 491
74 5
74 16
74 17
74 18
74 25
74 27
74 29
74 35
74 54
74 57
74 61
74 62
74 87
74 93
74 95
74 96
74 127
74 148
74 162
74 167
74 191
74 205
74 244
74 257
74 260
74 263
74 274
74 316
74 394
74 429
74 444
74 450
74 462
74 468
75 4
75 5
75 7
75 10
75 11
75 17
75 27
75 30
75 55
75 61
75 71
75 72
75 126
75 151
75 161
75 217
75 228
75 236
75 247
75 277
75 281
75 282
75 303
75 315
75 357
75 421
76 2
76 4
76 10
76 11
76 13
76 14
76 28
76 29
76 30
76 49
76 57
76 65
76 99
76 111
76 122
76 133
76 143
76 167
76 180
76 194
76 196
76 203
76 238
76 259
76 260
76 286
76 356
76 406
76 462
76 489
76 491
77 11
77 13
77 14
77 19
77 23
77 26
77 32
77 38
77 40
77 46
77 66
77 71
77 83
77 91
77 109
77 131
77 141
77 144
77 181
77 214
77 242
77 288
77 290
77 311
77 322
77 336
77 353
77 363
77 365
77 369
77 397
77 494
78 10
78 14
78 16
78 17
78 20
78 21
78 34
78 47
78 48
78 53
78 66
78 72
78 115
78 137
78 142
78 147
78 228
78 229
78 254
78 261
78 275
78 282
78 307
78 330
78 401
78 457
79 0
79 3
79 4
79 7
79 9
79 16
79 17
79 27
79 39
79 40
79 58
79 68
79 92
79 121
79 185
79 192
79 198
79 213
79 246
79 252
79 282
79 306
79 382
79 397
79 404
79 405
79 434
79 451
80 0
80 2
80 12
80 16
80 17
80 42
80 44
80 46
80 49
80 54
80 58
80 63
80 86
80 89
80 109
80 116
80 122
80 133
80 151
80 161
80 168
80 175
80 197
80 228
80 253
80 254
80 264
80 269
80 304
80 349
80 360
80 386
80 400
80 437
80 448
80 456
80 463
80 479
80 486
81 3
81 4
81 6
81 14
81 16
81 17
81 23
81 28
81 30
81 34
81 51
81 54
81 87
81 123
81 125
81 136
81 165
81 203
81 245
81 275
81 299
81 317
81 337
81 356
81 357
81 378
81 393
81 416
81 437
81 453
82 3
82 10
82 14
82 18
82 19
82 23
82 34
82 38
82 43
82 62
82 72
82 73
82 84
82 102
82 108
82 118
82 123
82 126
82 139
82 156
82 173
82 184
82 187
82 207
82 210
82 211
82 217
82 222
82 265
82 297
82 364
82 367
82 370
82 382
82 383
82 398
82 404
82 442
82 465
82 488
82 498
83 1
83 6
83 16
83 22
83 34
83 44
83 48
83 62
83 63
83 66
83 68
83 77
83 92
83 94
83 100
83 119
83 122
83 131
83 142
83 147
83 155
83 173
83 201
83 233
83 305
83 325
83 328
83 336
83 350
83 369
83 420
83 437
83 473
83 492
83 494
84 3
84 5
84 8
84 14
84 21
84 22
84 23
84 44
84 45
84 49
84 53
84 82
84 92
84 98
84 102
84 115
84 118
84 131
84 187
84 202
84 208
84 233
84 248
84 251
84 252
84 260
84 264
84 272
84 302
84 320
84 326
84 343
84 352
84 356
84 361
84 404
84 412
84 422
84 429
84 444
84 464
84 472
84 474
84 496
85 5
85 6
85 7
85 8
85 13
85 14
85 17
85 22
85 32
85 34
85 44
85 57
85 102
85 105
85 124
85 176
85 179
85 195
85 196
85 202
85 220
85 230
85 260
85 290
85 319
85 432
86 6
86 9
86 15
86 17
86 25
86 29
86 31
86 40
86 43
86 68
86 72
86 80
86 105
86 116
86 125
86 134
86 151
86 172
86 174
86 191
86 227
86 246
86 250
86 251
86 256
86 264
86 292
86 337
86 345
86 374
86 376
86 390
86 399
86 452
86 460
86 470
87 6
87 14
87 17
87 18
87 33
87 35
87 42
87 52
87 68
87 73
87 74
87 81
87 106
87 120
87 140
87 154
87 164
87 211
87 277
87 449
87 464
87 476
88 6
88 11
88 14
88 15
88 17
88 19
88 22
88 27
88 40
88 58
88 66
88 72
88 178
88 227
88 233
88 242
88 277
88 282
88 295
88 308
88 327
88 331
88 344
88 362
88 421
88 450
88 463
88 473
89 5
89 6
89 12
89 18
89 21
89 25
89 27
89 30
89 31
89 51
89 62
89 80
89 109
89 114
89 140
89 144
89 162
89 178
89 205
89 250
89 278
89 307
89 331
89 343
89 360
89 366
89 368
89 412
89 461
90 1
90 3
90 21
90 26
90 28
90 29
90 39
90 40
90 42
90 47
90 60
90 72
90 92
90 93
90 99
90 136
90 148
90 154
90 169
90 181
90 185
90 187
90 191
90 201
90 206
90 221
90 242
90 258
90 288
90 339
90 434
90 458
90 460
91 0
91 6
91 7
91 13
91 20
91 23
91 37
91 39
91 44
91 55
91 60
91 77
91 104
91 109
91 123
91 132
91 138
91 170
91 188
91 198
91 205
91 241
91 249
91 278
91 310
91 320
91 326
91 367
91 368
91 396
91 402
91 415
91 422
92 12
92 18
92 20
92 24
92 29
92 30
92 40
92 50
92 79
92 83
92 84
92 90
92 115
92 116
92 127
92 131
92 179
92 181
92 187
92 195
92 204
92 212
92 217
92 231
92 233
92 249
92 254
92 276
92 279
92 309
92 322
92 371
92 409
92 413
92 451
93 7
93 9
93 10
93 23
93 25
93 29
93 34
93 38
93 48
93 62
93 74
93 90
93 99
93 102
93 121
93 155
93 157
93 159
93 180
93 192
93 213
93 248
93 274
93 305
93 324
93 344
93 380
93 435
93 471
93 475
94 8
94 10
94 15
94 28
94 33
94 43
94 45
94 50
94 57
94 64
94 68
94 83
94 108
94 117
94 175
94 212
94 224
94 229
94 239
94 245
94 323
94 344
94 416
94 419
94 426
94 436
94 446
94 450
94 477
94 479
95 2
95 5
95 9
95 30
95 35
95 46
95 47
95 49
95 52
95 59
95 63
95 74
95 120
95 124
95 128
95 139
95 145
95 168
95 170
95 188
95 200
95 218
95 255
95 263
95 301
95 317
95 345
95 398
95 414
95 494
96 3
96 8
96 15
96 19
96 21
96 32
96 38
96 58
96 60
96 72
96 73
96 74
96 98
96 113
96 118
96 131
96 138
96 169
96 208
96 227
96 240
96 263
96 266
96 308
96 324
96 353
96 367
96 443
97 6
97 8
97 10
97 12
97 15
97 29
97 38
97 45
97 46
97 51
97 63
97 71
97 99
97 110
97 114
97 123
97 134
97 140
97 147
97 167
97 172
97 174
97 214
97 221
97 235
97 249
97 259
97 325
97 341
97 413
97 458
97 473
98 1
98 8
98 18
98 27
98 30
98 36
98 45
98 50
98 59
98 63
98 84
98 96
98 104
98 110
98 116
98 121
98 124
98 128
98 141
98 159
98 160
98 174
98 184
98 196
98 218
98 227
98 314
98 363
98 372
98 375
98 393
98 404
98 407
98 419
98 430
98 487
99 2
99 3
99 17
99 33
99 50
99 65
99 66
99 68
99 76
99 90
99 93
99 97
99 105
99 113
99 132
99 157
99 171
99 188
99 193
99 196
99 209
99 211
99 234
99 262
99 266
99 269
99 276
99 277
99 287
99 306
99 329
99 332
99 337
99 355
99 387
99 426
99 458
100 6
100 12
100 14
100 17
100 18
100 21
100 31
100 32
100 37
100 49
100 52
100 83
100 164
100 182
100 190
100 203
100 205
100 208
100 215
100 261
100 262
100 265
100 285
100 301
100 305
100 307
100 314
100 331
100 362
100 366
100 418
100 445
100 489
101 1
101 5
101 6
101 10
101 17
101 22
101 30
101 33
101 34
101 44
101 52
101 67
101 112
101 117
101 119
101 143
101 172
101 177
101 201
101 246
101 256
101 258
101 267
101 286
101 296
101 314
101 319
101 346
101 391
101 400
101 425
101 454
101 458
101 471
102 5
102 11
102 26
102 28
102 30
102 39
102 54
102 67
102 82
102 84
102 85
102 93
102 116
102 120
102 125
102 126
102 133
102 137
102 146
102 148
102 151
102 154
102 159
102 180
102 194
102 206
102 213
102 227
102 237
102 257
102 280
102 328
102 360
102 387
102 417
102 422
102 428
102 461
102 492
103 6
103 8
103 9
103 11
103 20
103 26
103 31
103 44
103 49
103 52
103 64
103 67
103 108
103 112
103 142
103 188
103 239
103 255
103 277
103 284
103 286
103 298
103 348
103 358
103 366
103 379
103 422
103 428
103 444
104 2
104 6
104 8
104 14
104 23
104 25
104 27
104 34
104 53
104 63
104 91
104 98
104 124
104 140
104 190
104 205
104 214
104 234
104 272
104 273
104 281
104 294
104 306
104 322
104 340
104 395
104 426
104 439
105 9
105 10
105 14
105 23
105 27
105 33
105 38
105 51
105 57
105 85
105 86
105 99
105 106
105 109
105 142
105 225
105 258
105 277
105 417
105 486
106 14
106 26
106 33
106 38
106 44
106 53
106 57
106 61
106 65
106 73
106 87
106 105
106 121
106 152
106 157
106 171
106 173
106 189
106 206
106 210
106 231
106 257
106 279
106 281
106 319
106 426
106 459
106 467
107 1
107 4
107 11
107 14
107 16
107 20
107 36
107 47
107 48
107 55
107 62
107 64
107 124
107 138
107 153
107 224
107 250
107 268
107 287
107 295
107 334
108 1
108 9
108 14
108 15
108 27
108 60
108 63
108 71
108 72
108 82
108 94
108 103
108 124
108 188
108 198
108 201
108 207
108 330
108 332
108 387
108 394
108 484
109 11
109 13
109 23
109 26
109 37
109 61
109 63
109 77
109 80
109 89
109 91
109 105
109 133
109 158
109 174
109 189
109 206
109 212
109 236
109 305
109 313
109 316
109 330
109 396
109 476
110 0
110 4
110 8
110 9
110 10
110 29
110 42
110 55
110 62
110 69
110 97
110 98
110 127
110 142
110 143
110 153
110 163
110 178
110 214
110 235
110 236
110 252
110 268
110 310
110 313
110 317
110 333
110 334
110 380
110 392
110 393
110 458
110 459
110 499
111 1
111 13
111 17
111 21
111 27
111 36
111 40
111 57
111 63
111 72
111 73
111 76
111 132
111 137
111 139
111 142
111 150
111 152
111 160
111 162
111 163
111 167
111 184
111 193
111 283
111 304
111 312
111 319
111 325
111 327
111 338
111 367
111 371
111 400
111 423
111 445
111 484
111 488
111 497
112 12
112 20
112 21
112 22
112 27
112 36
112 40
112 45
112 46
112 64
112 101
112 103
112 117
112 121
112 124
112 130
112 137
112 144
112 159
112 195
112 207
112 216
112 226
112 231
112 266
112 354
112 356
112 362
112 372
112 407
112 451
112 456
112 469
112 479
113 1
113 4
113 5
113 6
113 12
113 24
113 34
113 55
113 58
113 71
113 96
113 99
113 118
113 210
113 232
113 233
113 244
113 260
113 264
113 279
113 301
113 316
113 379
113 403
113 416
113 495
114 1
114 4
114 6
114 10
114 12
114 19
114 33
114 41
114 61
114 72
114 89
114 97
114 116
114 137
114 141
114 156
114 198
114 200
114 202
114 213
114 219
114 226
114 291
114 316
114 318
114 330
114 391
114 443
114 455
115 6
115 10
115 13
115 20
115 23
115 32
115 43
115 62
115 63
115 78
115 84
115 92
115 120
115 126
115 130
115 174
115 191
115 223
115 241
115 243
115 258
115 271
115 295
115 296
115 322
115 359
115 470
115 491
116 16
116 20
116 24
116 46
116 55
116 70
116 80
116 86
116 92
116 98
116 102
116 114
116 135
116 150
116 174
116 188
116 191
116 195
116 234
116 253
116 259
116 265
116 268
116 283
116 348
116 371
116 471
116 499
117 18
117 19
117 29
117 34
117 40
117 41
117 57
117 61
117 64
117 94
117 101
117 112
117 144
117 193
117 202
117 239
117 292
117 326
117 335
117 336
117 374
117 421
117 491
118 1
118 16
118 19
118 31
118 38
118 40
118 44
118 59
118 82
118 84
118 96
118 113
118 130
118 145
118 150
118 208
118 229
118 247
118 248
118 253
118 282
118 318
118 323
118 361
118 385
118 389
118 415
118 472
119 1
119 6
119 10
119 12
119 16
119 21
119 38
119 59
119 66
119 72
119 83
119 101
119 135
119 170
119 176
119 223
119 271
119 293
119 339
119 373
119 411
119 421
119 426
119 442
119 444
119 448
119 457
119 474
120 6
120 10
120 11
120 19
120 20
120 36
120 37
120 38
120 87
120 95
120 102
120 115
120 129
120 155
120 199
120 217
120 225
120 280
120 398
120 417
120 449
121 6
121 7
121 22
121 25
121 38
121 47
121 56
121 79
121 93
121 98
121 106
121 112
121 128
121 153
121 179
121 193
121 206
121 215
121 237
121 254
121 275
121 360
121 365
121 378
121 412
121 438
122 5
122 8
122 17
122 18
122 19
122 28
122 37
122 41
122 64
122 76
122 80
122 83
122 151
122 222
122 242
122 270
122 274
122 282
122 289
122 293
122 340
122 374
122 376
122 406
122 408
122 433
122 491
122 494
122 496
123 6
123 10
123 22
123 27
123 40
123 61
123 62
123 66
123 81
123 82
123 91
123 97
123 127
123 129
123 155
123 172
123 178
123 234
123 237
123 239
123 244
123 250
123 252
123 253
123 279
123 384
123 386
124 0
124 15
124 26
124 30
124 40
124 85
124 95
124 98
124 104
124 107
124 108
124 112
124 146
124 156
124 180
124 203
124 229
124 296
124 297
124 298
124 345
124 363
124 384
124 478
125 4
125 6
125 9
125 11
125 13
125 14
125 54
125 59
125 73
125 81
125 86
125 102
125 150
125 173
125 200
125 243
125 245
125 246
125 272
125 275
125 291
125 416
125 460
126 13
126 20
126 25
126 33
126 34
126 40
126 60
126 68
126 75
126 82
126 102
126 115
126 129
126 180
126 184
126 225
126 247
126 264
126 281
126 476
127 1
127 8
127 14
127 17
127 20
127 31
127 32
127 42
127 74
127 92
127 110
127 123
127 145
127 151
127 155
127 162
127 216
127 217
127 228
127 240
127 249
127 266
127 268
127 273
127 281
127 286
127 299
127 315
127 327
127 371
127 379
127 430
127 461
127 470
127 477
127 499
128 2
128 4
128 10
128 12
128 13
128 19
128 30
128 33
128 61
128 95
128 98
128 121
128 144
128 165
128 171
128 175
128 184
128 194
128 261
128 330
128 343
128 347
128 381
128 384
128 409
128 434
128 495
129 1
129 4
129 20
129 22
129 29
129 37
129 42
129 45
129 68
129 120
129 123
129 126
129 133
129 185
129 237
129 251
129 306
129 335
129 351
129 416
129 424
129 470
129 478
130 1
130 5
130 6
130 10
130 13
130 15
130 18
130 36
130 63
130 112
130 115
130 118
130 140
130 149
130 164
130 181
130 190
130 222
130 228
130 233
130 236
130 241
130 243
130 254
130 274
130 290
130 303
130 334
130 344
130 365
130 371
130 396
130 443
130 447
130 456
130 466
131 18
131 19
131 30
131 51
131 55
131 65
131 72
131 77
131 83
131 84
131 92
131 96
131 138
131 140
131 205
131 209
131 219
131 220
131 221
131 223
131 274
131 284
131 298
131 442
131 467
131 476
132 6
132 22
132 29
132 43
132 48
132 50
132 59
132 61
132 66
132 91
132 99
132 111
132 136
132 179
132 194
132 240
132 253
132 282
132 392
132 415
132 418
132 434
132 446
132 489
133 7
133 18
133 20
133 33
133 42
133 60
133 68
133 76
133 80
133 102
133 109
133 129
133 136
133 177
133 190
133 221
133 244
133 274
133 305
133 331
134 3
134 4
134 10
134 23
134 28
134 30
134 33
134 51
134 60
134 73
134 86
134 97
134 157
134 168
134 191
134 260
134 266
134 273
134 299
134 301
134 331
134 351
135 0
135 2
135 17
135 22
135 23
135 30
135 31
135 33
135 37
135 47
135 116
135 119
135 140
135 144
135 169
135 212
135 255
135 281
135 289
135 401
135 468
136 9
136 21
136 28
136 33
136 35
136 49
136 56
136 70
136 81
136 90
136 132
136 133
136 206
136 423
136 497
137 5
137 6
137 11
137 15
137 24
137 33
137 65
137 78
137 102
137 111
137 112
137 114
137 206
137 215
137 228
137 232
137 243
137 261
137 273
137 320
137 341
137 379
137 402
137 461
138 0
138 17
138 28
138 33
138 42
138 55
138 64
138 65
138 91
138 96
138 107
138 131
138 183
138 187
138 192
138 194
138 199
138 281
138 284
138 327
138 378
138 422
138 467
139 5
139 12
139 15
139 34
139 37
139 40
139 44
139 50
139 58
139 82
139 95
139 111
139 147
139 159
139 275
139 278
139 281
139 311
139 320
139 359
139 388
139 401
139 403
139 414
140 7
140 8
140 18
140 33
140 44
140 87
140 89
140 97
140 104
140 130
140 131
140 135
140 151
140 154
140 162
140 303
140 305
140 339
140 347
141 1
141 7
141 27
141 37
141 42
141 45
141 46
141 54
141 62
141 77
141 98
141 114
141 149
141 159
141 194
141 200
141 330
141 388
141 492
142 3
142 5
142 9
142 32
142 45
142 64
142 78
142 83
142 103
142 105
142 110
142 111
142 155
142 162
142 163
142 165
142 187
142 214
142 219
142 222
142 226
142 242
142 245
142 252
142 302
142 339
142 348
142 408
142 480
143 0
143 1
143 9
143 15
143 29
143 33
143 42
143 46
143 53
143 76
143 101
143 110
143 147
143 272
143 395
143 399
143 406
143 461
144 6
144 7
144 23
144 24
144 29
144 72
144 77
144 89
144 112
144 117
144 128
144 135
144 199
144 259
144 276
144 283
144 337
144 419
144 433
144 469
145 3
145 10
145 21
145 34
145 37
145 49
145 57
145 64
145 66
145 95
145 118
145 127
145 149
145 157
145 164
145 175
145 190
145 201
145 207
145 211
145 242
145 251
145 308
145 309
145 328
145 347
145 353
145 368
145 371
145 415
145 429
145 438
145 441
145 444
145 476
145 478
146 0
146 2
146 18
146 26
146 27
146 33
146 39
146 52
146 54
146 57
146 102
146 124
146 173
146 193
146 223
146 229
146 251
146 255
146 407
147 8
147 10
147 26
147 52
147 62
147 63
147 72
147 78
147 83
147 97
147 139
147 143
147 239
147 287
147 395
147 437
147 477
148 2
148 7
148 8
148 11
148 25
148 27
148 41
148 43
148 51
148 74
148 90
148 102
148 177
148 301
148 354
148 385
149 4
149 6
149 12
149 16
149 20
149 28
149 29
149 37
149 65
149 130
149 141
149 145
149 159
149 204
149 218
149 223
149 246
149 276
149 307
149 355
149 389
149 400
149 454
149 471
150 0
150 3
150 18
150 31
150 33
150 42
150 43
150 48
150 111
150 116
150 118
150 125
150 248
150 265
150 321
150 397
150 400
150 410
150 438
150 454
150 473
151 2
151 4
151 33
151 70
151 72
151 75
151 80
151 86
151 102
151 122
151 127
151 140
151 164
151 186
151 245
151 276
151 295
151 355
151 416
152 0
152 6
152 18
152 21
152 24
152 26
152 42
152 54
152 68
152 72
152 106
152 111
152 167
152 175
152 227
152 230
152 247
152 299
152 304
152 308
152 317
152 343
152 347
152 355
152 358
152 437
152 466
153 3
153 4
153 6
153 8
153 11
153 28
153 34
153 60
153 68
153 107
153 110
153 121
153 175
153 183
153 210
153 256
153 328
153 345
153 404
153 440
154 2
154 5
154 9
154 14
154 45
154 55
154 66
154 72
154 87
154 90
154 102
154 140
154 187
154 301
154 308
154 309
154 396
154 450
155 7
155 11
155 20
155 23
155 47
155 63
155 83
155 93
155 120
155 123
155 127
155 142
155 177
155 182
155 209
155 265
155 267
155 272
155 289
155 299
155 302
155 306
155 315
155 320
155 352
155 374
155 386
155 466
155 479
156 0
156 1
156 3
156 4
156 7
156 10
156 14
156 16
156 56
156 82
156 114
156 124
156 160
156 224
156 230
156 252
156 268
156 288
156 309
156 315
156 332
156 387
156 430
157 0
157 11
157 33
157 47
157 54
157 62
157 63
157 93
157 99
157 106
157 134
157 145
157 175
157 183
157 222
157 240
157 271
157 373
157 381
157 401
157 458
157 490
158 1
158 4
158 13
158 25
158 26
158 39
158 45
158 54
158 65
158 71
158 72
158 109
158 186
158 226
158 288
158 335
158 344
158 383
158 394
158 408
159 9
159 13
159 21
159 38
159 47
159 93
159 98
159 102
159 112
159 139
159 141
159 149
159 169
159 176
159 213
159 247
159 294
159 311
159 342
159 371
159 443
160 5
160 6
160 9
160 12
160 13
160 27
160 54
160 58
160 59
160 98
160 111
160 156
160 173
160 176
160 201
160 212
160 240
160 330
160 394
161 1
161 2
161 6
161 8
161 20
161 23
161 25
161 34
161 43
161 51
161 75
161 80
161 166
161 208
161 232
161 279
161 311
161 329
161 376
161 381
161 448
161 457
161 489
162 3
162 4
162 10
162 16
162 25
162 29
162 74
162 89
162 111
162 127
162 140
162 142
162 194
162 207
162 235
162 289
162 342
162 443
163 6
163 22
163 23
163 27
163 29
163 36
163 42
163 43
163 62
163 110
163 111
163 142
163 164
163 168
163 288
163 291
163 420
163 489
164 13
164 15
164 20
164 29
164 30
164 58
164 87
164 100
164 130
164 145
164 151
164 163
164 166
164 198
164 258
164 261
164 293
164 387
164 399
164 412
164 485
165 6
165 8
165 9
165 10
165 17
165 20
165 36
165 39
165 64
165 81
165 128
165 142
165 173
165 262
165 323
165 351
165 403
165 407
165 466
166 4
166 7
166 13
166 15
166 17
166 20
166 52
166 65
166 70
166 71
166 161
166 164
166 233
166 273
166 394
166 438
166 457
166 463
166 472
166 484
167 5
167 6
167 7
167 22
167 33
167 39
167 45
167 74
167 76
167 97
167 111
167 152
167 189
167 256
167 267
167 280
167 351
167 409
167 411
167 419
167 420
167 425
167 427
167 428
168 3
168 19
168 20
168 29
168 37
168 38
168 51
168 53
168 80
168 95
168 134
168 163
168 207
168 259
168 349
168 377
168 462
168 465
168 484
169 2
169 9
169 20
169 31
169 54
169 62
169 68
169 72
169 90
169 96
169 135
169 159
169 172
169 422
169 425
169 494
170 0
170 3
170 4
170 8
170 10
170 19
170 25
170 33
170 37
170 91
170 95
170 119
170 180
170 216
170 323
170 369
170 395
170 444
171 1
171 3
171 6
171 11
171 16
171 41
171 43
171 44
171 51
171 99
171 106
171 128
171 185
171 255
171 333
171 349
171 356
171 405
171 408
171 498
172 0
172 6
172 19
172 31
172 33
172 51
172 72
172 86
172 97
172 101
172 123
172 169
172 232
172 377
172 405
172 414
173 4
173 17
173 24
173 28
173 36
173 82
173 83
173 106
173 125
173 146
173 160
173 165
173 270
173 329
173 333
173 368
173 393
174 3
174 23
174 26
174 34
174 36
174 54
174 86
174 97
174 98
174 109
174 115
174 116
174 255
174 283
174 341
174 360
174 426
174 447
175 11
175 22
175 27
175 37
175 38
175 80
175 94
175 128
175 145
175 152
175 153
175 157
175 232
175 299
175 317
175 359
175 428
176 13
176 17
176 18
176 29
176 33
176 50
176 53
176 72
176 85
176 119
176 159
176 160
176 224
176 236
176 278
176 351
176 475
177 1
177 10
177 17
177 18
177 32
177 40
177 49
177 63
177 101
177 133
177 148
177 155
177 225
177 226
177 266
177 271
177 283
177 300
177 341
177 364
177 368
178 1
178 2
178 4
178 6
178 8
178 10
178 14
178 45
178 88
178 89
178 110
178 123
178 182
178 265
178 304
178 358
178 389
178 405
178 412
178 433
178 443
178 479
179 21
179 23
179 38
179 53
179 54
179 59
179 60
179 67
179 85
179 92
179 121
179 132
179 199
179 225
179 227
179 255
179 285
179 315
179 319
179 321
179 352
179 395
179 408
179 423
179 448
180 11
180 18
180 28
180 33
180 45
180 62
180 76
180 93
180 102
180 124
180 126
180 170
180 189
180 196
180 197
180 314
180 399
180 443
180 463
180 483
181 18
181 26
181 39
181 45
181 54
181 56
181 57
181 73
181 77
181 90
181 92
181 130
181 190
182 2
182 10
182 15
182 23
182 25
182 27
182 29
182 34
182 64
182 100
182 155
182 178
182 195
182 205
182 222
182 232
182 241
182 248
182 250
182 266
182 290
182 309
182 339
182 375
182 407
182 410
183 14
183 19
183 20
183 22
183 26
183 33
183 57
183 63
183 66
183 138
183 153
183 157
183 216
183 291
183 373
184 0
184 3
184 5
184 26
184 28
184 39
184 45
184 82
184 98
184 111
184 126
184 128
184 228
184 238
184 334
184 360
184 466
185 2
185 8
185 13
185 20
185 37
185 45
185 50
185 51
185 79
185 90
185 129
185 171
185 194
185 223
185 234
185 310
185 329
185 393
185 438
185 479
186 12
186 15
186 16
186 26
186 28
186 30
186 31
186 53
186 54
186 67
186 151
186 158
186 231
186 374
186 413
186 417
186 498
187 3
187 5
187 13
187 38
187 55
187 82
187 84
187 90
187 92
187 138
187 142
187 154
187 197
187 211
187 238
187 266
187 306
187 362
187 388
187 389
187 413
187 436
187 438
188 1
188 3
188 8
188 14
188 42
188 61
188 91
188 95
188 99
188 103
188 108
188 116
188 200
188 214
188 256
188 280
188 289
188 378
188 442
188 496
189 2
189 7
189 9
189 20
189 48
189 50
189 53
189 60
189 106
189 109
189 167
189 180
189 241
189 256
189 277
189 281
189 299
189 300
189 302
189 334
189 414
189 465
189 483
190 0
190 6
190 16
190 17
190 22
190 44
190 100
190 104
190 130
190 133
190 145
190 181
190 193
190 223
190 275
190 424
190 474
190 480
191 1
191 7
191 17
191 21
191 23
191 48
191 74
191 86
191 90
191 115
191 116
191 134
191 204
191 265
191 280
191 311
191 351
191 369
191 372
191 383
192 9
192 12
192 15
192 22
192 28
192 29
192 58
192 65
192 67
192 79
192 93
192 138
192 264
192 271
192 306
192 346
192 354
192 455
192 459
192 488
193 10
193 15
193 23
193 34
193 50
193 62
193 99
193 111
193 117
193 121
193 146
193 190
193 206
193 238
193 274
193 290
193 307
193 323
193 365
193 376
193 389
193 439
193 459
193 474
193 488
193 497
194 8
194 24
194 35
194 50
194 76
194 102
194 128
194 132
194 138
194 141
194 162
194 185
194 242
194 255
194 303
194 308
194 317
194 402
194 415
194 447
195 1
195 11
195 17
195 26
195 39
195 51
195 52
195 85
195 92
195 112
195 116
195 182
195 214
195 230
195 284
195 323
195 352
195 365
195 371
195 374
195 392
195 402
195 457
195 482
196 19
196 30
196 33
196 52
196 63
196 64
196 72
196 76
196 85
196 98
196 99
196 180
196 338
196 353
196 375
196 401
196 451
196 497
197 2
197 10
197 13
197 14
197 18
197 27
197 28
197 43
197 72
197 80
197 180
197 187
197 236
197 255
197 453
197 458
197 468
197 494
198 1
198 9
198 10
198 37
198 38
198 54
198 72
198 79
198 91
198 108
198 114
198 164
198 226
198 245
198 246
198 274
198 337
198 370
198 375
198 390
198 400
198 403
198 477
199 0
199 1
199 8
199 13
199 18
199 20
199 23
199 37
199 120
199 138
199 144
199 179
199 219
199 262
199 281
199 341
199 453
200 6
200 8
200 12
200 13
200 27
200 59
200 64
200 95
200 114
200 125
200 141
200 188
200 216
200 315
200 345
200 389
200 439
201 2
201 16
201 23
201 25
201 33
201 71
201 83
201 90
201 101
201 108
201 145
201 160
201 268
201 277
201 357
202 9
202 11
202 26
202 33
202 61
202 63
202 64
202 65
202 84
202 85
202 114
202 117
202 207
202 234
202 307
202 331
202 387
202 395
203 4
203 5
203 7
203 12
203 18
203 25
203 31
203 71
203 76
203 81
203 100
203 124
203 240
203 268
203 297
203 314
203 342
203 383
203 405
203 462
203 477
203 498
204 10
204 18
204 23
204 36
204 40
204 44
204 46
204 53
204 55
204 92
204 149
204 191
204 272
204 310
204 336
204 424
204 428
204 436
204 439
204 443
205 6
205 15
205 16
205 20
205 65
205 74
205 89
205 91
205 100
205 104
205 131
205 182
205 219
205 236
205 237
205 254
205 325
205 403
205 428
206 1
206 8
206 18
206 65
206 90
206 102
206 106
206 109
206 121
206 136
206 137
206 193
206 254
206 257
206 294
206 325
206 463
207 7
207 10
207 13
207 51
207 54
207 82
207 108
207 112
207 145
207 162
207 168
207 202
207 211
207 216
207 218
207 249
207 264
207 323
207 359
207 394
207 435
208 2
208 4
208 18
208 44
208 45
208 50
208 71
208 84
208 96
208 100
208 118
208 161
208 246
208 324
208 378
209 2
209 6
209 8
209 11
209 32
209 38
209 44
209 48
209 58
209 99
209 131
209 155
209 232
209 273
209 302
209 303
209 377
209 465
210 1
210 2
210 6
210 14
210 25
210 40
210 63
210 73
210 82
210 106
210 113
210 153
210 233
210 270
210 359
210 373
210 403
210 452
210 491
211 3
211 8
211 16
211 34
211 54
211 66
211 82
211 87
211 99
211 145
211 187
211 207
211 280
211 312
211 351
211 388
211 411
211 440
211 464
211 478
211 480
212 0
212 1
212 3
212 12
212 57
212 67
212 71
212 92
212 94
212 109
212 135
212 160
212 225
212 259
212 270
212 338
212 411
212 464
213 10
213 19
213 20
213 34
213 40
213 53
213 55
213 79
213 93
213 102
213 114
213 159
213 233
213 285
213 318
213 324
213 334
213 337
213 341
213 370
213 435
214 0
214 5
214 18
214 47
214 70
214 77
214 97
214 104
214 110
214 142
214 188
214 195
214 249
214 265
214 287
214 288
214 290
214 314
214 374
214 463
214 465
215 2
215 3
215 6
215 15
215 18
215 19
215 21
215 56
215 62
215 100
215 121
215 137
215 218
215 251
215 267
215 278
215 349
215 376
215 398
215 401
215 427
215 469
215 473
215 494
216 12
216 15
216 18
216 20
216 33
216 53
216 112
216 127
216 170
216 183
216 200
216 207
216 263
216 306
216 340
216 376
216 401
216 470
217 2
217 4
217 5
217 20
217 62
217 63
217 65
217 75
217 82
217 92
217 120
217 127
217 222
217 244
217 269
217 291
217 325
217 339
217 412
217 449
218 12
218 13
218 18
218 23
218 28
218 33
218 37
218 95
218 98
218 149
218 207
218 215
218 232
218 233
218 250
218 279
218 286
218 288
218 334
218 395
218 404
218 440
218 451
218 453
219 11
219 14
219 16
219 18
219 25
219 29
219 60
219 114
219 131
219 142
219 199
219 205
219 247
219 313
219 363
219 392
220 6
220 7
220 11
220 15
220 29
220 33
220 42
220 50
220 60
220 62
220 85
220 131
220 270
220 310
220 380
220 419
221 2
221 6
221 10
221 13
221 17
221 22
221 34
221 70
221 90
221 97
221 131
221 133
221 228
221 383
221 422
221 432
221 447
221 449
221 488
221 496
222 1
222 5
222 6
222 21
222 67
222 82
222 122
222 130
222 142
222 157
222 182
222 217
222 234
222 313
222 402
222 414
222 483
223 1
223 8
223 27
223 45
223 64
223 115
223 119
223 131
223 146
223 149
223 185
223 190
223 242
223 476
224 20
224 26
224 30
224 32
224 43
224 50
224 60
224 71
224 94
224 107
224 156
224 176
224 309
224 332
224 460
224 475
225 7
225 18
225 38
225 43
225 48
225 73
225 105
225 120
225 126
225 177
225 179
225 212
225 250
225 305
225 339
226 8
226 9
226 10
226 22
226 28
226 51
226 112
226 114
226 142
226 158
226 177
226 198
226 238
226 245
226 292
226 316
226 321
226 349
227 13
227 17
227 56
227 61
227 65
227 86
227 88
227 96
227 98
227 102
227 152
227 179
227 244
227 282
227 291
227 300
227 372
227 451
228 2
228 13
228 25
228 57
228 75
228 78
228 80
228 127
228 130
228 137
228 184
228 221
228 231
228 288
228 297
228 337
228 388
229 4
229 8
229 20
229 26
229 31
229 33
229 55
229 78
229 94
229 118
229 124
229 146
229 231
229 243
229 271
229 383
230 19
230 25
230 26
230 34
230 53
230 63
230 70
230 71
230 85
230 152
230 156
230 195
230 267
230 303
230 308
230 314
230 327
230 390
230 467
230 479
230 490
231 9
231 14
231 17
231 41
231 45
231 55
231 92
231 106
231 112
231 186
231 228
231 229
231 258
231 283
231 391
231 417
231 444
232 0
232 10
232 11
232 17
232 113
232 137
232 161
232 172
232 175
232 182
232 209
232 218
232 243
232 253
232 262
232 328
232 401
233 1
233 18
233 83
233 84
233 88
233 92
233 113
233 130
233 166
233 210
233 213
233 218
233 249
233 484
233 499
234 12
234 13
234 36
234 43
234 62
234 99
234 104
234 116
234 123
234 185
234 202
234 222
234 276
234 297
234 355
235 2
235 10
235 11
235 18
235 50
235 58
235 62
235 66
235 71
235 97
235 110
235 162
235 264
235 284
235 363
235 386
235 399
235 431
235 462
235 464
235 475
236 7
236 13
236 14
236 28
236 50
236 75
236 109
236 110
236 130
236 176
236 197
236 205
236 241
236 243
236 301
236 391
236 406
236 467
236 468
236 476
236 480
237 8
237 23
237 35
237 47
237 54
237 57
237 67
237 102
237 121
237 123
237 129
237 205
237 256
237 269
237 340
237 417
237 447
237 457
238 6
238 8
238 13
238 16
238 18
238 22
238 67
238 76
238 184
238 187
238 193
238 226
238 249
238 260
238 275
238 280
238 396
238 406
238 450
238 497
239 6
239 12
239 27
239 32
239 42
239 45
239 72
239 94
239 103
239 117
239 123
239 147
239 294
239 358
239 363
239 373
239 442
240 4
240 11
240 14
240 48
240 57
240 59
240 96
240 127
240 132
240 157
240 160
240 203
240 242
240 244
240 269
240 309
240 321
240 448
240 458
241 0
241 4
241 13
241 33
241 35
241 68
241 91
241 115
241 130
241 182
241 189
241 236
241 299
241 329
241 385
241 413
241 466
241 481
241 493
242 13
242 20
242 54
242 77
242 88
242 90
242 122
242 142
242 145
242 194
242 223
242 240
242 364
242 452
243 8
243 26
243 30
243 48
243 60
243 115
243 125
243 130
243 137
243 229
243 232
243 236
243 295
243 341
243 357
243 421
243 466
244 3
244 5
244 6
244 9
244 46
244 74
244 113
244 123
244 133
244 217
244 227
244 240
244 274
244 286
245 7
245 16
245 52
245 70
245 72
245 81
245 94
245 125
245 142
245 151
245 198
245 226
245 269
245 300
245 310
245 351
245 384
245 476
246 3
246 15
246 26
246 33
246 57
246 79
246 86
246 101
246 125
246 149
246 198
246 208
246 247
246 248
246 252
246 262
246 266
246 293
246 323
246 333
246 356
246 372
246 385
247 2
247 9
247 12
247 13
247 27
247 75
247 118
247 126
247 152
247 159
247 219
247 246
247 439
247 469
247 472
248 25
248 37
248 53
248 61
248 62
248 65
248 84
248 93
248 118
248 150
248 182
248 246
248 387
248 397
248 441
249 6
249 16
249 26
249 58
249 91
249 92
249 97
249 127
249 207
249 214
249 233
249 238
249 280
249 296
249 336
249 347
249 369
249 410
250 12
250 22
250 29
250 31
250 65
250 86
250 89
250 107
250 123
250 182
250 218
250 225
250 274
250 324
250 358
250 401
250 441
250 470
250 486
251 3
251 4
251 6
251 33
251 56
251 68
251 84
251 86
251 129
251 145
251 146
251 215
251 261
251 266
251 342
251 354
251 408
251 419
252 9
252 10
252 11
252 26
252 70
252 79
252 84
252 110
252 123
252 142
252 156
252 246
252 309
252 413
253 5
253 6
253 7
253 23
253 27
253 67
253 80
253 116
253 118
253 123
253 132
253 232
253 361
253 371
253 373
253 390
253 397
253 408
253 455
253 474
254 1
254 3
254 7
254 12
254 29
254 78
254 80
254 92
254 121
254 130
254 205
254 206
254 300
254 310
254 317
254 468
254 496
255 4
255 17
255 19
255 95
255 103
255 135
255 146
255 171
255 174
255 179
255 194
255 197
255 325
255 328
255 430
256 7
256 10
256 45
256 51
256 68
256 86
256 101
256 153
256 167
256 188
256 189
256 237
256 342
257 3
257 11
257 14
257 20
257 29
257 32
257 33
257 49
257 74
257 102
257 106
257 206
257 322
257 333
257 350
257 441
257 455
257 470
258 12
258 18
258 21
258 26
258 28
258 65
258 90
258 101
258 105
258 115
258 164
258 231
258 301
258 469
258 479
259 5
259 11
259 13
259 34
259 37
259 66
259 76
259 97
259 116
259 144
259 168
259 212
259 303
259 316
259 407
260 10
260 11
260 13
260 18
260 48
260 74
260 76
260 84
260 85
260 113
260 134
260 238
260 265
260 277
260 335
260 367
260 410
260 420
260 427
260 484
261 6
261 11
261 14
261 39
261 47
261 56
261 78
261 100
261 128
261 137
261 164
261 251
261 276
261 299
261 313
261 348
261 375
261 395
261 441
261 450
261 463
262 14
262 23
262 34
262 36
262 38
262 46
262 99
262 100
262 165
262 199
262 232
262 246
263 5
263 11
263 12
263 30
263 37
263 43
263 53
263 56
263 74
263 95
263 96
263 216
263 287
263 333
264 1
264 9
264 27
264 61
264 80
264 84
264 86
264 113
264 126
264 192
264 207
264 235
264 269
264 284
264 306
264 354
264 360
264 443
264 465
265 11
265 45
265 60
265 82
265 100
265 116
265 150
265 155
265 178
265 191
265 214
265 260
265 278
265 300
265 371
265 431
265 435
266 8
266 19
266 96
266 99
266 112
266 127
266 134
266 177
266 182
266 187
266 246
266 251
266 364
266 384
266 454
267 6
267 8
267 10
267 11
267 27
267 60
267 64
267 101
267 155
267 167
267 215
267 230
267 273
267 278
267 333
267 350
267 472
268 0
268 5
268 18
268 43
268 59
268 107
268 110
268 116
268 127
268 156
268 201
268 203
268 283
268 397
268 402
269 5
269 21
269 36
269 50
269 64
269 80
269 99
269 217
269 237
269 240
269 245
269 264
269 286
269 291
269 302
269 305
269 313
269 355
269 396
269 441
269 482
270 6
270 10
270 17
270 18
270 22
270 47
270 58
270 122
270 173
270 210
270 212
270 220
270 304
270 308
270 318
270 459
270 481
271 5
271 6
271 7
271 27
271 33
271 44
271 115
271 119
271 157
271 177
271 192
271 229
271 313
271 350
271 354
272 2
272 3
272 9
272 21
272 42
272 58
272 84
272 104
272 125
272 143
272 155
272 204
272 310
272 317
272 429
272 439
273 2
273 13
273 20
273 22
273 50
273 104
273 127
273 134
273 137
273 166
273 209
273 267
273 381
273 404
273 474
274 1
274 70
274 74
274 93
274 122
274 130
274 131
274 133
274 193
274 198
274 244
274 250
274 297
274 322
274 355
274 442
275 3
275 5
275 12
275 52
275 66
275 78
275 81
275 121
275 125
275 139
275 190
275 238
275 276
275 286
275 317
275 339
275 363
275 382
275 389
275 409
275 431
275 433
275 497
276 6
276 35
276 45
276 55
276 92
276 99
276 144
276 149
276 151
276 234
276 261
276 275
276 283
276 290
276 320
276 414
276 433
276 436
277 28
277 65
277 70
277 75
277 87
277 88
277 99
277 103
277 105
277 189
277 201
277 260
277 282
277 423
277 477
278 2
278 3
278 8
278 9
278 20
278 89
278 91
278 139
278 176
278 215
278 265
278 267
278 329
278 367
278 393
278 422
278 496
279 1
279 9
279 18
279 30
279 58
279 66
279 92
279 106
279 113
279 123
279 161
279 218
279 285
279 381
279 473
279 482
280 3
280 12
280 43
280 45
280 102
280 120
280 167
280 188
280 191
280 211
280 238
280 249
280 370
280 390
280 437
281 33
281 43
281 75
281 104
281 106
281 126
281 127
281 135
281 138
281 139
281 189
281 199
281 284
281 368
281 397
281 420
281 498
282 9
282 29
282 37
282 75
282 78
282 79
282 88
282 118
282 122
282 132
282 227
282 277
282 330
282 380
282 381
282 425
282 452
283 1
283 16
283 52
283 72
283 111
283 116
283 144
283 174
283 177
283 231
283 268
283 276
283 313
283 370
283 449
284 2
284 18
284 21
284 29
284 58
284 103
284 131
284 138
284 195
284 235
284 264
284 281
284 287
284 346
284 358
284 432
284 445
284 497
285 5
285 8
285 16
285 31
285 34
285 44
285 45
285 73
285 100
285 179
285 213
285 279
285 289
285 331
285 376
285 393
285 470
286 4
286 5
286 18
286 40
286 76
286 101
286 103
286 127
286 218
286 244
286 269
286 275
286 303
286 316
286 338
286 339
286 400
286 409
286 433
286 440
286 448
286 476
286 493
287 0
287 3
287 22
287 33
287 45
287 73
287 99
287 107
287 147
287 214
287 263
287 284
287 296
287 298
287 305
287 321
287 332
287 345
287 424
287 455
287 485
288 12
288 19
288 30
288 56
288 77
288 90
288 156
288 158
288 163
288 214
288 218
288 228
288 312
288 328
288 346
288 356
288 365
289 2
289 10
289 35
289 38
289 40
289 73
289 122
289 135
289 155
289 162
289 188
289 285
289 387
290 2
290 9
290 24
290 54
290 57
290 77
290 85
290 130
290 182
290 193
290 214
290 276
290 337
290 340
290 456
290 459
290 467
291 0
291 9
291 14
291 49
291 54
291 114
291 125
291 163
291 183
291 217
291 227
291 269
291 311
291 362
291 380
291 405
291 475
292 2
292 3
292 6
292 8
292 13
292 20
292 22
292 23
292 55
292 86
292 117
292 226
292 302
292 380
292 433
293 2
293 6
293 10
293 11
293 12
293 19
293 23
293 33
293 119
293 122
293 164
293 246
293 295
293 331
293 398
294 10
294 18
294 20
294 35
294 39
294 50
294 53
294 58
294 104
294 159
294 206
294 239
294 300
294 456
294 493
295 2
295 18
295 50
295 63
295 65
295 68
295 88
295 107
295 115
295 151
295 243
295 293
296 5
296 9
296 10
296 14
296 23
296 24
296 27
296 101
296 115
296 124
296 249
296 287
296 307
296 315
296 345
296 389
296 462
297 0
297 6
297 10
297 22
297 26
297 36
297 82
297 124
297 203
297 228
297 234
297 274
297 394
297 422
297 434
298 0
298 3
298 7
298 9
298 10
298 12
298 14
298 62
298 103
298 124
298 131
298 287
299 32
299 42
299 66
299 81
299 127
299 134
299 152
299 155
299 175
299 189
299 241
299 261
299 402
299 411
299 435
299 441
300 9
300 11
300 29
300 33
300 71
300 177
300 189
300 227
300 245
300 254
300 265
300 294
300 413
300 422
301 11
301 22
301 35
301 57
301 95
301 100
301 113
301 134
301 148
301 154
301 236
301 258
301 417
301 446
301 464
302 1
302 33
302 53
302 55
302 64
302 84
302 142
302 155
302 189
302 209
302 269
302 292
302 311
302 368
302 408
303 18
303 20
303 33
303 34
303 75
303 130
303 140
303 194
303 209
303 230
303 259
303 286
303 320
303 420
303 446
303 478
304 9
304 14
304 16
304 28
304 34
304 40
304 44
304 80
304 111
304 152
304 178
304 270
304 332
304 362
304 458
305 12
305 30
305 50
305 83
305 93
305 100
305 109
305 133
305 140
305 225
305 269
305 287
305 312
305 326
306 1
306 40
306 45
306 79
306 99
306 104
306 129
306 155
306 187
306 192
306 216
306 264
306 312
306 361
306 366
306 375
306 380
306 392
307 3
307 10
307 29
307 35
307 68
307 78
307 89
307 100
307 149
307 193
307 202
307 296
307 311
307 326
307 346
308 1
308 8
308 45
308 48
308 88
308 96
308 145
308 152
308 154
308 194
308 230
308 270
308 332
308 337
308 363
308 382
308 394
308 467
308 483
309 6
309 13
309 29
309 69
309 92
309 145
309 154
309 156
309 182
309 224
309 240
309 252
309 360
309 365
309 430
309 433
310 20
310 22
310 28
310 36
310 91
310 110
310 185
310 204
310 220
310 245
310 254
310 272
310 373
310 390
310 436
310 442
310 492
311 18
311 21
311 34
311 42
311 77
311 139
311 159
311 161
311 191
311 291
311 302
311 307
311 336
312 3
312 10
312 13
312 15
312 65
312 67
312 72
312 111
312 211
312 288
312 305
312 306
312 360
312 372
312 378
312 400
312 405
312 447
313 9
313 48
313 52
313 63
313 109
313 110
313 219
313 222
313 261
313 269
313 271
313 283
313 412
313 436
313 491
314 27
314 39
314 42
314 50
314 57
314 98
314 100
314 101
314 180
314 203
314 214
314 230
314 339
314 377
314 378
314 409
314 413
314 428
314 458
315 2
315 4
315 13
315 27
315 40
315 75
315 127
315 155
315 156
315 179
315 200
315 296
315 341
315 414
315 425
315 445
316 0
316 6
316 36
316 42
316 61
316 74
316 109
316 113
316 114
316 226
316 259
316 286
316 319
316 398
316 440
316 444
316 491
316 493
317 34
317 38
317 71
317 81
317 95
317 110
317 152
317 175
317 194
317 254
317 272
317 275
317 327
317 336
317 361
317 391
317 399
317 418
317 445
317 499
318 4
318 5
318 12
318 19
318 33
318 62
318 63
318 71
318 114
318 118
318 213
318 270
318 388
318 392
318 394
318 451
319 4
319 31
319 32
319 33
319 46
319 47
319 85
319 101
319 106
319 111
319 179
319 316
319 321
320 8
320 14
320 40
320 56
320 65
320 84
320 91
320 137
320 139
320 155
320 276
320 303
320 344
320 379
320 393
320 396
320 411
320 481
321 5
321 16
321 17
321 25
321 27
321 38
321 150
321 179
321 226
321 240
321 287
321 319
322 4
322 36
322 41
322 47
322 50
322 71
322 77
322 92
322 104
322 115
322 257
322 274
322 328
322 364
322 420
322 439
322 493
322 499
323 9
323 13
323 43
323 62
323 94
323 118
323 165
323 170
323 193
323 195
323 207
323 246
323 498
324 9
324 20
324 27
324 32
324 52
324 54
324 69
324 93
324 96
324 208
324 213
324 250
324 340
324 385
324 407
324 431
324 483
325 2
325 10
325 12
325 17
325 72
325 83
325 97
325 111
325 205
325 206
325 217
325 255
325 336
325 364
325 370
326 13
326 15
326 16
326 37
326 43
326 45
326 64
326 84
326 91
326 117
326 305
326 307
326 354
326 362
326 442
327 20
327 37
327 38
327 48
327 55
327 58
327 88
327 111
327 127
327 138
327 230
327 317
327 426
327 453
328 6
328 7
328 35
328 62
328 83
328 102
328 145
328 153
328 232
328 255
328 288
328 322
329 9
329 17
329 18
329 19
329 61
329 63
329 99
329 161
329 173
329 185
329 241
329 278
329 347
329 348
329 357
329 405
329 411
330 2
330 8
330 15
330 26
330 78
330 108
330 109
330 114
330 128
330 141
330 160
330 282
330 331
330 379
330 421
331 4
331 63
331 66
331 88
331 89
331 100
331 133
331 134
331 202
331 285
331 293
331 330
331 378
331 385
331 445
331 450
332 1
332 12
332 46
332 50
332 64
332 99
332 108
332 156
332 224
332 287
332 304
332 308
332 349
332 413
332 472
332 498
333 3
333 9
333 15
333 37
333 63
333 110
333 171
333 173
333 246
333 257
333 263
333 267
333 361
334 2
334 9
334 13
334 52
334 54
334 107
334 110
334 130
334 184
334 189
334 213
334 218
334 456
334 481
335 6
335 12
335 13
335 14
335 40
335 52
335 55
335 67
335 117
335 129
335 158
335 260
335 381
335 468
336 2
336 5
336 20
336 49
336 77
336 83
336 117
336 204
336 249
336 311
336 317
336 325
336 439
336 492
337 7
337 12
337 27
337 81
337 86
337 99
337 144
337 198
337 213
337 228
337 290
337 308
337 414
337 418
337 421
338 6
338 9
338 22
338 24
338 37
338 53
338 59
338 66
338 111
338 196
338 212
338 286
339 5
339 23
339 90
339 119
339 140
339 142
339 182
339 217
339 225
339 275
339 286
339 314
339 353
339 432
340 0
340 2
340 8
340 14
340 22
340 69
340 104
340 122
340 216
340 237
340 290
340 324
340 346
340 372
341 3
341 7
341 10
341 28
341 97
341 137
341 174
341 177
341 199
341 213
341 243
341 315
341 361
341 363
342 4
342 14
342 20
342 50
342 55
342 69
342 71
342 159
342 162
342 203
342 251
342 256
343 11
343 15
343 16
343 27
343 33
343 63
343 65
343 72
343 84
343 89
343 128
343 152
343 364
343 377
343 406
343 443
344 12
344 14
344 28
344 30
344 36
344 55
344 88
344 93
344 94
344 130
344 158
344 320
344 445
344 480
345 3
345 10
345 15
345 19
345 42
345 86
345 95
345 124
345 153
345 200
345 287
345 296
345 397
345 455
345 459
346 18
346 19
346 20
346 28
346 50
346 64
346 101
346 192
346 284
346 288
346 307
346 340
346 480
346 489
347 1
347 10
347 11
347 15
347 21
347 45
347 128
347 140
347 145
347 152
347 249
347 329
347 411
348 6
348 8
348 26
348 33
348 43
348 65
348 73
348 103
348 116
348 142
348 261
348 329
349 11
349 16
349 23
349 26
349 37
349 61
349 80
349 168
349 171
349 215
349 226
349 332
349 371
349 372
349 438
349 470
349 487
349 488
350 7
350 8
350 11
350 20
350 24
350 27
350 44
350 47
350 83
350 257
350 267
350 271
350 467
351 3
351 11
351 15
351 70
351 129
351 134
351 165
351 167
351 176
351 191
351 211
351 245
351 368
351 425
352 4
352 18
352 40
352 42
352 61
352 62
352 68
352 70
352 84
352 155
352 179
352 195
352 384
352 398
352 425
352 459
353 10
353 15
353 18
353 20
353 26
353 37
353 54
353 77
353 96
353 145
353 196
353 339
353 442
353 457
354 5
354 8
354 26
354 33
354 60
354 112
354 148
354 192
354 251
354 264
354 271
354 326
354 399
354 471
355 1
355 13
355 23
355 43
355 53
355 99
355 149
355 151
355 152
355 234
355 269
355 274
356 0
356 7
356 18
356 20
356 55
356 76
356 81
356 84
356 112
356 171
356 246
356 288
356 367
357 4
357 7
357 18
357 21
357 26
357 31
357 38
357 75
357 81
357 201
357 243
357 329
358 18
358 29
358 35
358 52
358 56
358 65
358 103
358 152
358 178
358 239
358 250
358 284
358 391
358 407
358 494
359 1
359 6
359 12
359 14
359 26
359 50
359 72
359 115
359 139
359 175
359 207
359 210
359 433
359 438
359 484
360 13
360 23
360 28
360 80
360 89
360 102
360 121
360 174
360 184
360 264
360 309
360 312
361 6
361 15
361 18
361 53
361 68
361 84
361 118
361 253
361 306
361 317
361 333
361 341
361 392
361 453
362 6
362 23
362 56
362 57
362 68
362 88
362 100
362 112
362 187
362 291
362 304
362 326
362 427
362 454
362 481
362 492
363 6
363 45
363 46
363 77
363 98
363 124
363 219
363 235
363 239
363 275
363 308
363 341
363 385
363 483
363 490
364 4
364 6
364 13
364 27
364 43
364 82
364 177
364 242
364 266
364 322
364 325
364 343
364 385
365 7
365 12
365 27
365 40
365 43
365 77
365 121
365 130
365 193
365 195
365 288
365 309
365 366
365 384
366 2
366 12
366 13
366 16
366 53
366 59
366 72
366 89
366 100
366 103
366 306
366 365
366 391
367 1
367 10
367 15
367 48
367 61
367 82
367 91
367 96
367 111
367 260
367 278
367 356
368 10
368 11
368 23
368 51
368 89
368 91
368 145
368 173
368 177
368 281
368 302
368 351
368 419
369 16
369 19
369 26
369 28
369 33
369 60
369 62
369 77
369 83
369 170
369 191
369 249
369 430
369 491
370 6
370 26
370 42
370 44
370 46
370 48
370 82
370 198
370 213
370 280
370 283
370 325
370 424
370 435
370 473
370 486
370 498
371 31
371 92
371 111
371 116
371 127
371 130
371 145
371 159
371 195
371 253
371 265
371 349
371 499
372 20
372 26
372 30
372 51
372 98
372 112
372 191
372 227
372 246
372 312
372 340
372 349
372 378
372 461
373 2
373 7
373 12
373 16
373 34
373 119
373 157
373 183
373 210
373 239
373 253
373 310
373 436
374 0
374 29
374 31
374 46
374 47
374 86
374 117
374 122
374 155
374 186
374 195
374 214
374 395
374 483
375 3
375 22
375 25
375 30
375 36
375 43
375 98
375 182
375 196
375 198
375 261
375 306
375 389
375 463
375 465
376 31
376 33
376 34
376 63
376 68
376 86
376 122
376 161
376 193
376 215
376 216
376 285
376 406
376 434
376 472
377 19
377 22
377 27
377 34
377 35
377 39
377 50
377 168
377 172
377 209
377 314
377 343
378 11
378 18
378 60
378 81
378 121
378 138
378 188
378 208
378 312
378 314
378 331
378 372
378 417
379 1
379 7
379 14
379 49
379 52
379 60
379 103
379 113
379 127
379 137
379 320
379 330
379 431
379 476
380 4
380 10
380 34
380 47
380 48
380 93
380 110
380 220
380 282
380 291
380 292
380 306
380 397
380 406
380 434
380 465
380 475
381 0
381 1
381 4
381 25
381 42
381 128
381 157
381 161
381 273
381 279
381 282
381 335
381 412
381 415
381 482
381 495
382 0
382 9
382 13
382 17
382 20
382 29
382 63
382 67
382 79
382 82
382 275
382 308
382 414
382 469
383 11
383 13
383 17
383 18
383 29
383 61
383 82
383 158
383 191
383 203
383 221
383 229
383 489
384 9
384 17
384 26
384 28
384 54
384 123
384 124
384 128
384 245
384 266
384 352
384 365
384 441
384 467
385 3
385 21
385 28
385 42
385 118
385 148
385 241
385 246
385 324
385 331
385 363
385 364
385 434
385 459
386 10
386 19
386 22
386 27
386 44
386 45
386 58
386 62
386 80
386 123
386 155
386 235
387 4
387 5
387 19
387 21
387 99
387 102
387 108
387 156
387 164
387 202
387 248
387 289
387 388
387 393
387 485
387 495
388 1
388 11
388 24
388 48
388 49
388 139
388 141
388 187
388 211
388 228
388 318
388 387
388 413
388 441
388 467
389 8
389 23
389 41
389 118
389 149
389 178
389 187
389 193
389 200
389 275
389 296
389 375
389 402
389 410
389 430
389 471
389 488
389 493
390 2
390 3
390 5
390 26
390 63
390 72
390 86
390 198
390 230
390 253
390 280
390 310
390 492
391 14
391 41
391 64
391 66
391 73
391 101
391 114
391 231
391 236
391 317
391 358
391 366
392 4
392 6
392 15
392 28
392 37
392 110
392 132
392 195
392 219
392 306
392 318
392 361
392 401
393 0
393 8
393 54
393 81
393 98
393 110
393 173
393 185
393 278
393 285
393 320
393 387
393 403
393 432
394 1
394 10
394 39
394 74
394 108
394 158
394 160
394 166
394 207
394 297
394 308
394 318
394 462
395 7
395 26
395 33
395 104
395 143
395 147
395 170
395 179
395 202
395 218
395 261
395 374
396 3
396 17
396 23
396 27
396 29
396 91
396 109
396 130
396 154
396 238
396 269
396 320
396 464
396 469
397 10
397 34
397 65
397 77
397 79
397 150
397 248
397 253
397 268
397 281
397 345
397 380
397 414
398 25
398 29
398 31
398 48
398 66
398 82
398 95
398 120
398 215
398 293
398 316
398 352
398 404
398 440
398 446
398 481
399 5
399 10
399 23
399 26
399 73
399 86
399 143
399 164
399 180
399 235
399 317
399 354
399 401
399 433
399 442
399 478
400 3
400 11
400 25
400 37
400 80
400 101
400 111
400 149
400 150
400 198
400 286
400 312
400 409
400 413
401 9
401 78
401 135
401 139
401 157
401 196
401 215
401 216
401 232
401 250
401 392
401 399
401 424
401 472
402 5
402 9
402 11
402 55
402 91
402 137
402 194
402 195
402 222
402 268
402 299
402 389
402 410
402 466
403 0
403 3
403 13
403 23
403 71
403 113
403 139
403 165
403 198
403 205
403 210
403 393
403 415
404 9
404 13
404 16
404 26
404 79
404 82
404 84
404 98
404 153
404 218
404 273
404 398
404 430
404 478
405 30
405 46
405 54
405 55
405 79
405 171
405 172
405 178
405 203
405 291
405 312
405 329
406 14
406 17
406 46
406 63
406 76
406 122
406 143
406 236
406 238
406 343
406 376
406 380
406 436
407 4
407 13
407 31
407 32
407 98
407 112
407 146
407 165
407 182
407 259
407 324
407 358
407 435
407 436
407 448
407 484
407 490
407 492
408 2
408 18
408 45
408 72
408 122
408 142
408 158
408 171
408 179
408 251
408 253
408 302
408 432
409 18
409 34
409 45
409 65
409 67
409 92
409 128
409 167
409 275
409 286
409 314
409 400
410 4
410 12
410 13
410 17
410 34
410 61
410 150
410 182
410 249
410 260
410 389
410 402
411 0
411 9
411 47
411 59
411 119
411 167
411 211
411 212
411 299
411 320
411 329
411 347
412 15
412 18
412 33
412 60
412 84
412 89
412 121
412 164
412 178
412 217
412 313
412 381
412 444
412 450
412 480
413 11
413 92
413 97
413 186
413 187
413 241
413 252
413 300
413 314
413 332
413 388
413 400
413 428
413 429
413 457
414 6
414 11
414 95
414 139
414 172
414 189
414 222
414 276
414 315
414 337
414 382
414 397
414 425
414 442
415 0
415 1
415 5
415 9
415 32
415 91
415 118
415 132
415 145
415 194
415 381
415 403
415 482
416 13
416 20
416 21
416 22
416 28
416 39
416 81
416 94
416 113
416 125
416 129
416 151
416 479
416 497
417 21
417 23
417 51
417 64
417 102
417 105
417 120
417 186
417 231
417 237
417 301
417 378
418 3
418 7
418 22
418 32
418 41
418 50
418 63
418 69
418 100
418 132
418 317
418 337
418 424
418 482
419 4
419 49
419 59
419 62
419 73
419 94
419 98
419 144
419 167
419 220
419 251
419 368
419 432
419 464
420 0
420 18
420 26
420 41
420 60
420 83
420 163
420 167
420 260
420 281
420 303
420 322
420 439
421 0
421 9
421 34
421 38
421 63
421 75
421 88
421 117
421 119
421 243
421 330
421 337
421 495
422 21
422 66
422 84
422 91
422 102
422 103
422 138
422 169
422 221
422 278
422 297
422 300
423 14
423 40
423 45
423 46
423 57
423 59
423 61
423 62
423 111
423 136
423 179
423 277
424 0
424 1
424 13
424 25
424 33
424 129
424 190
424 204
424 287
424 370
424 401
424 418
424 427
424 470
425 16
425 31
425 33
425 34
425 101
425 167
425 169
425 282
425 315
425 351
425 352
425 414
426 9
426 16
426 33
426 55
426 61
426 94
426 99
426 104
426 106
426 119
426 174
426 327
426 437
426 456
426 477
426 491
427 1
427 5
427 13
427 26
427 43
427 45
427 51
427 167
427 215
427 260
427 362
427 424
428 10
428 14
428 24
428 67
428 102
428 103
428 167
428 175
428 204
428 205
428 314
428 413
428 451
429 9
429 16
429 17
429 33
429 39
429 48
429 57
429 74
429 84
429 145
429 272
429 413
429 499
430 1
430 11
430 17
430 58
430 98
430 127
430 156
430 255
430 309
430 369
430 389
430 404
430 446
431 8
431 13
431 16
431 20
431 23
431 36
431 46
431 235
431 265
431 275
431 324
431 379
431 471
431 480
432 3
432 8
432 17
432 30
432 73
432 85
432 221
432 284
432 339
432 393
432 408
432 419
433 1
433 72
433 122
433 144
433 178
433 275
433 276
433 286
433 292
433 309
433 359
433 399
433 452
434 3
434 9
434 10
434 57
434 79
434 90
434 128
434 132
434 297
434 376
434 380
434 385
435 8
435 18
435 22
435 26
435 47
435 93
435 207
435 213
435 265
435 299
435 370
435 407
435 441
436 1
436 29
436 32
436 94
436 187
436 204
436 276
436 310
436 313
436 373
436 406
436 407
437 1
437 6
437 14
437 31
437 34
437 80
437 81
437 83
437 147
437 152
437 280
437 426
437 438
438 12
438 23
438 66
438 121
438 145
438 150
438 166
438 185
438 187
438 349
438 359
438 437
439 19
439 23
439 55
439 104
439 193
439 200
439 204
439 247
439 272
439 322
439 336
439 420
439 450
439 481
440 7
440 13
440 21
440 23
440 30
440 49
440 153
440 211
440 218
440 286
440 316
440 398
441 63
441 66
441 145
441 248
441 250
441 257
441 261
441 269
441 299
441 384
441 388
441 435
441 448
441 454
441 460
441 485
442 27
442 82
442 119
442 131
442 188
442 239
442 274
442 310
442 326
442 353
442 399
442 414
442 468
442 493
443 5
443 28
443 96
443 114
443 130
443 159
443 162
443 178
443 180
443 204
443 264
443 343
443 455
444 3
444 8
444 62
444 74
444 84
444 103
444 119
444 145
444 170
444 231
444 316
444 412
445 2
445 9
445 12
445 23
445 32
445 100
445 111
445 284
445 315
445 317
445 331
445 344
446 0
446 25
446 38
446 61
446 65
446 73
446 94
446 132
446 301
446 303
446 398
446 430
446 447
446 455
447 4
447 9
447 13
447 64
447 67
447 130
447 174
447 194
447 221
447 237
447 312
447 446
447 449
448 2
448 3
448 25
448 60
448 80
448 119
448 161
448 179
448 240
448 286
448 407
448 441
448 453
448 481
448 485
448 493
449 7
449 12
449 13
449 16
449 30
449 42
449 87
449 120
449 217
449 221
449 283
449 447
449 497
450 4
450 14
450 33
450 74
450 88
450 94
450 154
450 238
450 261
450 331
450 412
450 439
451 8
451 28
451 33
451 41
451 79
451 92
451 112
451 196
451 218
451 227
451 318
451 428
451 486
452 3
452 20
452 36
452 46
452 51
452 55
452 71
452 86
452 210
452 242
452 282
452 433
452 473
453 5
453 19
453 21
453 30
453 48
453 81
453 197
453 199
453 218
453 327
453 361
453 448
454 0
454 5
454 13
454 22
454 55
454 65
454 101
454 149
454 150
454 266
454 362
454 441
454 455
455 13
455 39
455 58
455 114
455 192
455 253
455 257
455 287
455 345
455 443
455 446
455 454
456 1
456 7
456 17
456 20
456 27
456 80
456 112
456 130
456 290
456 294
456 334
456 426
457 5
457 6
457 21
457 55
457 78
457 119
457 161
457 166
457 195
457 237
457 353
457 413
457 486
458 2
458 57
458 90
458 97
458 99
458 101
458 110
458 157
458 197
458 240
458 304
458 314
458 484
459 0
459 4
459 41
459 106
459 110
459 192
459 193
459 270
459 290
459 345
459 352
459 385
459 489
460 3
460 14
460 17
460 18
460 21
460 51
460 59
460 86
460 90
460 125
460 224
460 441
460 478
461 3
461 14
461 36
461 45
461 56
461 62
461 89
461 102
461 127
461 137
461 143
461 372
462 1
462 12
462 21
462 64
462 68
462 74
462 76
462 168
462 203
462 235
462 296
462 394
462 490
463 14
463 18
463 21
463 48
463 80
463 88
463 166
463 180
463 206
463 214
463 261
463 375
464 11
464 21
464 37
464 54
464 84
464 87
464 211
464 212
464 235
464 301
464 396
464 419
464 477
465 23
465 25
465 40
465 46
465 82
465 168
465 189
465 209
465 214
465 264
465 375
465 380
465 481
466 22
466 25
466 30
466 38
466 130
466 152
466 155
466 165
466 184
466 241
466 243
466 402
467 26
467 62
467 106
467 131
467 138
467 230
467 236
467 290
467 308
467 350
467 384
467 388
467 490
468 0
468 1
468 20
468 23
468 67
468 74
468 135
468 197
468 236
468 254
468 335
468 442
469 8
469 11
469 12
469 16
469 21
469 112
469 144
469 215
469 247
469 258
469 382
469 396
470 15
470 60
470 86
470 115
470 127
470 129
470 216
470 250
470 257
470 285
470 349
470 424
471 2
471 4
471 14
471 25
471 45
471 93
471 101
471 116
471 149
471 354
471 389
471 431
472 1
472 16
472 33
472 63
472 84
472 118
472 166
472 247
472 267
472 332
472 376
472 401
473 5
473 21
473 26
473 30
473 83
473 88
473 97
473 150
473 215
473 279
473 370
473 452
474 13
474 14
474 41
474 46
474 62
474 71
474 84
474 119
474 190
474 193
474 253
474 273
475 1
475 8
475 22
475 43
475 49
475 71
475 93
475 176
475 224
475 235
475 291
475 380
476 52
476 56
476 87
476 109
476 126
476 131
476 145
476 223
476 236
476 245
476 286
476 379
476 498
477 12
477 16
477 35
477 56
477 94
477 127
477 147
477 198
477 203
477 277
477 426
477 464
478 3
478 8
478 24
478 38
478 124
478 129
478 145
478 211
478 303
478 399
478 404
478 460
479 19
479 39
479 44
479 80
479 94
479 112
479 155
479 178
479 185
479 230
479 258
479 416
479 484
480 7
480 12
480 20
480 72
480 142
480 190
480 211
480 236
480 344
480 346
480 412
480 431
481 3
481 21
481 22
481 241
481 270
481 320
481 334
481 362
481 398
481 439
481 448
481 465
482 1
482 6
482 9
482 31
482 34
482 72
482 195
482 269
482 279
482 381
482 415
482 418
483 7
483 23
483 26
483 37
483 49
483 180
483 189
483 222
483 308
483 324
483 363
483 374
484 9
484 72
484 108
484 111
484 166
484 168
484 233
484 260
484 359
484 407
484 458
484 479
484 487
485 5
485 12
485 13
485 15
485 36
485 45
485 56
485 164
485 287
485 387
485 441
485 448
485 495
486 8
486 10
486 17
486 20
486 63
486 73
486 80
486 105
486 250
486 370
486 451
486 457
487 5
487 7
487 12
487 27
487 30
487 31
487 39
487 60
487 64
487 98
487 349
487 484
487 496
488 3
488 7
488 23
488 29
488 39
488 82
488 111
488 192
488 193
488 221
488 349
488 389
489 7
489 12
489 17
489 23
489 76
489 100
489 132
489 161
489 163
489 346
489 383
489 459
490 33
490 35
490 38
490 45
490 53
490 63
490 157
490 230
490 363
490 407
490 462
490 467
491 10
491 66
491 73
491 76
491 115
491 117
491 122
491 210
491 313
491 316
491 369
491 426
492 5
492 36
492 43
492 48
492 83
492 102
492 141
492 310
492 336
492 362
492 390
492 407
493 30
493 36
493 52
493 65
493 241
493 286
493 294
493 316
493 322
493 389
493 442
493 448
494 0
494 32
494 33
494 51
494 77
494 83
494 95
494 122
494 169
494 197
494 215
494 358
495 20
495 22
495 26
495 33
495 64
495 72
495 113
495 128
495 381
495 387
495 421
495 485
496 0
496 16
496 19
496 43
496 58
496 84
496 122
496 188
496 221
496 254
496 278
496 487
497 27
497 37
497 45
497 111
497 136
497 193
497 196
497 238
497 275
497 284
497 416
497 449
498 2
498 47
498 55
498 82
498 171
498 186
498 203
498 281
498 323
498 332
498 370
498 476
499 10
499 35
499 56
499 62
499 110
499 116
499 127
499 233
499 317
499 322
499 371
499 429
