0 75
1 94
2 83
3 93
4 87
5 82
6 109
7 85
8 84
9 87
10 97
11 74
12 87
13 94
14 86
15 60
16 67
17 67
18 95
19 51
20 85
21 55
22 60
23 75
24 32
25 45
26 72
27 61
28 54
29 62
30 50
31 43
32 38
33 80
34 55
35 37
36 41
37 49
38 47
39 37
40 45
41 26
42 40
43 43
44 38
45 54
46 35
47 34
48 39
49 31
50 40
51 32
52 32
53 35
54 41
55 40
56 28
57 35
58 34
59 30
60 38
61 35
62 47
63 48
64 40
65 41
66 36
67 27
68 32
69 17
70 23
71 34
72 50
73 31
74 32
75 24
76 29
77 30
78 24
79 26
80 37
81 27
82 39
83 33
84 42
85 24
86 34
87 20
88 26
89 27
90 31
91 31
92 33
93 28
94 28
95 28
96 26
97 30
98 34
99 35
100 31
101 32
102 37
103 27
104 26
105 18
106 26
107 19
108 20
109 23
110 31
111 37
112 33
113 24
114 27
115 26
116 27
117 21
118 26
119 26
120 19
121 24
122 28
123 25
124 22
125 21
126 19
127 34
128 25
129 21
130 34
131 25
132 22
133 19
134 20
135 19
136 14
137 22
138 21
139 23
140 17
141 17
142 27
143 16
144 18
145 35
146 17
147 15
148 14
149 22
150 20
151 18
152 25
153 18
154 16
155 28
156 20
157 21
158 18
159 20
160 17
161 21
162 16
163 16
164 20
165 17
166 18
167 22
168 17
169 15
170 15
171 18
172 14
173 16
174 17
175 16
176 16
177 19
178 20
179 24
180 18
181 12
182 24
183 13
184 16
185 18
186 15
187 21
188 19
189 22
190 17
191 18
192 18
193 25
194 19
195 23
196 17
197 16
198 21
199 15
200 15
201 14
202 17
203 20
204 18
205 18
206 16
207 20
208 13
209 16
210 17
211 19
212 17
213 19
214 20
215 22
216 16
217 18
218 22
219 15
220 14
221 18
222 16
223 13
224 14
225 14
226 16
227 17
228 16
229 14
230 20
231 16
232 16
233 14
234 14
235 19
236 19
237 17
238 18
239 15
240 18
241 18
242 13
243 16
244 12
245 17
246 22
247 14
248 14
249 17
250 18
251 16
252 12
253 19
254 15
255 14
256 12
257 16
258 14
259 14
260 18
261 19
262 11
263 12
264 18
265 16
266 14
267 15
268 14
269 20
270 15
271 13
272 14
273 14
274 15
275 22
276 17
277 14
278 15
279 14
280 14
281 16
282 16
283 14
284 17
285 15
286 22
287 20
288 16
289 12
290 16
291 16
292 12
293 13
294 13
295 11
296 15
297 13
298 9
299 15
300 13
301 14
302 14
303 15
304 14
305 13
306 17
307 14
308 18
309 15
310 16
311 12
312 16
313 14
314 18
315 15
316 17
317 19
318 15
319 12
320 17
321 11
322 17
323 12
324 16
325 14
326 14
327 13
328 11
329 16
330 14
331 15
332 15
333 12
334 13
335 12
336 13
337 14
338 11
339 13
340 12
341 13
342 11
343 15
344 13
345 13
346 13
347 12
348 10
349 17
350 11
351 13
352 15
353 13
354 12
355 11
356 12
357 10
358 13
359 13
360 11
361 13
362 15
363 14
364 12
365 13
366 12
367 11
368 12
369 13
370 16
371 12
372 13
373 11
374 13
375 14
376 14
377 10
378 12
379 12
380 16
381 14
382 12
383 11
384 13
385 13
386 10
387 15
388 14
389 17
390 11
391 11
392 12
393 13
394 12
395 11
396 13
397 12
398 15
399 15
400 13
401 14
402 13
403 12
404 13
405 11
406 12
407 17
408 12
409 11
410 11
411 11
412 14
413 14
414 13
415 11
416 13
417 11
418 12
419 13
420 12
421 12
422 11
423 11
424 13
425 11
426 15
427 10
428 12
429 11
430 12
431 12
432 11
433 12
434 10
435 12
436 11
437 11
438 11
439 13
440 11
441 15
442 13
443 12
444 11
445 10
446 13
447 12
448 15
449 11
450 11
451 12
452 12
453 11
454 12
455 11
456 10
457 12
458 12
459 12
460 11
461 11
462 12
463 11
464 12
465 12
466 11
467 12
468 11
469 10
470 11
471 11
472 11
473 11
474 11
475 11
476 12
477 11
478 11
479 12
480 11
481 11
482 10
483 11
484 12
485 11
486 10
487 11
488 10
489 11
490 11
491 11
492 11
493 11
494 11
495 11
496 11
497 11
498 11
499 11
