0 22
1 19
2 20
3 16
4 16
5 22
6 25
7 18
8 28
9 28
10 22
11 23
12 23
13 19
14 15
15 19
16 21
17 18
18 25
19 26
20 25
21 19
22 22
23 26
24 18
25 23
26 25
27 21
28 20
29 19
30 24
31 20
32 24
33 23
34 26
35 19
36 21
37 26
38 24
39 24
40 22
41 17
42 21
43 20
44 22
45 25
46 27
47 22
48 25
49 17
50 24
51 20
52 23
53 23
54 21
55 24
56 24
57 23
58 22
59 21
60 19
61 25
62 23
63 20
64 17
65 18
66 26
67 21
68 18
69 20
70 19
71 24
72 28
73 20
74 22
75 22
76 17
77 22
78 23
79 23
80 26
81 20
82 19
83 24
84 23
85 17
86 19
87 19
88 23
89 14
90 19
91 19
92 28
93 21
94 18
95 25
96 23
97 23
98 25
99 22
100 21
101 29
102 22
103 22
104 22
105 20
106 22
107 17
108 26
109 26
110 21
111 17
112 20
113 19
114 23
115 18
116 18
117 30
118 21
119 25
120 23
121 17
122 25
123 23
124 19
125 20
126 17
127 24
128 23
129 20
130 22
131 22
132 18
133 21
134 16
135 20
136 20
137 14
138 25
139 27
140 13
141 26
142 28
143 14
144 21
145 17
146 20
147 26
148 27
149 20
150 25
151 22
152 20
153 20
154 21
155 29
156 25
157 19
158 22
159 20
160 23
161 23
162 22
163 25
164 9
165 23
166 24
167 23
168 20
169 18
170 19
171 29
172 25
173 22
174 21
175 22
176 27
177 23
178 17
179 26
180 22
181 22
182 25
183 20
184 25
185 24
186 22
187 24
188 19
189 19
190 19
191 16
192 29
193 23
194 13
195 24
196 18
197 21
198 18
199 22
200 25
201 32
202 27
203 20
204 24
205 23
206 19
207 21
208 19
209 30
210 26
211 21
212 24
213 20
214 23
215 22
216 19
217 23
218 20
219 21
220 21
221 20
222 28
223 22
224 26
225 23
226 20
227 25
228 27
229 22
230 22
231 18
232 19
233 17
234 20
235 20
236 23
237 29
238 19
239 24
240 23
241 18
242 24
243 24
244 23
245 11
246 22
247 26
248 27
249 25
250 25
251 24
252 25
253 27
254 20
255 22
256 21
257 28
258 19
259 24
260 27
261 25
262 21
263 17
264 24
265 21
266 19
267 24
268 23
269 18
270 24
271 25
272 20
273 21
274 23
275 24
276 18
277 23
278 21
279 20
280 18
281 21
282 28
283 25
284 23
285 19
286 22
287 29
288 25
289 19
290 21
291 22
292 22
293 23
294 23
295 23
296 20
297 22
298 18
299 23
300 21
301 26
302 23
303 20
304 22
305 26
306 21
307 22
308 24
309 19
310 21
311 22
312 15
313 23
314 18
315 22
316 26
317 25
318 18
319 19
320 23
321 24
322 20
323 15
324 20
325 26
326 20
327 21
328 20
329 24
330 25
331 23
332 23
333 27
334 17
335 21
336 20
337 19
338 22
339 24
340 22
341 25
342 20
343 18
344 25
345 18
346 22
347 22
348 20
349 25
350 29
351 18
352 26
353 23
354 19
355 24
356 18
357 22
358 22
359 23
360 26
361 26
362 25
363 20
364 21
365 25
366 22
367 22
368 24
369 29
370 22
371 24
372 20
373 24
374 24
375 22
376 22
377 23
378 28
379 25
380 23
381 23
382 28
383 21
384 22
385 25
386 23
387 20
388 16
389 25
390 22
391 17
392 18
393 25
394 24
395 18
396 28
397 26
398 25
399 23
400 19
401 28
402 20
403 21
404 23
405 21
406 17
407 28
408 23
409 23
410 24
411 27
412 26
413 20
414 22
415 22
416 24
417 22
418 22
419 17
420 21
421 20
422 27
423 22
424 21
425 17
426 25
427 20
428 20
429 24
430 23
431 25
432 22
433 20
434 22
435 23
436 18
437 25
438 21
439 19
440 17
441 22
442 18
443 19
444 26
445 26
446 23
447 27
448 20
449 24
450 25
451 36
452 18
453 22
454 29
455 14
456 27
457 27
458 19
459 20
460 26
461 23
462 26
463 22
464 23
465 19
466 18
467 16
468 23
469 22
470 23
471 22
472 19
473 22
474 24
475 21
476 22
477 28
478 35
479 24
480 21
481 21
482 22
483 25
484 22
485 21
486 22
487 18
488 21
489 19
490 25
491 16
492 23
493 28
494 24
495 19
496 24
497 26
498 22
499 23
500 19
501 21
502 24
503 24
504 24
505 21
506 21
507 22
508 24
509 23
510 27
511 23
512 24
513 25
514 23
515 20
516 15
517 27
518 28
519 21
520 20
521 20
522 22
523 24
524 27
525 19
526 19
527 21
528 24
529 20
530 21
531 24
532 21
533 19
534 22
535 27
536 15
537 24
538 17
539 24
540 27
541 24
542 20
543 19
544 22
545 28
546 17
547 22
548 20
549 23
550 25
551 25
552 26
553 26
554 19
555 24
556 25
557 21
558 22
559 19
560 25
561 26
562 25
563 20
564 21
565 19
566 20
567 20
568 26
569 22
570 18
571 21
572 20
573 23
574 25
575 16
576 24
577 26
578 26
579 18
580 20
581 21
582 20
583 21
584 22
585 25
586 20
587 22
588 28
589 20
590 26
591 23
592 20
593 25
594 24
595 14
596 21
597 18
598 25
599 22
