0 25
1 23
2 27
3 34
4 30
5 28
6 29
7 23
8 28
9 31
10 22
11 30
12 27
13 28
14 34
15 33
16 30
17 28
18 37
19 27
20 31
21 28
22 32
23 26
24 33
25 24
26 33
27 34
28 29
29 30
30 33
31 34
32 31
33 35
34 33
35 31
36 32
37 28
38 20
39 25
40 28
41 38
42 28
43 29
44 30
45 27
46 30
47 27
48 35
49 26
50 34
51 36
52 31
53 27
54 29
55 28
56 31
57 25
58 30
59 30
60 28
61 29
62 28
63 27
64 36
65 30
66 33
67 34
68 37
69 32
70 27
71 36
72 32
73 20
74 31
75 33
76 35
77 34
78 35
79 28
80 31
81 26
82 29
83 38
84 27
85 26
86 27
87 28
88 29
89 34
90 28
91 33
92 28
93 34
94 31
95 28
96 31
97 20
98 33
99 32
100 31
101 26
102 33
103 44
104 34
105 29
106 30
107 28
108 29
109 27
110 31
111 31
112 35
113 35
114 36
115 34
116 26
117 28
118 33
119 31
120 27
121 29
122 22
123 26
124 30
125 27
126 43
127 30
128 30
129 29
130 29
131 25
132 37
133 28
134 33
135 28
136 27
137 34
138 24
139 31
140 27
141 30
142 30
143 27
144 26
145 28
146 28
147 34
148 29
149 28
150 29
151 26
152 33
153 36
154 29
155 32
156 24
157 30
158 35
159 26
160 33
161 24
162 30
163 34
164 36
165 30
166 35
167 20
168 31
169 31
170 25
171 33
172 35
173 28
174 29
175 32
176 35
177 24
178 33
179 31
180 25
181 34
182 31
183 28
184 24
185 32
186 27
187 41
188 28
189 30
190 31
191 24
192 26
193 37
194 31
195 32
196 30
197 24
198 36
199 33
200 35
201 27
202 32
203 33
204 35
205 27
206 35
207 30
208 26
209 35
210 23
211 29
212 29
213 34
214 34
215 27
216 32
217 27
218 25
219 33
220 31
221 31
222 30
223 28
224 26
225 33
226 27
227 33
228 27
229 25
230 34
231 29
232 28
233 33
234 24
235 34
236 30
237 24
238 25
239 33
240 33
241 21
242 25
243 38
244 28
245 37
246 28
247 25
248 27
249 34
250 27
251 34
252 25
253 22
254 36
255 27
256 27
257 32
258 27
259 27
260 26
261 30
262 25
263 30
264 23
265 29
266 31
267 30
268 26
269 35
270 30
271 29
272 31
273 28
274 39
275 31
276 33
277 34
278 34
279 37
280 28
281 40
282 30
283 26
284 30
285 32
286 27
287 27
288 26
289 23
290 24
291 36
292 31
293 26
294 36
295 23
296 22
297 32
298 31
299 36
300 31
301 29
302 31
303 32
304 29
305 29
306 23
307 38
308 26
309 27
310 27
311 31
312 26
313 36
314 31
315 26
316 36
317 33
318 31
319 35
320 35
321 29
322 30
323 29
324 32
325 30
326 34
327 33
328 34
329 31
330 28
331 29
332 37
333 29
334 31
335 28
336 33
337 26
338 29
339 27
340 25
341 28
342 30
343 25
344 35
345 32
346 32
347 34
348 34
349 34
350 28
351 35
352 38
353 24
354 29
355 25
356 30
357 28
358 27
359 23
360 33
361 27
362 26
363 32
364 27
365 29
366 26
367 31
368 33
369 26
370 27
371 33
372 35
373 31
374 26
375 26
376 28
377 28
378 34
379 30
380 31
381 23
382 29
383 31
384 26
385 28
386 31
387 30
388 33
389 29
390 25
391 37
392 28
393 26
394 23
395 23
396 25
397 29
398 24
399 19
400 35
401 34
402 27
403 37
404 29
405 28
406 33
407 33
408 24
409 33
410 25
411 32
412 24
413 31
414 36
415 29
416 30
417 25
418 35
419 28
420 33
421 39
422 32
423 31
424 24
425 32
426 29
427 32
428 35
429 28
430 29
431 35
432 29
433 25
434 31
435 35
436 31
437 36
438 28
439 33
440 32
441 28
442 25
443 28
444 31
445 25
446 32
447 24
448 29
449 30
450 32
451 27
452 30
453 35
454 29
455 34
456 28
457 28
458 34
459 35
460 26
461 33
462 25
463 36
464 28
465 31
466 32
467 26
468 28
469 30
470 33
471 26
472 32
473 23
474 27
475 26
476 25
477 30
478 23
479 27
480 30
481 33
482 28
483 24
484 24
485 33
486 31
487 38
488 27
489 25
490 28
491 28
492 23
493 23
494 31
495 31
496 32
497 21
498 24
499 30
500 36
501 30
502 32
503 28
504 28
505 24
506 32
507 31
508 22
509 24
510 29
511 33
512 33
513 34
514 31
515 28
516 33
517 27
518 24
519 32
520 33
521 29
522 34
523 36
524 26
525 29
526 25
527 30
528 31
529 31
530 25
531 33
532 36
533 27
534 30
535 32
536 28
537 34
538 34
539 31
540 34
541 35
542 23
543 27
544 31
545 29
546 30
547 28
548 29
549 29
550 32
551 38
552 32
553 32
554 30
555 25
556 30
557 33
558 31
559 32
560 29
561 34
562 30
563 24
564 32
565 29
566 32
567 28
568 24
569 31
570 33
571 30
572 29
573 23
574 29
575 29
576 32
577 33
578 33
579 29
580 29
581 31
582 32
583 25
584 34
585 32
586 29
587 20
588 27
589 26
590 29
591 32
592 24
593 30
594 30
595 24
596 33
597 33
598 38
599 32
600 30
601 34
602 27
603 31
604 30
605 29
606 33
607 34
608 30
609 23
610 32
611 36
612 27
613 27
614 24
615 37
616 30
617 26
618 31
619 23
620 34
621 37
622 31
623 32
624 28
625 35
626 26
627 32
628 25
629 30
630 33
631 30
632 32
633 23
634 34
635 36
636 29
637 29
638 23
639 36
640 36
641 22
642 32
643 29
644 29
645 26
646 25
647 27
648 22
649 25
650 39
651 26
652 30
653 32
654 31
655 26
656 30
657 29
658 35
659 28
660 25
661 26
662 28
663 30
664 29
665 25
666 30
667 19
668 30
669 29
670 26
671 36
672 35
673 31
674 31
675 31
676 30
677 26
678 30
679 22
680 28
681 32
682 31
683 30
684 35
685 31
686 28
687 24
688 27
689 33
690 31
691 26
692 30
693 27
694 33
695 33
696 27
697 36
698 28
699 29
700 32
701 30
702 28
703 25
704 27
705 23
706 25
707 35
708 30
709 38
710 25
711 31
712 29
713 28
714 24
715 34
716 35
717 27
718 28
719 31
720 37
721 30
722 27
723 32
724 32
725 34
726 23
727 31
728 28
729 24
730 25
731 29
732 25
733 35
734 32
735 26
736 28
737 29
738 29
739 34
740 22
741 22
742 26
743 26
744 26
745 32
746 29
747 27
748 28
749 32
750 25
751 30
752 26
753 30
754 26
755 35
756 30
757 36
758 35
759 23
760 29
761 28
762 36
763 25
764 28
765 29
766 30
767 28
768 30
769 32
770 35
771 33
772 35
773 34
774 38
775 28
776 32
777 28
778 32
779 28
780 29
781 32
782 29
783 31
784 31
785 33
786 32
787 30
788 37
789 35
790 23
791 33
792 33
793 29
794 39
795 34
796 27
797 29
798 32
799 26
800 36
801 31
802 24
803 28
804 33
805 34
806 31
807 33
808 28
809 34
810 30
811 29
812 34
813 36
814 26
815 28
816 29
817 34
818 28
819 29
820 27
821 33
822 36
823 28
824 23
825 28
826 27
827 32
828 28
829 33
830 23
831 27
832 27
833 29
834 31
835 32
836 35
837 29
838 34
839 38
840 34
841 27
842 27
843 34
844 34
845 31
846 29
847 34
848 26
849 29
850 27
851 25
852 29
853 31
854 29
855 27
856 28
857 31
858 35
859 23
860 25
861 31
862 36
863 32
864 26
865 26
866 28
867 25
868 32
869 26
870 37
871 34
872 22
873 25
874 26
875 32
876 29
877 33
878 32
879 30
880 30
881 28
882 32
883 31
884 32
885 24
886 27
887 35
888 32
889 32
890 27
891 26
892 24
893 27
894 32
895 35
896 25
897 35
898 33
899 26
