0 92
0 148
0 151
0 185
0 189
0 263
0 477
1 15
1 23
1 38
1 100
1 225
1 273
1 316
2 48
2 64
2 176
2 231
2 295
2 328
2 417
2 423
3 61
3 129
3 150
3 184
3 188
3 329
3 335
3 358
3 426
4 52
4 91
4 155
4 173
4 264
4 313
4 349
4 495
5 16
5 129
5 161
5 197
5 217
5 269
5 306
5 368
5 397
5 448
6 14
6 19
6 20
6 100
6 139
6 269
6 307
6 336
6 354
6 389
6 437
6 451
6 474
6 489
7 14
7 24
7 136
7 231
7 362
7 380
7 394
7 465
8 37
8 79
8 118
8 209
8 215
8 235
8 291
8 395
8 399
8 404
8 452
8 494
9 115
9 359
9 423
9 465
9 486
10 34
10 111
10 300
10 329
10 372
10 488
11 99
11 182
11 190
11 244
11 315
11 386
11 428
11 441
11 460
11 487
12 112
12 114
12 299
12 300
12 355
12 381
12 491
13 85
13 186
13 221
13 255
13 275
13 289
13 325
13 406
13 421
13 428
13 461
14 6
14 7
14 88
14 102
14 172
14 227
14 242
14 302
14 381
15 1
15 60
15 126
15 140
15 154
15 236
15 333
15 382
15 402
15 417
15 456
16 5
16 40
16 80
16 299
16 335
16 381
16 426
17 21
17 34
17 68
17 80
17 343
17 418
17 482
18 111
18 348
18 370
18 444
18 452
18 494
19 6
19 85
19 175
19 194
19 214
19 273
19 274
19 280
19 331
19 341
19 381
19 417
19 440
19 443
20 6
20 146
20 163
20 295
20 299
20 322
20 328
20 442
21 17
21 46
21 101
21 116
21 156
21 220
21 263
21 300
21 302
21 336
21 387
21 429
21 433
21 460
22 40
22 65
22 80
22 101
22 201
22 206
22 214
22 222
22 223
22 232
22 242
22 298
22 390
22 405
22 440
22 454
22 477
23 1
23 46
23 119
23 172
23 178
23 181
23 182
23 203
23 257
23 335
23 382
23 383
23 415
23 479
24 7
24 54
24 186
24 240
24 399
24 467
24 472
25 68
25 101
25 136
25 165
25 167
25 271
25 293
25 307
25 324
25 399
25 476
26 76
26 129
26 176
26 224
26 235
26 237
26 275
26 380
26 434
26 474
27 102
27 132
27 162
27 182
27 280
28 40
28 106
29 30
29 31
29 35
29 44
29 131
29 176
29 232
29 251
29 364
29 424
29 429
29 450
29 497
30 29
30 136
30 163
30 213
30 320
30 345
30 364
30 443
31 29
31 128
31 237
31 254
31 306
31 469
31 472
32 61
32 101
32 123
32 179
32 189
32 252
32 265
32 278
32 310
32 341
32 342
32 381
32 388
33 101
33 129
33 146
33 220
33 225
33 301
33 327
33 341
33 363
34 10
34 17
34 197
34 222
34 252
34 263
34 373
34 457
35 29
35 124
35 160
35 162
35 187
35 195
35 219
35 241
35 308
35 354
35 362
35 397
35 438
35 443
35 469
35 473
36 44
36 53
36 73
36 97
36 99
36 134
36 213
36 239
36 249
36 267
36 294
36 295
36 303
36 328
36 330
36 345
36 406
36 432
37 8
37 51
37 53
37 65
37 172
37 300
37 334
37 391
37 397
37 458
38 1
38 140
38 208
38 299
38 315
38 321
38 325
38 490
39 170
39 174
39 183
39 191
39 338
39 396
39 453
40 16
40 22
40 28
40 50
40 70
40 109
40 143
40 246
40 476
41 88
41 244
41 281
41 339
41 340
41 427
41 450
42 105
42 137
42 158
42 163
42 220
42 255
42 264
42 292
42 334
42 347
42 348
42 352
42 360
42 386
42 435
42 454
42 459
43 49
43 291
43 349
43 433
43 466
44 29
44 36
44 385
45 48
45 214
45 229
45 255
45 276
45 410
45 499
46 21
46 23
46 87
46 152
46 170
46 257
46 281
46 340
46 487
47 131
47 146
47 156
47 301
47 423
48 2
48 45
48 51
48 68
48 71
48 101
48 146
48 173
48 232
48 246
48 248
48 252
48 292
48 354
49 43
49 55
49 206
49 226
49 268
49 271
49 308
49 337
49 391
49 399
49 422
50 40
50 112
50 191
50 195
50 224
50 243
50 370
50 404
50 438
51 37
51 48
51 100
51 132
51 227
51 433
52 4
52 99
52 216
52 244
52 355
52 382
52 410
52 436
52 441
53 36
53 37
53 58
53 65
53 87
53 228
53 265
53 270
53 300
53 332
53 348
53 355
53 418
53 460
53 468
54 24
54 75
54 81
54 206
54 220
54 246
54 256
54 269
54 282
54 360
54 466
55 49
55 77
55 207
55 237
55 319
55 323
55 419
55 458
56 64
56 103
56 243
56 297
56 304
56 322
56 358
56 472
57 134
57 155
57 158
57 258
57 329
57 348
57 352
57 370
57 390
57 437
57 491
58 53
58 127
58 144
58 162
58 172
58 175
58 258
58 335
58 393
58 485
59 84
59 96
59 159
59 176
59 178
59 193
59 210
59 257
59 265
59 312
59 324
59 351
59 373
59 453
59 482
59 489
60 15
60 194
60 212
60 249
60 300
60 324
60 359
60 394
60 401
60 429
60 437
60 482
61 3
61 32
61 272
61 296
61 327
61 463
62 73
62 140
62 176
62 212
62 327
62 414
62 443
63 124
63 141
63 214
63 293
63 307
63 355
63 374
63 411
64 2
64 56
64 83
64 85
64 102
64 337
64 380
64 396
64 411
64 449
64 456
64 486
65 22
65 37
65 53
65 111
65 172
65 220
65 229
65 267
65 305
65 379
65 397
66 163
66 221
66 255
66 333
66 336
66 405
66 479
66 487
66 499
67 78
67 85
67 138
67 142
67 171
67 222
67 254
67 308
67 322
67 323
67 326
67 377
67 397
67 465
67 481
67 490
68 17
68 25
68 48
68 140
68 149
68 159
68 241
68 254
68 274
68 320
68 371
68 445
68 446
69 88
69 113
69 199
69 233
69 248
69 268
69 286
69 305
69 426
70 40
70 399
70 468
71 48
71 72
71 181
71 208
71 214
71 221
71 333
71 339
71 487
72 71
72 78
72 121
72 130
72 144
72 386
72 412
72 431
72 468
73 36
73 62
73 76
73 180
73 453
74 132
74 171
74 238
74 247
74 252
74 273
74 353
74 404
74 441
75 54
75 161
75 219
75 243
75 284
75 310
75 353
75 384
75 411
75 425
75 470
75 498
76 26
76 73
76 83
76 181
76 185
76 256
76 290
76 329
76 392
76 415
76 496
77 55
77 81
77 91
77 176
77 207
77 224
77 257
77 295
77 447
77 473
78 67
78 72
78 93
78 157
78 191
78 196
78 200
78 254
78 258
78 264
78 308
78 328
78 333
78 337
78 350
78 362
78 372
78 470
79 8
79 106
79 158
79 179
79 189
79 255
79 398
79 413
79 422
79 451
80 16
80 17
80 22
80 97
80 119
80 153
80 162
80 206
80 265
80 267
80 302
80 369
80 447
80 489
81 54
81 77
81 132
81 150
81 155
81 224
81 252
81 266
81 327
81 330
81 357
81 389
81 410
81 422
81 431
82 104
82 113
82 230
82 236
82 391
82 418
83 64
83 76
83 129
83 211
83 215
83 245
83 251
83 260
83 295
83 309
83 344
83 345
83 366
83 427
83 432
84 59
84 184
84 211
84 395
84 496
85 13
85 19
85 64
85 67
85 102
85 141
85 239
85 285
85 331
85 370
85 441
85 455
85 463
85 469
86 181
86 200
86 279
86 355
87 46
87 53
87 96
87 114
87 169
87 175
87 195
87 197
87 216
87 245
87 289
87 307
87 313
87 319
87 417
87 432
88 14
88 41
88 69
88 93
88 113
88 135
88 215
88 428
88 448
88 457
89 162
90 95
90 100
90 136
90 139
90 171
90 214
90 347
90 373
90 410
90 414
90 440
90 473
90 486
91 4
91 77
91 245
91 249
91 334
91 394
91 440
92 0
92 253
92 297
92 372
92 418
92 458
92 473
93 78
93 88
93 174
93 217
93 257
93 307
93 332
93 345
93 468
94 156
94 160
94 199
94 260
94 319
94 325
94 333
94 354
94 357
94 366
94 383
94 431
94 436
94 443
95 90
95 100
95 105
95 234
95 241
96 59
96 87
96 242
96 271
96 312
96 403
96 432
96 453
96 458
96 479
96 492
97 36
97 80
97 143
97 373
97 388
98 103
98 218
98 270
98 420
99 11
99 36
99 52
99 147
99 225
99 252
99 262
99 292
99 395
99 476
99 495
99 497
100 1
100 6
100 51
100 90
100 95
100 109
100 111
100 156
100 193
100 223
100 274
100 365
100 438
100 466
100 499
101 21
101 22
101 25
101 32
101 33
101 48
101 188
101 230
101 250
101 301
101 392
101 441
101 445
101 457
101 463
102 14
102 27
102 64
102 85
102 179
102 189
102 305
102 419
102 441
102 490
103 56
103 98
103 179
103 210
103 309
103 322
103 332
103 362
103 399
103 432
103 441
103 452
103 456
104 82
104 216
104 232
104 268
104 321
104 403
104 423
104 483
105 42
105 95
105 191
105 249
105 260
105 304
105 316
105 347
106 28
106 79
106 119
106 122
106 259
106 294
106 332
106 384
106 400
106 424
106 461
106 479
106 485
106 493
107 108
107 114
107 163
107 222
107 230
107 247
107 254
107 258
107 350
107 401
107 412
107 462
107 465
108 107
108 113
108 166
108 232
108 440
108 479
108 489
109 40
109 100
109 116
109 136
109 184
109 336
109 373
109 435
110 311
110 363
110 402
110 431
110 451
110 454
110 475
110 487
111 10
111 18
111 65
111 100
111 144
111 257
111 311
111 412
111 430
111 471
111 493
112 12
112 50
112 194
112 221
112 259
112 411
112 421
112 498
113 69
113 82
113 88
113 108
113 126
113 139
113 183
113 200
113 204
113 240
113 388
113 433
114 12
114 87
114 107
114 134
114 145
114 161
114 189
114 194
114 244
114 336
114 349
114 453
115 9
115 154
115 314
115 318
115 455
115 484
116 21
116 109
116 310
116 323
116 392
116 469
117 128
117 183
117 189
117 225
117 313
117 375
117 412
118 8
118 150
118 229
118 252
118 298
118 399
118 420
119 23
119 80
119 106
119 187
119 189
119 241
119 263
119 264
119 284
119 293
119 306
119 406
119 424
119 439
119 476
120 155
120 195
120 208
120 210
120 214
120 244
120 258
120 275
120 315
120 366
120 391
120 475
121 72
121 131
121 165
121 205
121 277
121 338
121 358
121 365
121 410
121 467
122 106
122 192
122 193
122 234
122 235
122 279
122 344
122 378
123 32
123 269
124 35
124 63
124 173
124 185
124 204
124 231
124 242
124 308
124 326
124 423
124 473
124 499
125 179
125 267
125 338
125 355
126 15
126 113
126 260
126 430
126 478
127 58
127 162
127 293
127 337
127 387
127 396
127 482
128 31
128 117
128 175
128 356
128 374
129 3
129 5
129 26
129 33
129 83
129 158
129 165
129 263
129 275
129 356
129 426
129 485
130 72
130 158
130 161
130 286
130 372
130 434
130 475
131 29
131 47
131 121
131 159
131 186
131 209
131 345
131 418
131 440
131 492
132 27
132 51
132 74
132 81
132 161
132 174
132 200
132 203
132 238
132 244
132 270
132 386
132 442
132 471
133 139
133 158
133 186
133 198
133 236
133 309
133 456
133 462
134 36
134 57
134 114
134 217
134 253
134 323
134 350
134 352
134 391
134 449
134 451
134 462
134 464
134 489
135 88
135 161
135 181
135 246
135 413
135 482
136 7
136 25
136 30
136 90
136 109
136 198
136 228
136 251
136 294
136 328
136 355
136 385
136 386
137 42
137 245
137 296
137 311
137 352
137 381
137 464
138 67
138 224
138 261
138 306
138 316
138 363
138 414
138 421
138 488
138 489
139 6
139 90
139 113
139 133
139 165
139 179
139 191
139 260
139 357
139 365
139 435
139 467
139 491
140 15
140 38
140 62
140 68
140 220
140 331
140 357
140 453
141 63
141 85
141 143
141 147
141 197
141 242
141 271
141 283
141 313
142 67
142 193
142 270
142 341
142 430
142 463
143 40
143 97
143 141
143 155
143 192
143 213
143 351
143 359
143 473
144 58
144 72
144 111
144 167
144 185
144 199
144 225
144 226
144 340
144 434
144 440
144 467
145 114
145 217
145 237
145 280
145 377
145 379
145 397
145 398
145 418
145 420
145 437
145 460
146 20
146 33
146 47
146 48
146 180
146 202
146 234
146 241
146 302
146 340
146 362
147 99
147 141
147 173
147 195
147 211
147 217
147 220
147 295
147 317
147 332
147 352
147 362
147 412
147 462
147 466
148 0
148 199
148 228
148 307
148 337
148 360
148 369
148 375
148 450
149 68
149 156
149 185
149 231
149 251
149 266
149 411
149 476
150 3
150 81
150 118
150 160
150 161
150 164
150 260
150 316
150 325
150 334
150 379
150 412
150 474
151 0
151 202
151 209
151 233
151 263
151 361
151 365
151 448
151 477
152 46
152 258
152 279
152 343
152 391
153 80
153 229
153 231
153 245
153 415
154 15
154 115
154 243
154 257
154 270
154 275
154 289
154 319
154 370
154 402
154 413
154 443
154 456
154 493
155 4
155 57
155 81
155 120
155 143
155 424
155 468
156 21
156 47
156 94
156 100
156 149
156 167
156 284
157 78
157 237
157 340
157 349
157 354
157 412
157 443
158 42
158 57
158 79
158 129
158 130
158 133
158 160
158 175
158 196
159 59
159 68
159 131
159 230
159 359
159 491
160 35
160 94
160 150
160 158
160 248
160 312
160 315
160 361
160 362
160 452
161 5
161 75
161 114
161 130
161 132
161 135
161 150
161 201
161 208
161 271
161 310
161 326
161 330
161 353
161 491
161 496
162 27
162 35
162 58
162 80
162 89
162 127
162 190
162 218
162 235
162 249
162 263
162 299
162 319
162 358
162 372
163 20
163 30
163 42
163 66
163 107
163 259
163 282
163 356
163 440
163 451
163 475
164 150
164 361
164 378
165 25
165 121
165 129
165 139
165 180
165 182
165 210
165 217
165 290
165 295
165 340
165 362
165 389
165 408
165 423
165 439
165 480
165 482
166 108
166 270
166 318
166 365
166 379
166 391
166 489
167 25
167 144
167 156
167 385
167 449
167 457
167 474
168 204
168 207
168 318
168 333
168 354
168 367
168 477
169 87
169 173
169 220
169 247
169 249
169 311
169 321
169 357
169 375
169 398
169 410
169 462
170 39
170 46
170 202
170 295
170 303
170 305
170 353
170 470
171 67
171 74
171 90
171 210
171 248
171 284
171 332
172 14
172 23
172 37
172 58
172 65
172 244
172 317
172 398
172 416
172 453
173 4
173 48
173 124
173 147
173 169
173 230
173 234
173 298
173 339
173 344
173 349
173 385
174 39
174 93
174 132
174 201
174 222
174 257
174 305
174 329
175 19
175 58
175 87
175 128
175 158
175 280
175 298
175 314
175 324
175 331
175 366
176 2
176 26
176 29
176 59
176 62
176 77
176 259
176 307
176 319
176 405
176 413
176 418
176 496
177 182
177 294
177 302
177 383
177 418
177 427
177 486
178 23
178 59
178 436
178 486
179 32
179 79
179 102
179 103
179 125
179 139
179 246
179 326
179 473
179 480
180 73
180 146
180 165
180 313
180 370
180 397
180 465
181 23
181 71
181 76
181 86
181 135
181 213
181 250
181 260
181 276
181 411
182 11
182 23
182 27
182 165
182 177
182 184
182 215
182 255
182 351
182 387
182 405
182 421
183 39
183 113
183 117
183 276
183 293
183 303
183 307
183 316
183 329
183 341
183 343
183 390
184 3
184 84
184 109
184 182
184 221
184 264
184 268
184 297
184 306
184 349
185 0
185 76
185 124
185 144
185 149
185 197
185 294
185 307
185 312
185 377
185 391
185 413
186 13
186 24
186 131
186 133
186 206
186 215
186 384
186 494
186 499
187 35
187 119
187 206
187 237
187 248
187 281
187 285
187 286
187 310
187 355
187 372
187 402
188 3
188 101
188 231
188 294
188 360
188 373
188 375
188 380
188 398
188 404
188 410
188 487
189 0
189 32
189 79
189 102
189 114
189 117
189 119
189 318
189 358
189 359
189 367
189 404
189 464
189 498
190 11
190 162
190 218
190 267
190 287
190 307
190 312
190 378
190 412
190 482
191 39
191 50
191 78
191 105
191 139
191 215
191 307
191 372
191 414
191 451
192 122
192 143
192 229
192 234
192 242
192 372
192 428
193 59
193 100
193 122
193 142
193 221
193 264
193 265
193 287
193 293
193 344
193 355
193 430
193 449
193 462
193 475
193 480
193 481
194 19
194 60
194 112
194 114
194 217
194 222
194 280
194 379
194 407
194 416
194 431
195 35
195 50
195 87
195 120
195 147
195 258
195 365
195 421
195 429
195 430
195 488
195 496
196 78
196 158
196 325
196 375
196 378
196 399
196 400
196 454
197 5
197 34
197 87
197 141
197 185
197 272
197 333
197 335
197 435
197 442
197 490
198 133
198 136
198 231
198 307
198 323
199 69
199 94
199 144
199 148
199 202
199 217
199 249
199 341
199 414
199 457
200 78
200 86
200 113
200 132
200 208
200 219
200 261
200 376
200 378
200 415
200 445
200 489
200 496
201 22
201 161
201 174
201 223
201 240
201 288
201 323
201 345
201 351
201 390
201 392
201 412
201 468
201 476
202 146
202 151
202 170
202 199
202 280
202 293
202 341
202 405
202 466
202 488
202 492
203 23
203 132
203 213
203 237
203 242
203 275
203 276
203 292
203 319
203 327
203 388
203 443
203 469
203 481
204 113
204 124
204 168
204 221
204 234
204 392
204 439
205 121
205 224
205 306
205 362
205 392
205 429
205 438
206 22
206 49
206 54
206 80
206 186
206 187
206 270
206 280
206 319
206 334
206 337
206 358
206 388
206 393
206 494
207 55
207 77
207 168
207 236
207 325
207 370
207 425
207 453
207 466
208 38
208 71
208 120
208 161
208 200
208 219
208 358
208 390
208 429
209 8
209 131
209 151
209 211
209 246
209 256
209 313
209 375
209 448
209 467
210 59
210 103
210 120
210 165
210 171
210 296
210 320
210 334
210 345
210 373
210 423
210 455
210 469
211 83
211 84
211 147
211 209
211 267
211 346
211 463
212 60
212 62
212 248
212 304
212 332
212 346
212 381
212 393
212 406
213 30
213 36
213 143
213 181
213 203
213 230
213 281
213 333
213 400
214 19
214 22
214 45
214 63
214 71
214 90
214 120
214 247
214 274
214 343
214 378
214 456
215 8
215 83
215 88
215 182
215 186
215 191
215 218
215 304
215 322
215 330
215 353
215 391
215 448
215 465
215 483
216 52
216 87
216 104
216 220
216 238
216 243
216 358
216 367
216 386
216 402
216 466
216 484
217 5
217 93
217 134
217 145
217 147
217 165
217 194
217 199
217 225
217 254
217 296
217 414
217 432
217 477
218 98
218 162
218 190
218 215
218 265
218 284
218 293
218 302
218 405
218 484
219 35
219 75
219 200
219 208
219 224
219 240
219 389
219 411
219 432
220 21
220 33
220 42
220 54
220 65
220 140
220 147
220 169
220 216
220 264
220 391
220 415
220 484
221 13
221 66
221 71
221 112
221 184
221 193
221 204
221 297
221 299
221 351
221 368
221 418
221 419
221 466
222 22
222 34
222 67
222 107
222 174
222 194
222 341
222 384
222 429
222 437
223 22
223 100
223 201
223 327
223 338
223 396
223 443
224 26
224 50
224 77
224 81
224 138
224 205
224 219
224 232
224 305
224 418
224 449
224 482
225 1
225 33
225 99
225 117
225 144
225 217
225 239
225 301
225 328
225 400
226 49
226 144
226 287
226 305
226 314
226 322
226 326
226 345
226 408
226 428
226 444
226 472
226 485
226 492
227 14
227 51
227 230
227 241
227 260
227 307
227 325
227 445
228 53
228 136
228 148
228 249
228 389
229 45
229 65
229 118
229 153
229 192
229 324
229 333
229 367
229 378
229 384
229 444
229 474
230 82
230 101
230 107
230 159
230 173
230 213
230 227
230 294
230 373
230 432
230 440
230 441
230 466
231 2
231 7
231 124
231 149
231 153
231 188
231 198
231 274
231 339
231 373
231 381
232 22
232 29
232 48
232 104
232 108
232 224
232 353
232 387
233 69
233 151
233 289
233 296
233 307
233 325
233 371
233 386
233 424
233 425
233 440
233 452
233 469
233 483
234 95
234 122
234 146
234 173
234 192
234 204
234 266
234 332
234 360
234 398
234 475
234 493
235 8
235 26
235 122
235 162
235 266
235 439
236 15
236 82
236 133
236 207
236 255
236 316
236 334
236 343
236 383
236 417
236 429
236 475
237 26
237 31
237 55
237 145
237 157
237 187
237 203
237 339
237 396
237 416
238 74
238 132
238 216
238 277
238 304
238 411
238 446
238 476
239 36
239 85
239 225
239 252
239 275
239 341
239 378
239 430
240 24
240 113
240 201
240 219
240 243
240 284
240 362
240 365
240 433
241 35
241 68
241 95
241 119
241 146
241 227
241 367
241 368
241 464
241 498
242 14
242 22
242 96
242 124
242 141
242 192
242 203
242 256
242 350
242 420
242 454
242 456
243 50
243 56
243 75
243 154
243 216
243 240
243 267
243 277
243 315
243 471
243 498
244 11
244 41
244 52
244 114
244 120
244 132
244 172
244 248
244 331
244 379
244 400
244 403
244 412
244 457
244 470
244 480
245 83
245 87
245 91
245 137
245 153
245 250
245 281
245 315
245 325
245 410
245 412
245 424
245 455
245 473
245 482
246 40
246 48
246 54
246 135
246 179
246 209
246 250
246 287
246 343
246 346
246 366
246 374
246 377
246 391
246 435
246 485
247 74
247 107
247 169
247 214
247 262
247 285
247 288
247 293
247 298
247 331
247 356
247 377
247 382
248 48
248 69
248 160
248 171
248 187
248 212
248 244
248 268
248 335
248 386
248 407
248 441
248 456
248 459
248 488
249 36
249 60
249 91
249 105
249 162
249 169
249 199
249 228
249 276
249 327
249 376
249 393
249 394
249 395
249 400
249 442
249 488
250 101
250 181
250 245
250 246
250 318
250 356
250 387
250 408
250 429
251 29
251 83
251 136
251 149
251 322
251 351
251 429
252 32
252 34
252 48
252 74
252 81
252 99
252 118
252 239
252 320
253 92
253 134
253 422
253 459
254 31
254 67
254 68
254 78
254 107
254 217
254 322
254 360
254 362
254 400
254 421
254 457
254 465
254 473
254 486
254 496
255 13
255 42
255 45
255 66
255 79
255 182
255 236
255 309
255 311
255 384
255 481
256 54
256 76
256 209
256 242
256 266
256 268
256 406
256 425
257 23
257 46
257 59
257 77
257 93
257 111
257 154
257 174
257 275
257 319
257 321
257 455
258 57
258 58
258 78
258 107
258 120
258 152
258 195
258 476
258 497
259 106
259 112
259 163
259 176
259 299
259 316
259 407
259 408
259 414
259 445
259 455
259 497
260 83
260 94
260 105
260 126
260 139
260 150
260 181
260 227
260 289
260 300
260 382
260 439
261 138
261 200
261 328
261 387
262 99
262 247
262 290
262 341
262 388
263 0
263 21
263 34
263 119
263 129
263 151
263 162
263 341
263 365
263 371
263 493
264 4
264 42
264 78
264 119
264 184
264 193
264 220
264 335
264 339
264 387
264 406
264 414
264 425
264 454
265 32
265 53
265 59
265 80
265 193
265 218
265 377
265 410
265 423
265 429
265 460
265 477
266 81
266 149
266 234
266 235
266 256
266 332
266 379
266 389
266 475
266 485
267 36
267 65
267 80
267 125
267 190
267 211
267 243
267 270
267 329
267 354
267 370
267 377
267 460
268 49
268 69
268 104
268 184
268 248
268 256
269 5
269 6
269 54
269 123
269 297
269 329
269 364
269 377
269 457
269 464
270 53
270 98
270 132
270 142
270 154
270 166
270 206
270 267
270 275
270 375
270 448
270 454
271 25
271 49
271 96
271 141
271 161
271 330
272 61
272 197
272 284
272 296
272 314
272 321
272 325
273 1
273 19
273 74
273 284
273 318
273 378
273 461
273 462
274 19
274 68
274 100
274 214
274 231
274 298
274 452
275 13
275 26
275 120
275 129
275 154
275 203
275 239
275 257
275 270
275 296
275 342
275 426
275 451
276 45
276 181
276 183
276 203
276 249
276 300
276 356
276 360
276 412
276 419
276 445
277 121
277 238
277 243
277 447
277 473
278 32
278 314
278 497
279 86
279 122
279 152
279 405
279 426
280 19
280 27
280 145
280 175
280 194
280 202
280 206
280 310
280 404
280 457
280 476
281 41
281 46
281 187
281 213
281 245
281 294
281 328
281 377
281 395
281 484
281 487
282 54
282 163
282 324
282 353
282 401
282 424
283 141
283 291
283 302
283 432
284 75
284 119
284 156
284 171
284 218
284 240
284 272
284 273
284 312
284 377
284 411
284 443
285 85
285 187
285 247
285 305
285 318
285 387
285 407
285 419
285 435
286 69
286 130
286 187
286 292
286 330
286 388
286 426
287 190
287 193
287 226
287 246
287 318
287 361
287 433
288 201
288 247
288 289
288 332
288 347
288 388
288 392
288 429
288 493
289 13
289 87
289 154
289 233
289 260
289 288
289 335
289 366
289 401
289 481
290 76
290 165
290 262
290 330
290 341
290 351
290 386
290 435
290 444
291 8
291 43
291 283
291 292
291 367
291 374
291 432
292 42
292 48
292 99
292 203
292 286
292 291
292 334
293 25
293 63
293 119
293 127
293 183
293 193
293 202
293 218
293 247
293 315
293 445
293 474
294 36
294 106
294 136
294 177
294 185
294 188
294 230
294 281
294 336
294 366
294 393
295 2
295 20
295 36
295 77
295 83
295 147
295 165
295 170
295 346
295 398
295 464
296 61
296 137
296 210
296 217
296 233
296 272
296 275
296 298
296 335
296 428
297 56
297 92
297 184
297 221
297 269
297 385
297 392
297 395
297 399
297 444
298 22
298 118
298 173
298 175
298 247
298 274
298 296
298 300
298 357
298 400
298 438
298 460
298 472
298 482
299 12
299 16
299 20
299 38
299 162
299 221
299 259
299 307
299 409
299 420
299 433
299 439
300 10
300 12
300 21
300 37
300 53
300 60
300 260
300 276
300 298
300 305
300 388
300 445
301 33
301 47
301 101
301 225
301 307
301 314
301 329
301 369
301 370
301 385
301 428
301 453
301 480
302 14
302 21
302 80
302 146
302 177
302 218
302 283
302 318
302 430
302 452
303 36
303 170
303 183
303 400
303 407
303 429
303 430
303 465
304 56
304 105
304 212
304 215
304 238
304 350
304 371
304 372
304 379
304 409
305 65
305 69
305 102
305 170
305 174
305 224
305 226
305 285
305 300
305 381
305 389
305 405
305 458
305 489
305 494
306 5
306 31
306 119
306 138
306 184
306 205
306 371
306 462
307 6
307 25
307 63
307 87
307 93
307 148
307 176
307 183
307 185
307 190
307 191
307 198
307 227
307 233
307 299
307 301
307 335
307 418
307 457
307 477
308 35
308 49
308 67
308 78
308 124
308 325
309 83
309 103
309 133
309 255
309 330
309 377
309 383
309 414
310 32
310 75
310 116
310 161
310 187
310 280
310 323
310 412
310 418
310 463
310 487
311 110
311 111
311 137
311 169
311 255
311 329
311 411
311 440
311 458
311 461
312 59
312 96
312 160
312 185
312 190
312 284
312 348
312 349
312 415
312 429
312 482
312 498
313 4
313 87
313 117
313 141
313 180
313 209
313 386
313 440
314 115
314 175
314 226
314 272
314 278
314 301
314 382
315 11
315 38
315 120
315 160
315 243
315 245
315 293
316 1
316 105
316 138
316 150
316 183
316 236
316 259
316 323
316 328
316 401
316 451
317 147
317 172
317 405
318 115
318 166
318 168
318 189
318 250
318 273
318 285
318 287
318 302
318 375
318 452
318 455
318 460
319 55
319 87
319 94
319 154
319 162
319 176
319 203
319 206
319 257
319 364
319 443
319 453
320 30
320 68
320 210
320 252
320 326
320 342
320 350
320 485
321 38
321 104
321 169
321 257
321 272
321 385
321 415
321 424
321 449
321 482
322 20
322 56
322 67
322 103
322 215
322 226
322 251
322 254
322 330
322 357
322 360
322 368
322 369
322 498
323 55
323 67
323 116
323 134
323 198
323 201
323 310
323 316
323 332
324 25
324 59
324 60
324 175
324 229
324 282
324 338
324 358
324 379
324 465
324 492
325 13
325 38
325 94
325 150
325 196
325 207
325 227
325 233
325 245
325 272
325 308
325 443
325 491
326 67
326 124
326 161
326 179
326 226
326 320
326 333
326 358
326 372
327 33
327 61
327 62
327 81
327 203
327 223
327 249
327 359
327 364
327 484
327 487
327 490
328 2
328 20
328 36
328 78
328 136
328 225
328 261
328 281
328 316
328 368
328 426
328 441
328 497
329 3
329 10
329 57
329 76
329 174
329 183
329 267
329 269
329 301
329 311
329 344
329 420
329 475
330 36
330 81
330 161
330 215
330 271
330 286
330 290
330 309
330 322
330 405
330 453
330 476
330 484
330 485
330 497
330 498
331 19
331 85
331 140
331 175
331 244
331 247
331 366
331 397
331 420
331 492
331 498
332 53
332 93
332 103
332 106
332 147
332 171
332 212
332 234
332 266
332 288
332 323
332 335
332 366
332 396
332 413
332 453
332 462
333 15
333 66
333 71
333 78
333 94
333 168
333 197
333 213
333 229
333 326
333 358
333 377
333 378
334 37
334 42
334 91
334 150
334 206
334 210
334 236
334 292
334 447
335 3
335 16
335 23
335 58
335 197
335 248
335 264
335 289
335 296
335 307
335 332
335 368
335 440
335 458
336 6
336 21
336 66
336 109
336 114
336 294
336 341
336 422
336 451
336 497
337 49
337 64
337 78
337 127
337 148
337 206
337 369
337 387
337 400
337 441
337 489
338 39
338 121
338 125
338 223
338 324
338 350
338 385
338 476
339 41
339 71
339 173
339 231
339 237
339 264
339 455
339 467
340 41
340 46
340 144
340 146
340 157
340 165
340 360
340 397
340 480
340 481
340 494
340 495
341 19
341 32
341 33
341 142
341 183
341 199
341 202
341 222
341 239
341 262
341 263
341 290
341 336
341 378
341 395
341 473
342 32
342 275
342 320
342 398
342 408
343 17
343 152
343 183
343 214
343 236
343 246
343 434
344 83
344 122
344 173
344 193
344 329
344 364
344 468
344 496
345 30
345 36
345 83
345 93
345 131
345 201
345 210
345 226
345 386
345 407
345 414
346 211
346 212
346 246
346 295
346 373
347 42
347 90
347 105
347 288
347 400
347 442
348 18
348 42
348 53
348 57
348 312
348 433
348 445
348 470
349 4
349 43
349 114
349 157
349 173
349 184
349 312
349 413
349 447
350 78
350 107
350 134
350 242
350 304
350 320
350 338
350 391
350 443
351 59
351 143
351 182
351 201
351 221
351 251
351 290
351 358
351 378
351 380
351 419
351 477
351 488
352 42
352 57
352 134
352 137
352 147
352 484
352 498
353 74
353 75
353 161
353 170
353 215
353 232
353 282
353 369
353 391
353 426
353 472
353 490
354 6
354 35
354 48
354 94
354 157
354 168
354 267
354 426
354 458
354 481
355 12
355 52
355 53
355 63
355 86
355 125
355 136
355 187
355 193
355 447
355 451
355 487
356 128
356 129
356 163
356 247
356 250
356 276
356 360
357 81
357 94
357 139
357 140
357 169
357 298
357 322
357 407
357 408
357 418
357 432
357 480
358 3
358 56
358 121
358 162
358 189
358 206
358 208
358 216
358 324
358 326
358 333
358 351
358 419
358 448
358 473
358 476
358 488
359 9
359 60
359 143
359 159
359 189
359 327
359 436
359 469
359 479
360 42
360 54
360 148
360 188
360 234
360 254
360 276
360 322
360 340
360 356
360 425
360 430
360 480
360 494
361 151
361 160
361 164
361 287
361 373
361 395
361 402
361 403
361 465
361 477
362 7
362 35
362 78
362 103
362 146
362 147
362 160
362 165
362 205
362 240
362 254
362 405
362 406
362 408
362 413
362 428
362 448
362 455
363 33
363 110
363 138
363 385
363 486
364 29
364 30
364 269
364 319
364 327
364 344
365 100
365 121
365 139
365 151
365 166
365 195
365 240
365 263
365 428
366 83
366 94
366 120
366 175
366 246
366 289
366 294
366 331
366 332
366 375
367 168
367 189
367 216
367 229
367 241
367 291
367 396
367 462
368 5
368 221
368 241
368 322
368 328
368 335
368 409
368 463
368 488
369 80
369 148
369 301
369 322
369 337
369 353
369 394
369 432
370 18
370 50
370 57
370 85
370 154
370 180
370 207
370 267
370 301
370 387
370 452
370 475
371 68
371 233
371 263
371 304
371 306
371 432
371 462
372 10
372 78
372 92
372 130
372 162
372 187
372 191
372 192
372 304
372 326
372 411
372 423
372 442
373 34
373 59
373 90
373 97
373 109
373 188
373 210
373 230
373 231
373 346
373 361
373 396
373 438
373 470
374 63
374 128
374 246
374 291
374 379
374 476
375 117
375 148
375 169
375 188
375 196
375 209
375 270
375 318
375 366
375 387
375 484
376 200
376 249
376 483
377 67
377 145
377 185
377 246
377 247
377 265
377 267
377 269
377 281
377 284
377 309
377 333
377 404
377 476
378 122
378 164
378 190
378 196
378 200
378 214
378 229
378 239
378 273
378 333
378 341
378 351
378 391
379 65
379 145
379 150
379 166
379 194
379 244
379 266
379 304
379 324
379 374
379 410
379 484
379 494
380 7
380 26
380 64
380 188
380 351
380 405
380 471
381 12
381 14
381 16
381 19
381 32
381 137
381 212
381 231
381 305
381 492
382 15
382 23
382 52
382 247
382 260
382 314
382 391
382 432
382 455
382 474
383 23
383 94
383 177
383 236
383 309
383 483
384 75
384 106
384 186
384 222
384 229
384 255
384 424
384 437
384 444
384 473
385 44
385 136
385 167
385 173
385 297
385 301
385 321
385 338
385 363
385 463
385 492
385 497
386 11
386 42
386 72
386 132
386 136
386 216
386 233
386 248
386 290
386 313
386 345
386 407
387 21
387 127
387 182
387 232
387 250
387 261
387 264
387 285
387 337
387 370
387 375
387 497
388 32
388 97
388 113
388 203
388 206
388 262
388 286
388 288
388 300
389 6
389 81
389 165
389 219
389 228
389 266
389 305
389 409
389 464
390 22
390 57
390 183
390 201
390 208
390 433
390 487
391 37
391 49
391 82
391 120
391 134
391 152
391 166
391 185
391 215
391 220
391 246
391 350
391 353
391 378
391 382
391 469
391 475
392 76
392 101
392 116
392 201
392 204
392 205
392 288
392 297
392 456
392 473
393 58
393 206
393 212
393 249
393 294
393 420
393 466
394 7
394 60
394 91
394 249
394 369
394 441
394 492
395 8
395 84
395 99
395 249
395 281
395 297
395 341
395 361
396 39
396 64
396 127
396 223
396 237
396 332
396 367
396 373
396 401
396 463
397 5
397 35
397 37
397 65
397 67
397 145
397 180
397 331
397 340
398 79
398 145
398 169
398 172
398 188
398 234
398 295
398 342
398 422
398 447
399 8
399 24
399 25
399 49
399 70
399 103
399 118
399 196
399 297
399 413
399 418
399 422
399 460
399 465
399 480
400 106
400 196
400 213
400 225
400 244
400 249
400 254
400 298
400 303
400 337
400 347
400 407
400 485
401 60
401 107
401 282
401 289
401 316
401 396
401 495
402 15
402 110
402 154
402 187
402 216
402 361
402 424
402 456
402 464
402 475
403 96
403 104
403 244
403 361
403 425
404 8
404 50
404 74
404 188
404 189
404 280
404 377
404 415
404 479
405 22
405 66
405 176
405 182
405 202
405 218
405 279
405 305
405 317
405 330
405 362
405 380
405 486
405 488
406 13
406 36
406 119
406 212
406 256
406 264
406 362
406 416
407 194
407 248
407 259
407 285
407 303
407 345
407 357
407 386
407 400
407 416
408 165
408 226
408 250
408 259
408 342
408 357
408 362
408 427
409 299
409 304
409 368
409 389
409 495
410 45
410 52
410 81
410 90
410 121
410 169
410 188
410 245
410 265
410 379
411 63
411 64
411 75
411 112
411 149
411 181
411 219
411 238
411 284
411 311
411 372
412 72
412 107
412 111
412 117
412 147
412 150
412 157
412 190
412 201
412 244
412 245
412 276
412 310
413 79
413 135
413 154
413 176
413 185
413 332
413 349
413 362
413 399
413 425
413 450
413 463
413 467
414 62
414 90
414 138
414 191
414 199
414 217
414 259
414 264
414 309
414 345
415 23
415 76
415 153
415 200
415 220
415 312
415 321
415 404
415 461
416 172
416 194
416 237
416 406
416 407
416 423
416 436
416 447
416 458
416 476
416 481
417 2
417 15
417 19
417 87
417 236
418 17
418 53
418 82
418 92
418 131
418 145
418 176
418 177
418 221
418 224
418 307
418 310
418 357
418 399
418 489
419 55
419 102
419 221
419 276
419 285
419 351
419 358
419 427
419 429
419 472
419 491
420 98
420 118
420 145
420 242
420 299
420 329
420 331
420 393
421 13
421 112
421 138
421 182
421 195
421 254
421 442
421 494
421 495
422 49
422 79
422 81
422 253
422 336
422 398
422 399
422 434
423 2
423 9
423 47
423 104
423 124
423 165
423 210
423 265
423 372
423 416
423 485
424 29
424 106
424 119
424 155
424 233
424 245
424 282
424 321
424 384
424 402
424 446
424 464
424 495
425 75
425 207
425 233
425 256
425 264
425 360
425 403
425 413
426 3
426 16
426 69
426 129
426 275
426 279
426 286
426 328
426 353
426 354
426 467
426 482
427 41
427 83
427 177
427 408
427 419
427 460
428 11
428 13
428 88
428 192
428 226
428 296
428 301
428 362
428 365
428 429
428 460
429 21
429 29
429 60
429 195
429 205
429 208
429 222
429 236
429 250
429 251
429 265
429 288
429 303
429 312
429 419
429 428
429 479
430 111
430 126
430 142
430 193
430 195
430 239
430 302
430 303
430 360
431 72
431 81
431 94
431 110
431 194
431 451
431 465
431 475
432 36
432 83
432 87
432 96
432 103
432 217
432 219
432 230
432 283
432 291
432 357
432 369
432 371
432 382
433 21
433 43
433 51
433 113
433 240
433 287
433 299
433 348
433 390
433 478
434 26
434 130
434 144
434 343
434 422
435 42
435 109
435 139
435 197
435 246
435 285
435 290
435 444
435 453
435 469
436 52
436 94
436 178
436 359
436 416
437 6
437 57
437 60
437 145
437 222
437 384
437 469
438 35
438 50
438 100
438 205
438 298
438 373
438 453
439 119
439 165
439 204
439 235
439 260
439 299
439 448
439 466
440 19
440 22
440 90
440 91
440 108
440 131
440 144
440 163
440 230
440 233
440 311
440 313
440 335
440 442
441 11
441 52
441 74
441 85
441 101
441 102
441 103
441 230
441 248
441 328
441 337
441 394
441 458
442 20
442 132
442 197
442 249
442 347
442 372
442 421
442 440
443 19
443 30
443 35
443 62
443 94
443 154
443 157
443 203
443 223
443 284
443 319
443 325
443 350
443 470
444 18
444 226
444 229
444 290
444 297
444 384
444 435
444 466
444 473
444 478
444 480
445 68
445 101
445 200
445 227
445 259
445 276
445 293
445 300
445 348
446 68
446 238
446 424
446 472
447 77
447 80
447 277
447 334
447 349
447 355
447 398
447 416
447 465
448 5
448 88
448 151
448 209
448 215
448 270
448 358
448 362
448 439
449 64
449 134
449 167
449 193
449 224
449 321
449 451
450 29
450 41
450 148
450 413
451 6
451 79
451 110
451 134
451 163
451 191
451 275
451 316
451 336
451 355
451 431
451 449
451 457
452 8
452 18
452 103
452 160
452 233
452 274
452 302
452 318
452 370
452 465
453 39
453 59
453 73
453 96
453 114
453 140
453 172
453 207
453 301
453 319
453 330
453 332
453 435
453 438
454 22
454 42
454 110
454 196
454 242
454 264
454 270
455 85
455 115
455 210
455 245
455 257
455 259
455 318
455 339
455 362
455 382
455 470
455 482
456 15
456 64
456 103
456 133
456 154
456 214
456 242
456 248
456 392
456 402
457 34
457 88
457 101
457 167
457 199
457 244
457 254
457 269
457 280
457 307
457 451
457 469
458 37
458 55
458 92
458 96
458 305
458 311
458 335
458 354
458 416
458 441
459 42
459 248
459 253
459 464
460 11
460 21
460 53
460 145
460 265
460 267
460 298
460 318
460 399
460 427
460 428
461 13
461 106
461 273
461 311
461 415
462 107
462 133
462 134
462 147
462 169
462 193
462 273
462 306
462 332
462 367
462 371
463 61
463 85
463 101
463 142
463 211
463 310
463 368
463 385
463 396
463 413
464 134
464 137
464 189
464 241
464 269
464 295
464 389
464 402
464 424
464 459
464 490
465 7
465 9
465 67
465 107
465 180
465 215
465 254
465 303
465 324
465 361
465 399
465 431
465 447
465 452
466 43
466 54
466 100
466 147
466 202
466 207
466 216
466 221
466 230
466 393
466 439
466 444
467 24
467 121
467 139
467 144
467 209
467 339
467 413
467 426
468 53
468 70
468 72
468 93
468 155
468 201
468 344
468 474
469 31
469 35
469 85
469 116
469 203
469 210
469 233
469 359
469 391
469 435
469 437
469 457
469 473
470 75
470 78
470 170
470 244
470 348
470 373
470 443
470 455
470 488
471 111
471 132
471 243
471 380
471 479
472 24
472 31
472 56
472 226
472 298
472 353
472 419
472 446
473 35
473 77
473 90
473 92
473 124
473 143
473 179
473 245
473 254
473 277
473 341
473 358
473 384
473 392
473 444
473 469
473 489
474 6
474 26
474 150
474 167
474 229
474 293
474 382
474 468
475 110
475 120
475 130
475 163
475 193
475 234
475 236
475 266
475 329
475 370
475 391
475 402
475 431
476 25
476 40
476 99
476 119
476 149
476 201
476 238
476 258
476 280
476 330
476 338
476 358
476 374
476 377
476 416
476 484
477 0
477 22
477 151
477 168
477 217
477 265
477 307
477 351
477 361
478 126
478 433
478 444
479 23
479 66
479 96
479 106
479 108
479 359
479 404
479 429
479 471
479 485
480 165
480 179
480 193
480 244
480 301
480 340
480 357
480 360
480 399
480 444
481 67
481 193
481 203
481 255
481 289
481 340
481 354
481 416
482 17
482 59
482 60
482 127
482 135
482 165
482 190
482 224
482 245
482 298
482 312
482 321
482 426
482 455
483 104
483 215
483 233
483 376
483 383
484 115
484 216
484 218
484 220
484 281
484 327
484 330
484 352
484 375
484 379
484 476
485 58
485 106
485 129
485 226
485 246
485 266
485 320
485 330
485 400
485 423
485 479
486 9
486 64
486 90
486 177
486 178
486 254
486 363
486 405
487 11
487 46
487 66
487 71
487 110
487 188
487 281
487 310
487 327
487 355
487 390
488 10
488 138
488 195
488 202
488 248
488 249
488 351
488 358
488 368
488 405
488 470
489 6
489 59
489 80
489 108
489 134
489 138
489 166
489 200
489 305
489 337
489 418
489 473
489 498
490 38
490 67
490 102
490 197
490 327
490 353
490 464
491 12
491 57
491 139
491 159
491 161
491 325
491 419
492 96
492 131
492 202
492 226
492 324
492 331
492 381
492 385
492 394
492 494
493 106
493 111
493 154
493 234
493 263
493 288
494 8
494 18
494 186
494 206
494 305
494 340
494 360
494 379
494 421
494 492
494 495
495 4
495 99
495 340
495 401
495 409
495 421
495 424
495 494
496 76
496 84
496 161
496 176
496 195
496 200
496 254
496 344
497 29
497 99
497 258
497 259
497 278
497 328
497 330
497 336
497 385
497 387
498 75
498 112
498 189
498 241
498 243
498 312
498 322
498 330
498 331
498 352
498 489
499 45
499 66
499 100
499 124
499 186
