0 6
1 7
2 8
3 8
4 7
5 10
6 13
7 8
8 11
9 5
10 6
11 9
12 7
13 11
14 9
15 10
16 7
17 7
18 5
19 13
20 8
21 14
22 16
23 13
24 7
25 11
26 9
27 5
28 2
29 12
30 7
31 7
32 13
33 8
34 8
35 15
36 18
37 9
38 8
39 7
40 9
41 7
42 16
43 5
44 3
45 7
46 8
47 5
48 14
49 10
50 9
51 6
52 9
53 14
54 11
55 7
56 7
57 10
58 9
59 15
60 11
61 5
62 7
63 8
64 11
65 10
66 9
67 15
68 13
69 8
70 3
71 9
72 9
73 5
74 8
75 11
76 11
77 9
78 17
79 9
80 13
81 14
82 6
83 15
84 5
85 13
86 4
87 15
88 9
89 1
90 12
91 6
92 7
93 8
94 13
95 4
96 10
97 5
98 4
99 12
100 14
101 14
102 9
103 12
104 8
105 7
106 13
107 12
108 6
109 8
110 7
111 11
112 8
113 11
114 12
115 5
116 5
117 7
118 6
119 14
120 11
121 10
122 7
123 2
124 11
125 4
126 5
127 6
128 5
129 11
130 7
131 10
132 13
133 8
134 13
135 6
136 13
137 6
138 10
139 13
140 8
141 9
142 5
143 9
144 12
145 12
146 11
147 14
148 8
149 8
150 13
151 8
152 5
153 5
154 13
155 7
156 7
157 7
158 9
159 6
160 9
161 15
162 14
163 11
164 3
165 17
166 6
167 7
168 7
169 12
170 8
171 7
172 9
173 11
174 7
175 10
176 12
177 7
178 4
179 10
180 7
181 10
182 12
183 12
184 9
185 12
186 8
187 12
188 11
189 14
190 9
191 9
192 6
193 16
194 10
195 11
196 8
197 11
198 5
199 9
200 12
201 13
202 10
203 13
204 7
205 7
206 14
207 8
208 8
209 9
210 12
211 7
212 9
213 9
214 11
215 14
216 11
217 13
218 9
219 8
220 12
221 13
222 9
223 6
224 11
225 9
226 14
227 8
228 5
229 11
230 12
231 10
232 8
233 14
234 11
235 6
236 11
237 10
238 7
239 7
240 8
241 10
242 11
243 10
244 16
245 14
246 16
247 13
248 14
249 16
250 9
251 6
252 9
253 4
254 15
255 11
256 8
257 11
258 8
259 12
260 12
261 4
262 4
263 10
264 13
265 11
266 9
267 13
268 5
269 10
270 11
271 5
272 6
273 8
274 6
275 12
276 10
277 5
278 3
279 5
280 10
281 10
282 6
283 3
284 11
285 9
286 6
287 7
288 8
289 10
290 8
291 6
292 6
293 12
294 11
295 11
296 9
297 9
298 14
299 12
300 11
301 12
302 9
303 7
304 10
305 15
306 7
307 19
308 5
309 8
310 10
311 10
312 11
313 8
314 7
315 7
316 11
317 3
318 12
319 11
320 8
321 10
322 13
323 8
324 11
325 12
326 8
327 12
328 13
329 13
330 15
331 10
332 16
333 12
334 8
335 14
336 9
337 10
338 8
339 8
340 11
341 15
342 5
343 7
344 7
345 10
346 5
347 5
348 8
349 8
350 8
351 12
352 6
353 11
354 10
355 12
356 6
357 12
358 16
359 9
360 13
361 9
362 17
363 5
364 5
365 8
366 9
367 8
368 9
369 7
370 11
371 6
372 12
373 13
374 6
375 11
376 3
377 14
378 12
379 13
380 7
381 10
382 10
383 6
384 9
385 12
386 11
387 11
388 9
389 8
390 6
391 16
392 9
393 7
394 6
395 8
396 10
397 8
398 9
399 14
400 12
401 7
402 9
403 5
404 9
405 13
406 7
407 9
408 7
409 5
410 10
411 10
412 13
413 13
414 9
415 9
416 10
417 4
418 14
419 10
420 8
421 8
422 7
423 10
424 12
425 8
426 11
427 6
428 10
429 16
430 8
431 7
432 13
433 9
434 5
435 9
436 5
437 6
438 7
439 8
440 14
441 12
442 8
443 13
444 10
445 8
446 4
447 9
448 8
449 6
450 4
451 12
452 9
453 13
454 6
455 11
456 9
457 12
458 10
459 4
460 10
461 5
462 10
463 10
464 10
465 13
466 12
467 8
468 8
469 12
470 9
471 5
472 8
473 16
474 8
475 12
476 15
477 8
478 3
479 9
480 9
481 8
482 13
483 5
484 10
485 10
486 8
487 10
488 10
489 12
490 7
491 7
492 10
493 6
494 10
495 7
496 8
497 10
498 10
499 5
