0 28
1 29
2 33
3 31
4 26
5 36
6 39
7 27
8 32
9 29
10 30
11 28
12 33
13 35
14 25
15 27
16 26
17 37
18 20
19 33
20 31
21 40
22 30
23 42
24 36
25 20
26 35
27 29
28 40
29 34
30 31
31 23
32 27
33 24
34 22
35 36
36 26
37 32
38 34
39 33
40 30
41 37
42 35
43 37
44 31
45 32
46 32
47 24
48 35
49 40
50 24
51 35
52 36
53 34
54 33
55 32
56 42
57 34
58 32
59 24
60 30
61 32
62 31
63 26
64 20
65 36
66 31
67 31
68 31
69 30
70 30
71 33
72 32
73 33
74 36
75 28
76 23
77 31
78 24
79 35
80 41
81 33
82 26
83 35
84 28
85 27
86 31
87 27
88 40
89 39
90 33
91 31
92 25
93 39
94 35
95 31
96 28
97 30
98 44
99 40
100 35
101 33
102 35
103 35
104 31
105 29
106 28
107 32
108 36
109 34
110 26
111 26
112 35
113 27
114 30
115 31
116 35
117 26
118 33
119 33
120 32
121 31
122 29
123 28
124 27
125 32
126 32
127 31
128 38
129 39
130 31
131 32
132 30
133 31
134 29
135 33
136 25
137 32
138 38
139 36
140 23
141 32
142 25
143 29
144 35
145 28
146 30
147 39
148 29
149 39
150 26
151 32
152 30
153 40
154 33
155 23
156 20
157 33
158 30
159 28
160 28
161 26
162 39
163 37
164 31
165 31
166 29
167 28
168 24
169 25
170 33
171 29
172 25
173 32
174 36
175 39
176 29
177 28
178 31
179 40
180 34
181 33
182 29
183 28
184 28
185 33
186 29
187 30
188 26
189 33
190 29
191 30
192 37
193 37
194 30
195 33
196 31
197 26
198 38
199 29
200 28
201 30
202 30
203 32
204 22
205 31
206 36
207 33
208 39
209 26
210 42
211 26
212 28
213 28
214 38
215 32
216 37
217 35
218 25
219 32
220 30
221 34
222 30
223 29
224 36
225 31
226 24
227 29
228 39
229 32
230 31
231 38
232 32
233 29
234 31
235 21
236 21
237 33
238 28
239 33
240 27
241 41
242 37
243 32
244 24
245 28
246 30
247 46
248 35
249 41
250 26
251 34
252 36
253 29
254 34
255 32
256 28
257 37
258 32
259 32
260 22
261 21
262 36
263 35
264 23
265 40
266 31
267 37
268 33
269 27
270 32
271 36
272 38
273 40
274 25
275 28
276 35
277 28
278 31
279 28
280 23
281 33
282 34
283 31
284 40
285 21
286 31
287 39
288 27
289 29
290 35
291 31
292 19
293 40
294 37
295 33
296 35
297 31
298 36
299 27
300 32
301 33
302 34
303 25
304 35
305 28
306 23
307 31
308 30
309 35
310 31
311 28
312 32
313 39
314 34
315 25
316 30
317 36
318 32
319 23
320 37
321 25
322 34
323 30
324 34
325 33
326 37
327 28
328 39
329 29
330 34
331 24
332 28
333 28
334 31
335 25
336 37
337 26
338 33
339 33
340 34
341 31
342 32
343 30
344 23
345 24
346 30
347 25
348 42
349 31
350 27
351 31
352 35
353 26
354 35
355 30
356 30
357 32
358 22
359 40
360 22
361 28
362 33
363 16
364 34
365 28
366 28
367 27
368 36
369 23
370 29
371 31
372 34
373 33
374 31
375 29
376 24
377 32
378 33
379 38
380 32
381 35
382 33
383 28
384 34
385 40
386 21
387 29
388 37
389 35
390 39
391 29
392 28
393 33
394 21
395 26
396 25
397 31
398 34
399 31
400 26
401 21
402 31
403 31
404 38
405 21
406 23
407 35
408 29
409 21
410 31
411 25
412 24
413 38
414 28
415 33
416 37
417 34
418 25
419 22
420 42
421 29
422 40
423 36
424 27
425 29
426 36
427 25
428 26
429 32
430 26
431 32
432 34
433 32
434 36
435 23
436 26
437 33
438 25
439 24
440 30
441 42
442 33
443 39
444 22
445 34
446 33
447 29
448 33
449 27
450 23
451 30
452 32
453 34
454 32
455 27
456 28
457 31
458 32
459 31
460 32
461 41
462 26
463 34
464 31
465 35
466 28
467 30
468 27
469 26
470 36
471 32
472 32
473 35
474 30
475 24
476 40
477 34
478 22
479 36
480 29
481 24
482 20
483 22
484 34
485 28
486 32
487 32
488 30
489 29
490 31
491 26
492 30
493 29
494 31
495 31
496 33
497 38
498 30
499 32
500 32
501 17
502 26
503 30
504 26
505 34
506 39
507 36
508 28
509 35
510 29
511 30
512 32
513 36
514 34
515 28
516 30
517 37
518 39
519 29
520 30
521 37
522 29
523 35
524 31
525 39
526 32
527 34
528 36
529 27
530 37
531 31
532 33
533 23
534 29
535 21
536 33
537 32
538 36
539 37
540 26
541 32
542 38
543 36
544 28
545 32
546 26
547 35
548 40
549 33
550 26
551 35
552 34
553 34
554 33
555 31
556 28
557 25
558 32
559 31
560 31
561 25
562 38
563 30
564 34
565 37
566 27
567 27
568 27
569 31
570 38
571 30
572 36
573 32
574 28
575 34
576 33
577 36
578 36
579 35
580 32
581 32
582 27
583 33
584 23
585 30
586 28
587 32
588 35
589 30
590 34
591 39
592 32
593 33
594 28
595 30
596 36
597 32
598 33
599 27
600 31
601 37
602 32
603 28
604 18
605 35
606 36
607 24
608 22
609 29
610 29
611 32
612 28
613 32
614 30
615 35
616 31
617 27
618 22
619 32
620 32
621 34
622 25
623 30
624 25
625 32
626 37
627 28
628 31
629 24
630 32
631 36
632 19
633 34
634 35
635 34
636 30
637 28
638 27
639 32
640 31
641 40
642 33
643 30
644 33
645 35
646 33
647 30
648 33
649 28
650 29
651 27
652 34
653 40
654 33
655 36
656 41
657 29
658 36
659 37
660 39
661 30
662 38
663 38
664 37
665 25
666 32
667 35
668 36
669 35
670 32
671 31
672 24
673 36
674 28
675 35
676 25
677 30
678 38
679 32
680 38
681 37
682 24
683 31
684 35
685 26
686 31
687 25
688 25
689 39
690 19
691 31
692 30
693 26
694 28
695 34
696 25
697 33
698 37
699 37
700 29
701 36
702 29
703 28
704 37
705 36
706 24
707 39
708 37
709 24
710 25
711 32
712 28
713 31
714 32
715 22
716 33
717 21
718 29
719 25
720 29
721 36
722 32
723 36
724 36
725 34
726 30
727 28
728 28
729 33
730 25
731 25
732 28
733 31
734 22
735 27
736 26
737 29
738 31
739 33
740 36
741 24
742 18
743 26
744 29
745 32
746 31
747 35
748 27
749 27
750 26
751 35
752 26
753 36
754 28
755 25
756 33
757 37
758 35
759 26
760 26
761 28
762 34
763 28
764 27
765 26
766 34
767 30
768 38
769 33
770 32
771 34
772 33
773 39
774 33
775 35
776 29
777 31
778 25
779 31
780 32
781 31
782 33
783 37
784 34
785 39
786 30
787 34
788 34
789 30
790 28
791 34
792 27
793 24
794 30
795 29
796 29
797 34
798 27
799 34
800 25
801 24
802 29
803 38
804 40
805 27
806 34
807 26
808 32
809 24
810 30
811 31
812 26
813 31
814 26
815 37
816 33
817 33
818 30
819 33
820 32
821 33
822 33
823 30
824 29
825 27
826 30
827 29
828 24
829 39
830 31
831 28
832 36
833 30
834 32
835 38
836 29
837 30
838 25
839 41
840 29
841 25
842 30
843 34
844 33
845 28
846 34
847 34
848 31
849 34
850 27
851 33
852 40
853 31
854 26
855 27
856 33
857 33
858 29
859 28
860 34
861 27
862 35
863 31
864 23
865 28
866 30
867 29
868 33
869 36
870 27
871 29
872 37
873 27
874 23
875 30
876 33
877 25
878 36
879 31
880 31
881 29
882 33
883 23
884 37
885 29
886 25
887 30
888 25
889 32
890 24
891 25
892 37
893 25
894 33
895 32
896 45
897 24
898 38
899 32
900 30
901 28
902 21
903 25
904 29
905 35
906 32
907 32
908 31
909 30
910 29
911 30
912 26
913 33
914 30
915 31
916 27
917 31
918 24
919 26
920 27
921 29
922 31
923 31
924 25
925 36
926 35
927 27
928 33
929 33
930 31
931 31
932 28
933 31
934 30
935 47
936 26
937 21
938 31
939 29
940 39
941 29
942 32
943 22
944 24
945 42
946 31
947 28
948 29
949 30
950 31
951 36
952 25
953 30
954 30
955 30
956 33
957 25
958 31
959 38
960 23
961 29
962 25
963 28
964 44
965 31
966 35
967 32
968 33
969 32
970 32
971 32
972 33
973 28
974 24
975 27
976 31
977 28
978 26
979 36
980 23
981 30
982 44
983 34
984 25
985 25
986 27
987 31
988 32
989 24
990 35
991 31
992 32
993 27
994 36
995 24
996 32
997 24
998 29
999 30
