0 45
1 55
2 53
3 53
4 56
5 42
6 45
7 45
8 48
9 59
10 36
11 56
12 31
13 39
14 41
15 48
16 33
17 45
18 41
19 45
20 48
21 42
22 53
23 54
24 45
25 38
26 49
27 55
28 49
29 39
30 39
31 48
32 49
33 51
34 54
35 50
36 37
37 43
38 62
39 50
40 46
41 55
42 47
43 37
44 54
45 45
46 48
47 47
48 43
49 44
50 44
51 43
52 42
53 52
54 44
55 50
56 36
57 58
58 50
59 38
60 35
61 44
62 43
63 53
64 47
65 52
66 48
67 46
68 58
69 56
70 51
71 56
72 52
73 40
74 62
75 38
76 64
77 48
78 42
79 51
80 49
81 50
82 43
83 46
84 42
85 49
86 50
87 46
88 56
89 47
90 37
91 48
92 49
93 54
94 44
95 50
96 52
97 45
98 44
99 37
100 51
101 52
102 52
103 46
104 56
105 47
106 36
107 47
108 49
109 44
110 54
111 44
112 45
113 47
114 60
115 45
116 38
117 38
118 49
119 41
120 47
121 48
122 53
123 45
124 47
125 50
126 29
127 42
128 38
129 50
130 63
131 40
132 40
133 31
134 41
135 54
136 55
137 48
138 50
139 46
140 49
141 43
142 45
143 51
144 40
145 46
146 57
147 45
148 45
149 42
150 36
151 44
152 42
153 49
154 43
155 46
156 43
157 48
158 49
159 43
160 41
161 48
162 45
163 55
164 40
165 38
166 33
167 56
168 56
169 49
170 42
171 48
172 46
173 43
174 55
175 59
176 49
177 52
178 45
179 49
180 43
181 43
182 39
183 56
184 39
185 36
186 56
187 56
188 46
189 42
190 51
191 47
192 52
193 48
194 44
195 39
196 41
197 51
198 60
199 41
200 34
201 41
202 46
203 47
204 49
205 44
206 44
207 53
208 39
209 51
210 53
211 48
212 56
213 48
214 40
215 48
216 40
217 42
218 50
219 55
220 44
221 62
222 51
223 31
224 49
225 49
226 37
227 36
228 52
229 53
230 54
231 47
232 41
233 49
234 45
235 53
236 44
237 35
238 44
239 54
240 51
241 50
242 56
243 40
244 52
245 56
246 46
247 56
248 50
249 50
250 53
251 38
252 48
253 46
254 43
255 46
256 53
257 43
258 53
259 50
260 57
261 49
262 49
263 40
264 37
265 48
266 33
267 40
268 48
269 58
270 37
271 55
272 37
273 53
274 47
275 43
276 53
277 42
278 40
279 54
280 37
281 36
282 47
283 51
284 38
285 55
286 48
287 38
288 49
289 50
290 51
291 50
292 43
293 45
294 42
295 45
296 43
297 38
298 52
299 43
300 43
301 53
302 54
303 54
304 49
305 41
306 48
307 51
308 32
309 48
310 42
311 55
312 43
313 34
314 44
315 47
316 53
317 53
318 48
319 61
320 47
321 54
322 35
323 55
324 52
325 47
326 50
327 49
328 42
329 54
330 43
331 43
332 49
333 52
334 52
335 47
336 48
337 52
338 47
339 41
340 45
341 46
342 50
343 57
344 53
345 46
346 44
347 52
348 47
349 46
350 60
351 43
352 46
353 40
354 46
355 55
356 44
357 41
358 53
359 53
360 45
361 53
362 56
363 54
364 60
365 51
366 54
367 51
368 47
369 41
370 46
371 43
372 43
373 42
374 48
375 51
376 49
377 55
378 37
379 65
380 50
381 51
382 33
383 45
384 42
385 31
386 49
387 47
388 46
389 41
390 37
391 43
392 41
393 44
394 48
395 38
396 53
397 52
398 41
399 56
400 48
401 43
402 48
403 47
404 46
405 53
406 53
407 49
408 44
409 59
410 50
411 43
412 30
413 34
414 50
415 45
416 45
417 49
418 45
419 59
420 43
421 46
422 49
423 46
424 37
425 55
426 55
427 51
428 43
429 57
430 47
431 52
432 51
433 50
434 48
435 59
436 48
437 55
438 41
439 47
440 45
441 42
442 36
443 39
444 59
445 45
446 46
447 48
448 47
449 53
450 58
451 53
452 50
453 36
454 51
455 42
456 47
457 44
458 52
459 53
460 49
461 37
462 51
463 51
464 38
465 44
466 46
467 48
468 58
469 45
470 39
471 39
472 55
473 44
474 58
475 36
476 46
477 51
478 58
479 50
480 51
481 49
482 45
483 51
484 51
485 39
486 49
487 49
488 58
489 49
490 56
491 45
492 52
493 48
494 47
495 51
496 49
497 44
498 46
499 43
500 61
501 47
502 57
503 48
504 49
505 58
506 50
507 49
508 42
509 52
510 48
511 55
512 46
513 55
514 56
515 40
516 45
517 61
518 47
519 49
520 51
521 47
522 59
523 48
524 53
525 41
526 41
527 40
528 51
529 49
530 45
531 40
532 64
533 51
534 31
535 54
536 51
537 39
538 46
539 37
540 51
541 54
542 52
543 47
544 50
545 47
546 51
547 47
548 45
549 58
550 46
551 45
552 45
553 55
554 44
555 58
556 47
557 46
558 41
559 42
560 49
561 53
562 63
563 52
564 39
565 57
566 46
567 52
568 51
569 43
570 41
571 56
572 50
573 49
574 44
575 51
576 33
577 47
578 43
579 55
580 46
581 41
582 39
583 46
584 54
585 54
586 47
587 38
588 48
589 63
590 50
591 53
592 41
593 45
594 32
595 43
596 48
597 55
598 54
599 52
