0 116
1 118
2 111
3 91
4 119
5 125
6 121
7 99
8 136
9 133
10 72
11 111
12 120
13 94
14 66
15 75
16 58
17 104
18 69
19 100
20 71
21 65
22 81
23 92
24 64
25 77
26 92
27 35
28 44
29 78
30 57
31 22
32 61
33 74
34 75
35 57
36 56
37 72
38 29
39 35
40 41
41 57
42 21
43 47
44 31
45 23
46 37
47 39
48 39
49 33
50 46
51 59
52 28
53 41
54 32
55 45
56 46
57 37
58 24
59 36
60 37
61 36
62 40
63 26
64 41
65 32
66 33
67 39
68 36
69 34
70 55
71 32
72 49
73 24
74 30
75 26
76 21
77 24
78 50
79 46
80 33
81 24
82 37
83 23
84 48
85 23
86 25
87 36
88 36
89 40
90 36
91 37
92 39
93 38
94 37
95 35
96 37
97 23
98 24
99 25
100 26
101 32
102 28
103 30
104 21
105 27
106 29
107 23
108 25
109 26
110 26
111 18
112 42
113 29
114 31
115 31
116 31
117 27
118 25
119 16
120 25
121 35
122 12
123 23
124 23
125 18
126 37
127 23
128 26
129 21
130 25
131 17
132 26
133 22
134 32
135 18
136 40
137 25
138 21
139 33
140 26
141 16
142 35
143 19
144 30
145 37
146 26
147 23
148 30
149 27
150 32
151 25
152 19
153 20
154 26
155 23
156 15
157 37
158 21
159 25
160 23
161 27
162 24
163 17
164 18
165 24
166 15
167 23
168 24
169 15
170 23
171 15
172 22
173 35
174 26
175 12
176 20
177 21
178 18
179 26
180 18
181 19
182 20
183 20
184 24
185 29
186 16
187 22
188 25
189 17
190 20
191 25
192 20
193 18
194 24
195 27
196 19
197 33
198 30
199 13
200 17
201 11
202 23
203 21
204 26
205 21
206 20
207 16
208 20
209 19
210 26
211 17
212 17
213 19
214 25
215 20
216 18
217 23
218 23
219 18
220 20
221 22
222 17
223 16
224 19
225 19
226 17
227 22
228 12
229 22
230 18
231 25
232 18
233 19
234 23
235 15
236 22
237 22
238 18
239 31
240 21
241 14
242 26
243 21
244 13
245 28
246 15
247 14
248 20
249 17
250 16
251 14
252 23
253 17
254 14
255 21
256 24
257 20
258 15
259 13
260 17
261 15
262 14
263 21
264 15
265 16
266 16
267 17
268 20
269 14
270 17
271 23
272 20
273 18
274 11
275 17
276 14
277 20
278 15
279 13
280 20
281 18
282 14
283 14
284 18
285 24
286 23
287 21
288 18
289 19
290 17
291 16
292 12
293 17
294 11
295 18
296 21
297 16
298 14
299 15
300 13
301 14
302 12
303 19
304 21
305 14
306 16
307 16
308 19
309 28
310 15
311 14
312 13
313 18
314 17
315 17
316 14
317 20
318 16
319 11
320 18
321 19
322 17
323 15
324 18
325 13
326 21
327 15
328 16
329 13
330 14
331 14
332 12
333 19
334 17
335 16
336 19
337 15
338 11
339 21
340 16
341 20
342 11
343 14
344 13
345 16
346 15
347 15
348 14
349 15
350 14
351 13
352 14
353 17
354 14
355 22
356 18
357 22
358 18
359 15
360 18
361 24
362 13
363 14
364 13
365 18
366 18
367 13
368 16
369 15
370 15
371 11
372 20
373 16
374 14
375 16
376 19
377 21
378 15
379 12
380 11
381 15
382 13
383 18
384 18
385 11
386 15
387 17
388 17
389 19
390 16
391 12
392 14
393 12
394 10
395 13
396 14
397 12
398 11
399 13
400 14
401 16
402 17
403 21
404 11
405 11
406 11
407 17
408 12
409 18
410 14
411 10
412 10
413 17
414 16
415 11
416 14
417 14
418 14
419 12
420 12
421 14
422 13
423 12
424 13
425 12
426 13
427 12
428 13
429 15
430 17
431 11
432 12
433 9
434 17
435 13
436 17
437 16
438 9
439 14
440 12
441 13
442 12
443 15
444 13
445 11
446 14
447 11
448 14
449 12
450 14
451 10
452 14
453 13
454 14
455 14
456 18
457 10
458 15
459 14
460 10
461 19
462 10
463 13
464 12
465 11
466 11
467 10
468 13
469 12
470 20
471 11
472 15
473 17
474 11
475 14
476 9
477 16
478 12
479 13
480 9
481 14
482 11
483 14
484 15
485 13
486 12
487 15
488 15
489 12
490 14
491 12
492 11
493 11
494 17
495 15
496 15
497 16
498 14
499 13
500 11
501 13
502 13
503 11
504 13
505 10
506 12
507 16
508 11
509 14
510 11
511 16
512 11
513 11
514 10
515 12
516 13
517 17
518 10
519 15
520 11
521 11
522 12
523 11
524 9
525 11
526 11
527 13
528 17
529 12
530 13
531 11
532 13
533 11
534 10
535 11
536 10
537 13
538 12
539 12
540 12
541 15
542 11
543 10
544 14
545 15
546 12
547 11
548 12
549 13
550 12
551 10
552 14
553 12
554 11
555 14
556 9
557 13
558 10
559 13
560 9
561 11
562 14
563 12
564 9
565 10
566 16
567 10
568 13
569 11
570 14
571 11
572 12
573 9
574 11
575 11
576 10
577 10
578 12
579 9
580 12
581 9
582 11
583 14
584 10
585 12
586 14
587 12
588 14
589 15
590 10
591 14
592 11
593 12
594 12
595 16
596 10
597 12
598 9
599 13
600 12
601 11
602 10
603 11
604 12
605 10
606 11
607 9
608 10
609 11
610 11
611 12
612 10
613 10
614 12
615 13
616 10
617 13
618 14
619 16
620 10
621 14
622 9
623 11
624 10
625 11
626 10
627 12
628 10
629 12
630 11
631 12
632 10
633 10
634 10
635 10
636 11
637 10
638 10
639 14
640 10
641 10
642 12
643 10
644 10
645 10
646 11
647 11
648 11
649 13
650 11
651 13
652 12
653 10
654 11
655 9
656 12
657 11
658 11
659 11
660 11
661 13
662 13
663 10
664 12
665 11
666 12
667 13
668 12
669 10
670 9
671 10
672 12
673 11
674 10
675 10
676 12
677 10
678 10
679 12
680 11
681 11
682 9
683 12
684 10
685 10
686 11
687 10
688 12
689 9
690 14
691 10
692 10
693 9
694 14
695 9
696 10
697 9
698 10
699 11
700 11
701 11
702 10
703 9
704 9
705 12
706 9
707 8
708 13
709 11
710 12
711 11
712 11
713 9
714 13
715 11
716 11
717 10
718 10
719 9
720 11
721 10
722 11
723 11
724 9
725 9
726 10
727 11
728 10
729 10
730 12
731 10
732 11
733 11
734 10
735 9
736 11
737 9
738 12
739 9
740 9
741 13
742 11
743 9
744 9
745 9
746 9
747 12
748 11
749 9
750 12
751 9
752 10
753 10
754 11
755 9
756 11
757 9
758 10
759 9
760 11
761 10
762 9
763 10
764 10
765 12
766 8
767 10
768 10
769 10
770 10
771 10
772 12
773 11
774 9
775 10
776 10
777 9
778 13
779 10
780 12
781 10
782 9
783 11
784 9
785 9
786 9
787 9
788 9
789 9
790 9
791 9
792 10
793 9
794 9
795 10
796 9
797 9
798 9
799 9
800 10
801 9
802 11
803 9
804 9
805 10
806 9
807 9
808 9
809 10
810 9
811 10
812 9
813 10
814 9
815 10
816 9
817 9
818 9
819 10
820 9
821 10
822 11
823 9
824 9
825 9
826 10
827 9
828 10
829 9
830 8
831 11
832 9
833 9
834 9
835 9
836 10
837 9
838 9
839 10
840 9
841 10
842 9
843 9
844 9
845 9
846 9
847 9
848 10
849 9
850 9
851 10
852 9
853 10
854 9
855 9
856 9
857 9
858 12
859 9
860 9
861 10
862 9
863 9
864 9
865 9
866 10
867 9
868 10
869 10
870 9
871 9
872 10
873 10
874 9
875 9
876 9
877 9
878 9
879 9
880 9
881 9
882 9
883 9
884 9
885 9
886 10
887 9
888 9
889 10
890 9
891 9
892 9
893 9
894 9
895 9
896 9
897 9
898 9
899 9
