0 25
1 22
2 30
3 34
4 28
5 21
6 25
7 25
8 28
9 30
10 23
11 21
12 31
13 19
14 26
15 26
16 19
17 28
18 24
19 27
20 29
21 26
22 34
23 30
24 23
25 25
26 16
27 30
28 27
29 31
30 25
31 22
32 28
33 26
34 27
35 28
36 25
37 23
38 23
39 27
40 25
41 24
42 29
43 23
44 22
45 25
46 33
47 25
48 22
49 25
50 20
51 29
52 26
53 21
54 19
55 31
56 32
57 29
58 22
59 28
60 28
61 22
62 34
63 26
64 28
65 27
66 22
67 29
68 26
69 30
70 26
71 27
72 18
73 28
74 23
75 21
76 34
77 31
78 23
79 28
80 24
81 22
82 27
83 30
84 24
85 27
86 27
87 26
88 25
89 22
90 21
91 19
92 26
93 25
94 28
95 29
96 27
97 29
98 27
99 18
100 26
101 29
102 24
103 31
104 19
105 26
106 26
107 36
108 28
109 28
110 31
111 23
112 23
113 29
114 24
115 18
116 20
117 25
118 27
119 21
120 23
121 30
122 28
123 35
124 25
125 16
126 32
127 21
128 32
129 30
130 23
131 28
132 21
133 26
134 28
135 26
136 28
137 32
138 27
139 31
140 31
141 24
142 22
143 24
144 28
145 27
146 25
147 22
148 22
149 26
150 25
151 26
152 22
153 23
154 29
155 26
156 28
157 30
158 26
159 26
160 27
161 35
162 19
163 21
164 30
165 20
166 26
167 25
168 35
169 28
170 27
171 26
172 28
173 25
174 29
175 19
176 27
177 29
178 27
179 26
180 30
181 29
182 22
183 27
184 27
185 27
186 33
187 27
188 19
189 26
190 25
191 28
192 23
193 24
194 30
195 22
196 28
197 26
198 21
199 23
200 22
201 28
202 26
203 22
204 24
205 24
206 23
207 25
208 30
209 25
210 30
211 26
212 29
213 29
214 31
215 26
216 25
217 25
218 22
219 22
220 23
221 22
222 26
223 29
224 30
225 24
226 25
227 19
228 29
229 25
230 31
231 24
232 36
233 22
234 28
235 28
236 29
237 25
238 25
239 28
240 30
241 23
242 29
243 19
244 25
245 29
246 24
247 24
248 28
249 26
250 33
251 21
252 27
253 26
254 27
255 25
256 26
257 22
258 35
259 29
260 26
261 29
262 19
263 25
264 27
265 28
266 26
267 26
268 24
269 28
270 30
271 21
272 25
273 29
274 27
275 32
276 26
277 22
278 25
279 25
280 20
281 25
282 27
283 18
284 25
285 21
286 29
287 25
288 26
289 22
290 23
291 21
292 29
293 24
294 25
295 26
296 28
297 32
298 22
299 26
300 22
301 22
302 22
303 31
304 25
305 22
306 26
307 34
308 23
309 25
310 24
311 20
312 28
313 26
314 25
315 29
316 26
317 29
318 23
319 27
320 25
321 32
322 31
323 25
324 27
325 22
326 30
327 24
328 21
329 23
330 33
331 22
332 22
333 24
334 23
335 30
336 27
337 30
338 27
339 26
340 28
341 22
342 27
343 27
344 28
345 28
346 24
347 27
348 27
349 21
350 32
351 27
352 27
353 22
354 27
355 28
356 23
357 25
358 28
359 22
360 25
361 24
362 29
363 26
364 25
365 28
366 23
367 28
368 18
369 23
370 27
371 29
372 23
373 25
374 27
375 24
376 31
377 29
378 26
379 22
380 27
381 23
382 33
383 25
384 23
385 29
386 29
387 30
388 24
389 33
390 26
391 29
392 24
393 25
394 23
395 27
396 23
397 24
398 28
399 24
400 24
401 21
402 22
403 20
404 27
405 31
406 28
407 29
408 18
409 35
410 25
411 26
412 29
413 30
414 34
415 20
416 25
417 27
418 24
419 25
420 17
421 22
422 28
423 27
424 24
425 26
426 28
427 25
428 27
429 26
430 27
431 26
432 27
433 24
434 27
435 23
436 30
437 25
438 26
439 30
440 17
441 21
442 29
443 24
444 23
445 23
446 19
447 30
448 27
449 32
450 29
451 30
452 28
453 21
454 33
455 25
456 27
457 22
458 31
459 26
460 29
461 25
462 30
463 27
464 25
465 28
466 30
467 23
468 29
469 28
470 32
471 24
472 29
473 26
474 35
475 31
476 25
477 18
478 26
479 22
480 29
481 31
482 26
483 24
484 27
485 24
486 25
487 25
488 20
489 28
490 30
491 24
492 26
493 24
494 30
495 28
496 20
497 30
498 29
499 25
500 28
501 21
502 28
503 23
504 27
505 27
506 32
507 29
508 28
509 25
510 27
511 34
512 28
513 23
514 29
515 27
516 22
517 26
518 28
519 30
520 20
521 24
522 21
523 25
524 21
525 17
526 33
527 27
528 27
529 25
530 27
531 19
532 24
533 24
534 27
535 28
536 32
537 33
538 30
539 30
540 30
541 31
542 24
543 25
544 22
545 35
546 26
547 26
548 22
549 31
550 28
551 22
552 25
553 33
554 18
555 26
556 28
557 21
558 28
559 25
560 29
561 24
562 26
563 28
564 22
565 30
566 29
567 27
568 27
569 25
570 23
571 22
572 25
573 27
574 18
575 22
576 22
577 21
578 25
579 28
580 25
581 27
582 29
583 28
584 24
585 23
586 26
587 30
588 30
589 26
590 31
591 29
592 26
593 24
594 28
595 25
596 19
597 22
598 27
599 29
600 30
601 27
602 27
603 24
604 28
605 23
606 30
607 31
608 25
609 28
610 22
611 22
612 32
613 24
614 23
615 25
616 24
617 29
618 23
619 24
620 20
621 25
622 24
623 24
624 29
625 23
626 28
627 26
628 23
629 29
630 26
631 31
632 27
633 27
634 29
635 26
636 23
637 26
638 23
639 33
640 19
641 24
642 23
643 28
644 26
645 21
646 21
647 22
648 22
649 21
650 18
651 26
652 27
653 35
654 25
655 36
656 26
657 31
658 29
659 28
660 25
661 25
662 21
663 24
664 28
665 23
666 32
667 26
668 28
669 24
670 34
671 21
672 23
673 27
674 23
675 27
676 25
677 33
678 27
679 28
680 22
681 27
682 25
683 29
684 26
685 22
686 22
687 29
688 30
689 25
690 24
691 34
692 25
693 28
694 23
695 31
696 23
697 28
698 27
699 30
700 35
701 19
702 26
703 31
704 25
705 26
706 19
707 27
708 19
709 24
710 25
711 29
712 21
713 29
714 27
715 25
716 28
717 22
718 29
719 15
720 23
721 25
722 27
723 24
724 20
725 27
726 22
727 30
728 25
729 22
730 23
731 33
732 19
733 32
734 27
735 25
736 28
737 28
738 25
739 30
740 29
741 26
742 27
743 26
744 26
745 21
746 25
747 19
748 25
749 23
750 24
751 30
752 28
753 25
754 22
755 24
756 26
757 26
758 26
759 25
760 29
761 21
762 28
763 24
764 26
765 29
766 24
767 29
768 23
769 28
770 28
771 24
772 22
773 28
774 20
775 21
776 26
777 32
778 22
779 25
780 32
781 27
782 27
783 25
784 21
785 22
786 27
787 22
788 34
789 27
790 24
791 22
792 27
793 24
794 20
795 32
796 23
797 27
798 34
799 23
