0 30
1 29
2 22
3 29
4 26
5 33
6 33
7 20
8 24
9 23
10 36
11 39
12 29
13 25
14 28
15 23
16 24
17 27
18 30
19 24
20 27
21 27
22 19
23 29
24 26
25 24
26 27
27 32
28 33
29 28
30 26
31 23
32 30
33 28
34 27
35 24
36 17
37 20
38 30
39 25
40 27
41 28
42 26
43 19
44 27
45 26
46 24
47 32
48 31
49 24
50 31
51 28
52 19
53 33
54 37
55 28
56 20
57 29
58 25
59 26
60 32
61 25
62 29
63 27
64 25
65 24
66 31
67 28
68 19
69 22
70 28
71 31
72 28
73 30
74 30
75 25
76 23
77 32
78 32
79 26
80 22
81 21
82 26
83 23
84 35
85 30
86 37
87 32
88 37
89 34
90 25
91 25
92 23
93 31
94 22
95 23
96 22
97 30
98 34
99 33
100 41
101 26
102 31
103 30
104 26
105 27
106 23
107 31
108 31
109 24
110 25
111 29
112 23
113 32
114 28
115 23
116 28
117 21
118 30
119 23
120 25
121 27
122 23
123 31
124 25
125 19
126 21
127 25
128 27
129 31
130 35
131 24
132 36
133 22
134 26
135 29
136 33
137 28
138 21
139 28
140 24
141 36
142 27
143 25
144 28
145 26
146 25
147 32
148 28
149 33
150 28
151 24
152 23
153 30
154 26
155 38
156 34
157 22
158 31
159 31
160 25
161 26
162 31
163 34
164 25
165 28
166 26
167 23
168 30
169 24
170 26
171 26
172 25
173 29
174 29
175 31
176 27
177 26
178 28
179 29
180 21
181 36
182 34
183 32
184 25
185 25
186 26
187 26
188 22
189 34
190 27
191 26
192 21
193 31
194 28
195 26
196 30
197 28
198 22
199 25
200 28
201 19
202 24
203 34
204 27
205 32
206 25
207 33
208 27
209 29
210 34
211 22
212 21
213 27
214 33
215 33
216 27
217 18
218 18
219 32
220 23
221 35
222 26
223 27
224 32
225 21
226 29
227 28
228 30
229 28
230 32
231 25
232 19
233 27
234 30
235 33
236 29
237 17
238 35
239 29
240 26
241 14
242 22
243 31
244 29
245 25
246 27
247 25
248 30
249 31
250 17
251 31
252 24
253 28
254 22
255 22
256 23
257 24
258 33
259 29
260 31
261 22
262 21
263 26
264 28
265 20
266 21
267 35
268 29
269 20
270 31
271 32
272 27
273 23
274 17
275 35
276 29
277 27
278 35
279 28
280 29
281 28
282 25
283 18
284 25
285 27
286 23
287 20
288 26
289 22
290 31
291 26
292 35
293 27
294 28
295 25
296 29
297 26
298 22
299 32
300 34
301 20
302 20
303 32
304 22
305 32
306 25
307 29
308 26
309 23
310 29
311 24
312 26
313 28
314 26
315 23
316 28
317 27
318 23
319 26
320 32
321 26
322 30
323 32
324 36
325 27
326 29
327 27
328 21
329 20
330 27
331 29
332 30
333 26
334 39
335 29
336 29
337 27
338 26
339 23
340 27
341 26
342 25
343 29
344 32
345 29
346 22
347 28
348 20
349 23
350 26
351 29
352 34
353 17
354 38
355 25
356 29
357 33
358 27
359 29
360 26
361 32
362 26
363 24
364 27
365 23
366 28
367 31
368 30
369 20
370 19
371 27
372 33
373 28
374 24
375 23
376 29
377 28
378 32
379 28
380 16
381 30
382 18
383 25
384 24
385 25
386 31
387 25
388 21
389 31
390 25
391 25
392 26
393 32
394 28
395 32
396 26
397 30
398 22
399 34
400 22
401 25
402 32
403 29
404 23
405 27
406 17
407 25
408 25
409 21
410 28
411 26
412 26
413 30
414 23
415 31
416 27
417 29
418 30
419 30
420 34
421 34
422 25
423 21
424 25
425 32
426 26
427 22
428 27
429 28
430 26
431 28
432 24
433 26
434 26
435 29
436 32
437 17
438 28
439 29
440 26
441 30
442 20
443 20
444 30
445 23
446 22
447 23
448 23
449 35
450 25
451 24
452 28
453 34
454 30
455 25
456 32
457 33
458 24
459 24
460 29
461 25
462 25
463 24
464 29
465 32
466 24
467 21
468 27
469 28
470 20
471 21
472 22
473 30
474 18
475 31
476 31
477 30
478 32
479 29
480 25
481 27
482 22
483 22
484 33
485 26
486 29
487 24
488 34
489 27
490 26
491 26
492 28
493 22
494 28
495 22
496 22
497 29
498 24
499 27
500 21
501 26
502 22
503 19
504 25
505 38
506 28
507 30
508 27
509 24
510 40
511 25
512 27
513 27
514 27
515 37
516 29
517 33
518 27
519 24
520 32
521 24
522 25
523 23
524 25
525 25
526 25
527 27
528 25
529 19
530 30
531 31
532 22
533 26
534 33
535 28
536 33
537 33
538 26
539 25
540 25
541 19
542 25
543 32
544 32
545 32
546 27
547 35
548 26
549 31
550 26
551 22
552 35
553 33
554 32
555 36
556 28
557 17
558 27
559 26
560 25
561 27
562 33
563 31
564 27
565 22
566 15
567 27
568 31
569 33
570 31
571 22
572 28
573 27
574 31
575 22
576 24
577 31
578 30
579 21
580 28
581 28
582 29
583 24
584 19
585 28
586 25
587 30
588 25
589 25
590 33
591 28
592 27
593 18
594 27
595 18
596 26
597 23
598 25
599 33
600 30
601 30
602 33
603 27
604 19
605 20
606 30
607 25
608 31
609 27
610 37
611 20
612 31
613 25
614 27
615 30
616 20
617 29
618 32
619 26
620 22
621 25
622 27
623 31
624 19
625 34
626 22
627 27
628 25
629 22
630 23
631 23
632 32
633 25
634 24
635 27
636 22
637 26
638 20
639 23
640 23
641 27
642 29
643 29
644 27
645 34
646 37
647 27
648 37
649 25
650 24
651 30
652 28
653 26
654 17
655 26
656 32
657 25
658 26
659 27
660 31
661 24
662 31
663 31
664 23
665 28
666 28
667 27
668 25
669 22
670 24
671 29
672 28
673 25
674 37
675 25
676 25
677 34
678 21
679 23
680 18
681 23
682 32
683 24
684 29
685 20
686 28
687 18
688 35
689 28
690 31
691 19
692 26
693 24
694 37
695 23
696 28
697 34
698 33
699 25
700 30
701 30
702 29
703 28
704 21
705 29
706 30
707 27
708 26
709 26
710 29
711 26
712 27
713 29
714 27
715 28
716 29
717 33
718 31
719 26
720 20
721 25
722 25
723 22
724 23
725 25
726 22
727 33
728 20
729 27
730 25
731 30
732 32
733 24
734 27
735 22
736 31
737 23
738 28
739 28
740 28
741 22
742 21
743 35
744 23
745 28
746 26
747 20
748 27
749 28
750 24
751 23
752 27
753 32
754 35
755 30
756 27
757 30
758 31
759 31
760 30
761 31
762 31
763 28
764 26
765 29
766 25
767 26
768 28
769 28
770 27
771 22
772 27
773 26
774 26
775 28
776 29
777 25
778 22
779 30
780 17
781 33
782 30
783 30
784 25
785 19
786 30
787 25
788 21
789 30
790 32
791 31
792 22
793 34
794 21
795 34
796 28
797 26
798 25
799 22
800 17
801 30
802 26
803 34
804 27
805 24
806 30
807 24
808 32
809 26
810 23
811 29
812 28
813 27
814 32
815 24
816 24
817 20
818 31
819 18
820 31
821 35
822 35
823 25
824 26
825 23
826 28
827 27
828 31
829 34
830 27
831 27
832 26
833 27
834 32
835 23
836 21
837 23
838 31
839 33
840 32
841 24
842 29
843 19
844 30
845 41
846 29
847 24
848 28
849 28
850 26
851 31
852 22
853 26
854 29
855 27
856 25
857 28
858 21
859 29
860 23
861 28
862 22
863 31
864 22
865 17
866 27
867 28
868 24
869 20
870 26
871 31
872 27
873 25
874 34
875 29
876 27
877 32
878 27
879 27
880 31
881 41
882 25
883 26
884 19
885 24
886 22
887 23
888 26
889 22
890 27
891 28
892 23
893 22
894 23
895 28
896 24
897 27
898 25
899 45
