0 29
1 32
2 30
3 31
4 29
5 30
6 35
7 30
8 32
9 26
10 36
11 36
12 37
13 19
14 34
15 25
16 29
17 34
18 29
19 23
20 31
21 21
22 29
23 22
24 26
25 32
26 32
27 27
28 31
29 36
30 38
31 26
32 26
33 25
34 38
35 30
36 29
37 28
38 25
39 33
40 33
41 29
42 28
43 32
44 41
45 29
46 29
47 33
48 31
49 36
50 29
51 29
52 39
53 36
54 25
55 25
56 33
57 26
58 38
59 36
60 27
61 34
62 22
63 33
64 27
65 35
66 29
67 24
68 29
69 29
70 30
71 36
72 37
73 35
74 35
75 30
76 36
77 35
78 31
79 34
80 34
81 27
82 25
83 26
84 27
85 29
86 38
87 30
88 23
89 29
90 23
91 27
92 37
93 29
94 26
95 28
96 32
97 32
98 35
99 35
100 33
101 39
102 27
103 23
104 28
105 31
106 29
107 31
108 31
109 22
110 32
111 33
112 30
113 24
114 37
115 21
116 28
117 30
118 22
119 33
120 33
121 26
122 24
123 37
124 27
125 30
126 24
127 34
128 25
129 29
130 33
131 30
132 29
133 29
134 29
135 35
136 28
137 30
138 29
139 29
140 25
141 39
142 34
143 25
144 27
145 28
146 26
147 32
148 31
149 34
150 27
151 32
152 27
153 34
154 36
155 28
156 28
157 25
158 31
159 30
160 33
161 30
162 23
163 30
164 30
165 34
166 33
167 36
168 40
169 34
170 35
171 35
172 35
173 30
174 35
175 28
176 29
177 29
178 29
179 30
180 22
181 37
182 39
183 25
184 35
185 32
186 34
187 25
188 23
189 27
190 31
191 28
192 31
193 32
194 26
195 28
196 36
197 36
198 28
199 30
200 36
201 33
202 33
203 29
204 34
205 35
206 35
207 22
208 34
209 25
210 30
211 27
212 29
213 36
214 31
215 36
216 32
217 22
218 34
219 35
220 23
221 25
222 25
223 31
224 37
225 36
226 41
227 35
228 19
229 31
230 31
231 27
232 30
233 30
234 28
235 27
236 34
237 35
238 30
239 23
240 30
241 30
242 35
243 28
244 31
245 26
246 42
247 28
248 30
249 37
250 34
251 37
252 29
253 37
254 29
255 39
256 32
257 27
258 29
259 32
260 30
261 28
262 38
263 23
264 40
265 36
266 41
267 29
268 26
269 23
270 34
271 32
272 31
273 31
274 36
275 30
276 35
277 32
278 32
279 29
280 32
281 32
282 30
283 26
284 28
285 26
286 25
287 34
288 35
289 39
290 28
291 35
292 34
293 34
294 33
295 37
296 32
297 21
298 26
299 32
300 37
301 31
302 30
303 26
304 34
305 29
306 32
307 38
308 39
309 33
310 29
311 24
312 27
313 36
314 26
315 30
316 32
317 33
318 32
319 31
320 27
321 28
322 29
323 30
324 38
325 35
326 31
327 27
328 23
329 28
330 35
331 36
332 39
333 35
334 31
335 24
336 23
337 30
338 31
339 37
340 30
341 24
342 26
343 38
344 31
345 30
346 29
347 21
348 29
349 32
350 31
351 33
352 34
353 36
354 39
355 34
356 27
357 27
358 25
359 28
360 31
361 26
362 24
363 38
364 27
365 30
366 31
367 34
368 40
369 31
370 38
371 22
372 26
373 23
374 33
375 29
376 24
377 37
378 37
379 24
380 34
381 35
382 31
383 42
384 32
385 42
386 33
387 29
388 23
389 27
390 26
391 32
392 28
393 33
394 36
395 42
396 31
397 24
398 40
399 33
400 19
401 36
402 38
403 30
404 34
405 29
406 35
407 27
408 34
409 28
410 28
411 29
412 33
413 39
414 30
415 28
416 35
417 32
418 36
419 30
420 28
421 32
422 28
423 41
424 25
425 35
426 36
427 35
428 33
429 34
430 31
431 27
432 29
433 25
434 32
435 29
436 30
437 35
438 31
439 29
440 31
441 28
442 36
443 29
444 30
445 34
446 26
447 26
448 25
449 29
450 28
451 33
452 33
453 29
454 30
455 48
456 37
457 30
458 34
459 34
460 29
461 31
462 25
463 29
464 21
465 33
466 26
467 28
468 34
469 33
470 34
471 19
472 24
473 39
474 33
475 27
476 31
477 29
478 30
479 41
480 32
481 32
482 21
483 37
484 24
485 30
486 29
487 24
488 38
489 36
490 29
491 34
492 36
493 38
494 39
495 34
496 20
497 32
498 33
499 39
500 30
501 35
502 28
503 27
504 36
505 29
506 38
507 34
508 27
509 34
510 36
511 25
512 34
513 38
514 24
515 28
516 32
517 35
518 31
519 32
520 33
521 29
522 27
523 30
524 26
525 29
526 29
527 37
528 34
529 33
530 42
531 29
532 29
533 34
534 30
535 30
536 39
537 24
538 37
539 36
540 36
541 34
542 32
543 29
544 31
545 30
546 36
547 31
548 30
549 23
550 28
551 31
552 39
553 39
554 27
555 31
556 30
557 24
558 27
559 30
560 29
561 37
562 24
563 28
564 35
565 32
566 27
567 39
568 34
569 30
570 31
571 36
572 30
573 31
574 34
575 43
576 36
577 27
578 34
579 36
580 31
581 27
582 35
583 21
584 34
585 29
586 28
587 28
588 30
589 34
590 25
591 31
592 38
593 30
594 37
595 23
596 34
597 36
598 29
599 34
600 28
601 27
602 29
603 34
604 38
605 25
606 20
607 30
608 24
609 41
610 34
611 28
612 27
613 25
614 27
615 27
616 22
617 28
618 45
619 32
620 39
621 28
622 31
623 29
624 35
625 28
626 36
627 31
628 22
629 29
630 41
631 26
632 34
633 39
634 32
635 38
636 25
637 26
638 36
639 35
640 28
641 37
642 30
643 33
644 32
645 22
646 38
647 27
648 29
649 40
650 34
651 32
652 25
653 28
654 26
655 34
656 25
657 36
658 31
659 36
660 30
661 24
662 24
663 31
664 32
665 24
666 33
667 35
668 34
669 29
670 37
671 34
672 35
673 32
674 34
675 28
676 33
677 49
678 27
679 25
680 34
681 28
682 27
683 35
684 27
685 24
686 25
687 25
688 35
689 30
690 35
691 34
692 35
693 27
694 27
695 31
696 36
697 30
698 26
699 26
700 30
701 30
702 35
703 27
704 29
705 35
706 31
707 29
708 30
709 35
710 25
711 36
712 29
713 30
714 38
715 35
716 34
717 29
718 30
719 25
720 25
721 32
722 38
723 31
724 33
725 30
726 31
727 16
728 31
729 38
730 37
731 34
732 36
733 33
734 39
735 29
736 24
737 34
738 31
739 28
740 30
741 35
742 37
743 24
744 23
745 28
746 30
747 29
748 38
749 22
750 29
751 39
752 33
753 30
754 23
755 28
756 27
757 30
758 26
759 32
760 32
761 31
762 35
763 26
764 31
765 24
766 36
767 30
768 39
769 35
770 32
771 33
772 35
773 25
774 31
775 35
776 28
777 33
778 27
779 27
780 35
781 34
782 27
783 31
784 35
785 29
786 37
787 32
788 33
789 30
790 35
791 25
792 33
793 29
794 23
795 36
796 21
797 30
798 30
799 28
800 29
801 30
802 22
803 32
804 38
805 28
806 24
807 26
808 30
809 32
810 30
811 32
812 28
813 30
814 29
815 27
816 30
817 29
818 34
819 25
820 27
821 31
822 36
823 22
824 25
825 23
826 39
827 27
828 36
829 30
830 42
831 38
832 28
833 30
834 44
835 32
836 29
837 28
838 29
839 28
840 28
841 33
842 30
843 30
844 33
845 30
846 37
847 32
848 30
849 30
850 32
851 41
852 31
853 30
854 35
855 32
856 27
857 28
858 23
859 32
860 35
861 28
862 34
863 29
864 27
865 31
866 38
867 31
868 31
869 36
870 34
871 26
872 36
873 22
874 27
875 34
876 44
877 40
878 33
879 36
880 30
881 25
882 28
883 42
884 27
885 30
886 28
887 38
888 33
889 34
890 35
891 29
892 33
893 23
894 33
895 26
896 32
897 33
898 36
899 28
