0 37
1 35
2 26
3 27
4 38
5 33
6 20
7 28
8 35
9 26
10 26
11 30
12 33
13 35
14 28
15 29
16 26
17 18
18 28
19 32
20 25
21 33
22 31
23 36
24 29
25 39
26 35
27 23
28 37
29 24
30 30
31 35
32 28
33 27
34 26
35 36
36 31
37 31
38 35
39 25
40 28
41 28
42 31
43 18
44 40
45 28
46 22
47 32
48 29
49 25
50 34
51 38
52 30
53 41
54 33
55 32
56 27
57 33
58 30
59 29
60 39
61 35
62 32
63 35
64 26
65 29
66 36
67 27
68 28
69 28
70 31
71 28
72 29
73 31
74 34
75 30
76 29
77 28
78 35
79 26
80 20
81 28
82 30
83 37
84 30
85 32
86 28
87 43
88 33
89 30
90 26
91 23
92 32
93 36
94 30
95 42
96 29
97 35
98 25
99 24
100 30
101 27
102 37
103 29
104 29
105 37
106 30
107 28
108 25
109 32
110 31
111 19
112 30
113 22
114 29
115 33
116 25
117 28
118 21
119 26
120 37
121 34
122 37
123 28
124 21
125 21
126 42
127 24
128 27
129 25
130 30
131 27
132 29
133 37
134 26
135 26
136 27
137 31
138 34
139 35
140 39
141 32
142 29
143 27
144 31
145 36
146 37
147 34
148 36
149 34
150 30
151 32
152 30
153 43
154 36
155 33
156 35
157 34
158 37
159 38
160 43
161 37
162 32
163 28
164 35
165 36
166 27
167 29
168 23
169 33
170 24
171 34
172 36
173 29
174 27
175 25
176 33
177 39
178 29
179 28
180 29
181 35
182 33
183 34
184 29
185 28
186 27
187 21
188 32
189 40
190 33
191 27
192 34
193 24
194 36
195 23
196 29
197 27
198 34
199 24
200 28
201 27
202 37
203 32
204 27
205 36
206 28
207 30
208 31
209 25
210 37
211 38
212 37
213 26
214 32
215 33
216 35
217 27
218 32
219 31
220 49
221 26
222 36
223 31
224 29
225 34
226 41
227 23
228 20
229 30
230 35
231 31
232 29
233 25
234 28
235 34
236 34
237 29
238 27
239 37
240 27
241 26
242 32
243 29
244 23
245 29
246 42
247 30
248 23
249 36
250 30
251 27
252 35
253 26
254 35
255 28
256 27
257 29
258 20
259 35
260 31
261 24
262 28
263 27
264 25
265 28
266 14
267 29
268 34
269 31
270 23
271 30
272 33
273 34
274 29
275 32
276 26
277 28
278 28
279 25
280 33
281 42
282 41
283 25
284 23
285 26
286 30
287 31
288 37
289 29
290 27
291 23
292 36
293 45
294 27
295 30
296 33
297 38
298 22
299 28
300 30
301 35
302 21
303 34
304 38
305 29
306 29
307 24
308 26
309 31
310 29
311 36
312 35
313 37
314 41
315 32
316 32
317 34
318 30
319 31
320 28
321 28
322 37
323 31
324 34
325 34
326 23
327 28
328 33
329 27
330 31
331 25
332 28
333 25
334 35
335 29
336 34
337 32
338 25
339 32
340 33
341 31
342 33
343 21
344 36
345 40
346 26
347 29
348 25
349 33
350 33
351 33
352 32
353 33
354 34
355 32
356 32
357 40
358 26
359 23
360 25
361 32
362 40
363 30
364 24
365 32
366 35
367 34
368 27
369 37
370 36
371 38
372 21
373 32
374 39
375 38
376 31
377 21
378 28
379 35
380 38
381 29
382 28
383 26
384 31
385 35
386 25
387 31
388 30
389 27
390 25
391 36
392 31
393 34
394 32
395 38
396 22
397 36
398 28
399 35
400 29
401 38
402 20
403 25
404 22
405 30
406 28
407 33
408 39
409 29
410 30
411 40
412 23
413 28
414 28
415 28
416 31
417 45
418 23
419 31
420 37
421 28
422 33
423 28
424 32
425 32
426 38
427 37
428 29
429 27
430 35
431 34
432 33
433 34
434 31
435 24
436 34
437 30
438 24
439 23
440 37
441 33
442 32
443 31
444 27
445 30
446 34
447 31
448 22
449 29
450 27
451 31
452 24
453 34
454 27
455 30
456 37
457 35
458 34
459 37
460 40
461 38
462 28
463 34
464 20
465 24
466 36
467 36
468 22
469 34
470 35
471 25
472 32
473 33
474 28
475 33
476 22
477 28
478 30
479 36
480 35
481 31
482 21
483 38
484 31
485 31
486 25
487 33
488 24
489 27
490 25
491 41
492 31
493 28
494 40
495 30
496 24
497 35
498 31
499 42
500 22
501 35
502 27
503 20
504 30
505 29
506 28
507 39
508 33
509 33
510 33
511 29
512 34
513 29
514 27
515 29
516 33
517 33
518 29
519 26
520 30
521 32
522 26
523 32
524 38
525 39
526 27
527 29
528 31
529 24
530 34
531 36
532 43
533 35
534 26
535 29
536 27
537 35
538 34
539 35
540 36
541 32
542 31
543 28
544 27
545 30
546 26
547 32
548 30
549 27
550 29
551 31
552 27
553 33
554 34
555 28
556 26
557 22
558 40
559 29
560 43
561 36
562 32
563 29
564 35
565 37
566 30
567 30
568 32
569 37
570 37
571 32
572 27
573 32
574 26
575 27
576 42
577 33
578 24
579 32
580 30
581 37
582 47
583 21
584 33
585 30
586 19
587 27
588 24
589 31
590 30
591 39
592 33
593 27
594 30
595 33
596 25
597 38
598 25
599 36
600 35
601 34
602 34
603 36
604 26
605 27
606 42
607 26
608 33
609 39
610 39
611 27
612 27
613 36
614 25
615 25
616 42
617 30
618 27
619 33
620 36
621 23
622 27
623 35
624 24
625 29
626 35
627 28
628 27
629 23
630 20
631 30
632 31
633 28
634 32
635 36
636 30
637 33
638 18
639 31
640 40
641 33
642 35
643 29
644 33
645 33
646 32
647 32
648 29
649 38
650 30
651 26
652 32
653 34
654 31
655 37
656 29
657 27
658 20
659 30
660 27
661 29
662 32
663 45
664 31
665 29
666 26
667 34
668 25
669 26
670 37
671 34
672 34
673 31
674 26
675 27
676 30
677 29
678 26
679 35
680 33
681 42
682 30
683 32
684 27
685 34
686 33
687 26
688 23
689 25
690 31
691 33
692 36
693 30
694 34
695 32
696 32
697 32
698 21
699 30
700 42
701 26
702 26
703 37
704 33
705 37
706 34
707 33
708 30
709 36
710 42
711 26
712 34
713 32
714 42
715 39
716 31
717 38
718 26
719 39
720 28
721 31
722 34
723 25
724 27
725 29
726 36
727 24
728 27
729 33
730 29
731 31
732 30
733 25
734 29
735 36
736 26
737 29
738 29
739 21
740 32
741 20
742 36
743 37
744 30
745 34
746 20
747 29
748 30
749 27
750 40
751 27
752 26
753 32
754 25
755 26
756 34
757 34
758 29
759 27
760 29
761 29
762 38
763 34
764 25
765 24
766 36
767 33
768 22
769 28
770 33
771 32
772 27
773 34
774 24
775 37
776 42
777 34
778 19
779 32
780 30
781 31
782 40
783 36
784 23
785 31
786 31
787 34
788 44
789 30
790 38
791 33
792 36
793 23
794 34
795 26
796 29
797 34
798 28
799 26
800 32
801 26
802 26
803 32
804 24
805 28
806 36
807 32
808 26
809 31
810 34
811 24
812 35
813 32
814 31
815 31
816 23
817 27
818 34
819 30
820 30
821 32
822 31
823 32
824 31
825 30
826 43
827 36
828 37
829 33
830 32
831 44
832 24
833 36
834 23
835 35
836 37
837 26
838 30
839 28
840 26
841 29
842 37
843 32
844 33
845 36
846 40
847 42
848 43
849 29
850 32
851 28
852 40
853 29
854 35
855 30
856 26
857 41
858 22
859 37
860 30
861 22
862 23
863 34
864 34
865 37
866 26
867 30
868 41
869 37
870 24
871 32
872 43
873 33
874 37
875 34
876 43
877 27
878 37
879 39
880 43
881 39
882 43
883 30
884 37
885 31
886 32
887 28
888 36
889 30
890 26
891 38
892 36
893 31
894 34
895 27
896 29
897 25
898 40
899 25
900 36
901 34
902 38
903 31
904 37
905 38
906 30
907 29
908 33
909 31
910 27
911 39
912 18
913 37
914 39
915 30
916 24
917 30
918 30
919 26
920 27
921 35
922 35
923 26
924 21
925 40
926 22
927 39
928 22
929 36
930 34
931 26
932 34
933 32
934 33
935 50
936 28
937 30
938 35
939 29
940 33
941 34
942 27
943 26
944 38
945 32
946 39
947 31
948 34
949 34
950 22
951 25
952 26
953 35
954 27
955 38
956 32
957 31
958 30
959 36
960 31
961 28
962 28
963 38
964 22
965 43
966 31
967 43
968 36
969 24
970 36
971 24
972 41
973 21
974 27
975 26
976 36
977 35
978 31
979 34
980 35
981 23
982 31
983 33
984 36
985 32
986 21
987 23
988 24
989 38
990 34
991 30
992 35
993 36
994 32
995 25
996 26
997 26
998 32
999 26
