0 31
1 33
2 32
3 29
4 33
5 27
6 33
7 25
8 25
9 25
10 26
11 33
12 35
13 26
14 26
15 35
16 30
17 39
18 28
19 28
20 33
21 33
22 27
23 27
24 30
25 41
26 30
27 37
28 27
29 26
30 32
31 34
32 28
33 29
34 27
35 27
36 25
37 26
38 28
39 23
40 26
41 30
42 35
43 27
44 33
45 26
46 34
47 26
48 25
49 26
50 30
51 34
52 28
53 30
54 27
55 28
56 32
57 33
58 27
59 40
60 29
61 32
62 27
63 29
64 34
65 26
66 31
67 30
68 27
69 31
70 31
71 30
72 28
73 30
74 31
75 28
76 26
77 28
78 33
79 33
80 30
81 24
82 33
83 25
84 33
85 28
86 34
87 23
88 23
89 31
90 28
91 28
92 20
93 28
94 33
95 32
96 22
97 39
98 24
99 28
100 36
101 32
102 33
103 37
104 28
105 33
106 36
107 28
108 31
109 30
110 30
111 33
112 27
113 35
114 32
115 31
116 31
117 30
118 31
119 31
120 30
121 31
122 31
123 28
124 29
125 27
126 26
127 27
128 31
129 24
130 35
131 33
132 29
133 20
134 28
135 27
136 32
137 31
138 32
139 24
140 29
141 29
142 32
143 33
144 26
145 22
146 27
147 26
148 29
149 30
150 28
151 25
152 29
153 28
154 34
155 26
156 32
157 29
158 26
159 28
160 35
161 27
162 31
163 33
164 31
165 26
166 29
167 33
168 32
169 26
170 28
171 27
172 29
173 26
174 32
175 35
176 30
177 32
178 30
179 34
180 27
181 33
182 30
183 32
184 30
185 26
186 30
187 28
188 25
189 21
190 24
191 30
192 32
193 29
194 27
195 34
196 28
197 39
198 35
199 23
200 29
201 33
202 24
203 34
204 23
205 27
206 28
207 23
208 36
209 31
210 23
211 32
212 35
213 31
214 32
215 25
216 34
217 25
218 29
219 30
220 31
221 35
222 29
223 31
224 32
225 33
226 32
227 29
228 30
229 32
230 30
231 28
232 30
233 29
234 30
235 32
236 25
237 30
238 32
239 28
240 28
241 25
242 28
243 23
244 27
245 32
246 31
247 26
248 28
249 32
250 31
251 28
252 27
253 33
254 32
255 25
256 28
257 29
258 26
259 24
260 25
261 37
262 30
263 25
264 30
265 30
266 29
267 27
268 34
269 31
270 31
271 29
272 30
273 25
274 27
275 33
276 39
277 35
278 28
279 37
280 28
281 30
282 21
283 24
284 37
285 32
286 35
287 32
288 32
289 29
290 29
291 29
292 29
293 30
294 28
295 30
296 33
297 30
298 33
299 34
300 33
301 31
302 27
303 30
304 29
305 31
306 35
307 32
308 30
309 31
310 23
311 29
312 33
313 29
314 29
315 26
316 21
317 27
318 30
319 40
320 29
321 25
322 25
323 38
324 33
325 30
326 30
327 25
328 31
329 26
330 32
331 31
332 33
333 21
334 35
335 35
336 26
337 38
338 27
339 26
340 26
341 27
342 26
343 28
344 32
345 28
346 28
347 32
348 38
349 31
350 32
351 29
352 36
353 32
354 32
355 26
356 27
357 28
358 24
359 35
360 33
361 29
362 32
363 29
364 30
365 38
366 26
367 26
368 27
369 34
370 31
371 31
372 34
373 32
374 22
375 28
376 25
377 32
378 33
379 28
380 28
381 24
382 29
383 31
384 32
385 30
386 29
387 29
388 24
389 21
390 38
391 25
392 30
393 28
394 25
395 29
396 30
397 28
398 27
399 35
400 30
401 37
402 28
403 34
404 34
405 31
406 22
407 28
408 29
409 29
410 30
411 29
412 23
413 31
414 30
415 33
416 26
417 29
418 34
419 32
420 31
421 31
422 31
423 28
424 30
425 32
426 31
427 29
428 31
429 29
430 28
431 26
432 37
433 25
434 30
435 31
436 29
437 31
438 28
439 25
440 25
441 31
442 34
443 34
444 35
445 37
446 30
447 33
448 27
449 33
450 31
451 32
452 30
453 29
454 37
455 30
456 24
457 30
458 35
459 31
460 22
461 31
462 31
463 29
464 22
465 29
466 30
467 20
468 30
469 28
470 33
471 31
472 25
473 25
474 30
475 29
476 31
477 28
478 33
479 27
480 26
481 29
482 27
483 33
484 22
485 34
486 21
487 32
488 31
489 29
490 31
491 32
492 26
493 24
494 34
495 30
496 30
497 25
498 29
499 37
500 27
501 26
502 33
503 29
504 36
505 35
506 34
507 27
508 29
509 19
510 38
511 29
512 29
513 25
514 19
515 26
516 30
517 30
518 27
519 29
520 35
521 25
522 31
523 23
524 29
525 31
526 29
527 31
528 31
529 35
530 28
531 30
532 27
533 30
534 27
535 28
536 30
537 30
538 22
539 27
540 25
541 27
542 30
543 35
544 30
545 29
546 31
547 31
548 34
549 32
550 26
551 28
552 34
553 31
554 24
555 26
556 24
557 25
558 33
559 30
560 29
561 28
562 32
563 27
564 25
565 34
566 31
567 28
568 30
569 22
570 34
571 33
572 29
573 30
574 31
575 31
576 26
577 31
578 26
579 28
580 28
581 28
582 30
583 33
584 32
585 30
586 32
587 30
588 26
589 32
590 31
591 30
592 27
593 34
594 29
595 31
596 32
597 29
598 31
599 28
