0 26
1 31
2 31
3 30
4 25
5 23
6 28
7 22
8 19
9 27
10 28
11 31
12 24
13 27
14 26
15 25
16 31
17 28
18 29
19 21
20 26
21 23
22 28
23 31
24 29
25 23
26 28
27 32
28 28
29 25
30 30
31 30
32 31
33 17
34 24
35 23
36 25
37 32
38 33
39 34
40 28
41 21
42 30
43 35
44 27
45 21
46 20
47 24
48 23
49 25
50 29
51 27
52 26
53 29
54 28
55 14
56 25
57 27
58 33
59 21
60 23
61 26
62 24
63 29
64 25
65 24
66 23
67 17
68 28
69 23
70 24
71 34
72 20
73 21
74 27
75 29
76 28
77 19
78 21
79 34
80 20
81 25
82 28
83 22
84 28
85 29
86 23
87 29
88 24
89 27
90 24
91 27
92 24
93 21
94 35
95 19
96 25
97 20
98 21
99 27
100 19
101 24
102 23
103 30
104 23
105 14
106 30
107 23
108 38
109 22
110 19
111 24
112 31
113 22
114 22
115 29
116 37
117 30
118 23
119 26
120 25
121 21
122 15
123 20
124 18
125 37
126 28
127 32
128 34
129 36
130 31
131 24
132 28
133 20
134 25
135 31
136 18
137 44
138 28
139 27
140 28
141 27
142 29
143 28
144 29
145 32
146 28
147 24
148 26
149 24
150 28
151 30
152 29
153 28
154 21
155 24
156 31
157 38
158 22
159 22
160 22
161 21
162 22
163 25
164 22
165 28
166 23
167 27
168 27
169 34
170 26
171 37
172 41
173 25
174 33
175 21
176 29
177 25
178 23
179 25
180 21
181 16
182 25
183 17
184 26
185 30
186 20
187 21
188 20
189 25
190 30
191 27
192 24
193 30
194 34
195 28
196 26
197 24
198 28
199 24
200 29
201 20
202 22
203 32
204 29
205 23
206 31
207 32
208 26
209 26
210 25
211 21
212 26
213 26
214 21
215 25
216 20
217 25
218 21
219 26
220 20
221 26
222 22
223 30
224 26
225 31
226 35
227 34
228 26
229 25
230 30
231 16
232 32
233 22
234 35
235 29
236 29
237 34
238 16
239 33
240 17
241 23
242 24
243 24
244 25
245 20
246 26
247 28
248 24
249 26
250 25
251 30
252 26
253 24
254 31
255 26
256 30
257 30
258 24
259 27
260 30
261 29
262 20
263 25
264 26
265 28
266 33
267 29
268 24
269 27
270 35
271 29
272 22
273 31
274 28
275 31
276 28
277 20
278 31
279 28
280 21
281 25
282 29
283 28
284 25
285 32
286 31
287 24
288 32
289 29
290 24
291 29
292 26
293 35
294 26
295 29
296 21
297 22
298 22
299 25
300 16
301 25
302 22
303 37
304 27
305 29
306 18
307 34
308 29
309 34
310 31
311 30
312 26
313 25
314 25
315 26
316 22
317 22
318 36
319 27
320 26
321 35
322 32
323 23
324 31
325 30
326 25
327 19
328 30
329 30
330 24
331 21
332 30
333 29
334 26
335 20
336 25
337 24
338 23
339 22
340 29
341 29
342 32
343 28
344 32
345 23
346 27
347 24
348 29
349 20
350 26
351 36
352 26
353 28
354 31
355 19
356 31
357 33
358 21
359 37
360 25
361 23
362 30
363 29
364 25
365 34
366 23
367 24
368 17
369 28
370 30
371 27
372 29
373 22
374 19
375 25
376 38
377 25
378 32
379 33
380 32
381 19
382 27
383 27
384 25
385 25
386 27
387 22
388 31
389 34
390 31
391 37
392 25
393 30
394 36
395 26
396 26
397 34
398 30
399 38
400 31
401 26
402 31
403 26
404 28
405 30
406 26
407 24
408 17
409 27
410 29
411 26
412 31
413 19
414 33
415 35
416 28
417 33
418 33
419 29
420 16
421 27
422 27
423 24
424 30
425 31
426 23
427 25
428 25
429 27
430 31
431 32
432 19
433 26
434 28
435 23
436 26
437 20
438 25
439 29
440 27
441 24
442 26
443 29
444 24
445 20
446 26
447 31
448 31
449 34
450 23
451 27
452 29
453 25
454 46
455 33
456 27
457 24
458 19
459 23
460 32
461 24
462 29
463 25
464 27
465 20
466 32
467 27
468 36
469 23
470 27
471 29
472 36
473 21
474 25
475 24
476 26
477 31
478 22
479 39
480 31
481 31
482 30
483 26
484 27
485 29
486 39
487 27
488 24
489 21
490 27
491 28
492 29
493 24
494 28
495 19
496 27
497 22
498 29
499 26
500 23
501 33
502 24
503 30
504 26
505 26
506 25
507 28
508 29
509 31
510 24
511 24
512 32
513 31
514 26
515 23
516 36
517 21
518 24
519 19
520 31
521 31
522 28
523 24
524 33
525 31
526 27
527 28
528 21
529 27
530 29
531 33
532 21
533 30
534 39
535 30
536 29
537 27
538 32
539 25
540 25
541 28
542 32
543 31
544 29
545 29
546 18
547 23
548 24
549 28
550 27
551 28
552 28
553 17
554 23
555 30
556 20
557 33
558 30
559 31
560 24
561 31
562 31
563 24
564 22
565 23
566 23
567 15
568 32
569 17
570 28
571 25
572 31
573 32
574 31
575 24
576 26
577 28
578 29
579 29
580 41
581 26
582 20
583 25
584 30
585 29
586 25
587 36
588 24
589 29
590 33
591 24
592 27
593 32
594 28
595 29
596 42
597 32
598 30
599 31
600 38
601 27
602 31
603 28
604 27
605 35
606 22
607 32
608 29
609 18
610 42
611 39
612 27
613 23
614 33
615 28
616 30
617 26
618 27
619 31
620 28
621 32
622 27
623 32
624 24
625 29
626 16
627 26
628 28
629 32
630 23
631 32
632 26
633 31
634 22
635 28
636 31
637 21
638 28
639 30
640 34
641 23
642 34
643 22
644 26
645 29
646 31
647 37
648 21
649 29
650 24
651 35
652 20
653 28
654 28
655 29
656 27
657 26
658 26
659 22
660 30
661 25
662 36
663 26
664 25
665 25
666 31
667 22
668 33
669 25
670 26
671 26
672 26
673 21
674 29
675 32
676 23
677 30
678 22
679 22
680 25
681 38
682 33
683 31
684 25
685 32
686 25
687 26
688 20
689 30
690 31
691 32
692 31
693 25
694 21
695 23
696 31
697 25
698 33
699 19
