0 123
1 105
2 108
3 125
4 111
5 135
6 149
7 120
8 138
9 118
10 173
11 77
12 122
13 78
14 108
15 124
16 59
17 73
18 97
19 98
20 53
21 55
22 82
23 59
24 96
25 61
26 47
27 57
28 74
29 54
30 41
31 45
32 61
33 54
34 73
35 65
36 89
37 46
38 44
39 54
40 19
41 61
42 42
43 62
44 33
45 37
46 34
47 33
48 34
49 67
50 37
51 39
52 34
53 37
54 64
55 38
56 29
57 56
58 43
59 42
60 42
61 42
62 26
63 57
64 35
65 46
66 50
67 20
68 39
69 50
70 52
71 48
72 31
73 34
74 35
75 39
76 50
77 35
78 43
79 36
80 26
81 36
82 21
83 57
84 16
85 22
86 30
87 40
88 45
89 44
90 35
91 34
92 29
93 22
94 35
95 57
96 34
97 28
98 39
99 18
100 23
101 44
102 30
103 34
104 28
105 31
106 27
107 27
108 27
109 38
110 37
111 29
112 27
113 40
114 38
115 30
116 37
117 21
118 24
119 35
120 29
121 27
122 30
123 23
124 31
125 24
126 27
127 17
128 35
129 31
130 25
131 26
132 23
133 33
134 24
135 18
136 25
137 28
138 34
139 19
140 28
141 22
142 15
143 31
144 14
145 24
146 34
147 30
148 20
149 22
150 16
151 35
152 17
153 30
154 37
155 23
156 26
157 18
158 30
159 27
160 31
161 23
162 26
163 24
164 35
165 25
166 18
167 21
168 28
169 34
170 20
171 28
172 18
173 28
174 22
175 25
176 25
177 22
178 30
179 21
180 26
181 19
182 33
183 16
184 23
185 16
186 21
187 13
188 19
189 15
190 26
191 14
192 16
193 20
194 19
195 35
196 20
197 19
198 17
199 19
200 22
201 17
202 12
203 30
204 29
205 18
206 23
207 19
208 17
209 14
210 22
211 18
212 16
213 26
214 19
215 31
216 30
217 15
218 24
219 18
220 23
221 18
222 16
223 31
224 16
225 21
226 20
227 16
228 24
229 20
230 14
231 14
232 16
233 17
234 13
235 22
236 15
237 22
238 22
239 18
240 29
241 28
242 13
243 16
244 17
245 20
246 17
247 25
248 22
249 25
250 19
251 14
252 15
253 19
254 16
255 14
256 23
257 16
258 21
259 16
260 17
261 15
262 18
263 16
264 22
265 25
266 15
267 14
268 13
269 20
270 24
271 19
272 25
273 14
274 14
275 12
276 20
277 22
278 25
279 16
280 19
281 12
282 18
283 19
284 19
285 15
286 22
287 24
288 17
289 26
290 17
291 17
292 14
293 14
294 22
295 19
296 17
297 20
298 14
299 20
300 18
301 14
302 13
303 17
304 13
305 19
306 16
307 13
308 26
309 10
310 18
311 15
312 12
313 13
314 21
315 22
316 12
317 13
318 16
319 26
320 17
321 15
322 13
323 13
324 12
325 20
326 23
327 13
328 13
329 15
330 12
331 14
332 14
333 23
334 17
335 15
336 18
337 18
338 15
339 19
340 19
341 13
342 16
343 18
344 21
345 17
346 20
347 13
348 13
349 12
350 19
351 14
352 16
353 14
354 16
355 18
356 17
357 13
358 14
359 18
360 14
361 20
362 12
363 19
364 20
365 13
366 14
367 12
368 15
369 11
370 17
371 19
372 23
373 19
374 12
375 18
376 17
377 13
378 17
379 18
380 22
381 19
382 13
383 23
384 11
385 19
386 11
387 12
388 15
389 14
390 14
391 15
392 21
393 17
394 19
395 15
396 18
397 13
398 16
399 9
400 14
401 17
402 15
403 12
404 25
405 16
406 14
407 16
408 16
409 13
410 17
411 12
412 14
413 17
414 15
415 14
416 17
417 13
418 18
419 17
420 10
421 15
422 15
423 14
424 15
425 16
426 15
427 17
428 12
429 13
430 13
431 17
432 16
433 11
434 14
435 17
436 11
437 19
438 18
439 14
440 18
441 15
442 22
443 13
444 18
445 12
446 11
447 17
448 15
449 18
450 14
451 14
452 10
453 17
454 15
455 16
456 13
457 10
458 14
459 15
460 22
461 14
462 14
463 13
464 11
465 10
466 17
467 14
468 11
469 11
470 15
471 11
472 15
473 11
474 11
475 19
476 15
477 17
478 12
479 11
480 9
481 15
482 16
483 12
484 17
485 13
486 12
487 18
488 10
489 10
490 10
491 12
492 11
493 23
494 11
495 14
496 14
497 15
498 11
499 14
500 13
501 10
502 12
503 12
504 12
505 11
506 15
507 10
508 15
509 12
510 13
511 11
512 9
513 17
514 12
515 15
516 14
517 12
518 15
519 10
520 13
521 13
522 13
523 10
524 14
525 13
526 14
527 17
528 15
529 18
530 10
531 15
532 12
533 13
534 16
535 11
536 15
537 15
538 10
539 13
540 11
541 15
542 11
543 15
544 12
545 13
546 13
547 14
548 11
549 9
550 11
551 13
552 12
553 12
554 13
555 11
556 14
557 13
558 14
559 11
560 13
561 20
562 15
563 9
564 11
565 15
566 16
567 11
568 9
569 11
570 12
571 11
572 14
573 9
574 9
575 11
576 14
577 11
578 11
579 9
580 11
581 13
582 13
583 19
584 15
585 16
586 13
587 12
588 13
589 12
590 17
591 12
592 12
593 15
594 12
595 12
596 10
597 12
598 11
599 11
600 11
601 12
602 11
603 11
604 14
605 15
606 14
607 15
608 10
609 12
610 11
611 14
612 13
613 12
614 9
615 13
616 11
617 12
618 11
619 10
620 13
621 12
622 14
623 10
624 11
625 11
626 15
627 14
628 13
629 11
630 10
631 12
632 17
633 10
634 9
635 14
636 15
637 15
638 13
639 11
640 11
641 13
642 10
643 10
644 12
645 9
646 12
647 11
648 13
649 12
650 10
651 13
652 12
653 12
654 13
655 13
656 17
657 12
658 10
659 10
660 10
661 11
662 14
663 14
664 13
665 12
666 10
667 11
668 10
669 12
670 12
671 10
672 11
673 10
674 13
675 9
676 11
677 10
678 12
679 11
680 13
681 9
682 11
683 11
684 14
685 12
686 9
687 11
688 10
689 11
690 10
691 10
692 13
693 10
694 13
695 10
696 9
697 12
698 12
699 10
700 9
701 9
702 10
703 12
704 11
705 10
706 9
707 11
708 11
709 12
710 12
711 13
712 11
713 9
714 13
715 12
716 11
717 11
718 10
719 11
720 9
721 10
722 12
723 11
724 11
725 9
726 12
727 12
728 9
729 15
730 11
731 10
732 11
733 10
734 10
735 10
736 10
737 10
738 10
739 10
740 11
741 10
742 11
743 9
744 13
745 12
746 14
747 9
748 9
749 10
750 11
751 10
752 9
753 10
754 13
755 10
756 11
757 9
758 11
759 9
760 9
761 12
762 9
763 9
764 12
765 10
766 9
767 9
768 10
769 13
770 10
771 11
772 12
773 11
774 12
775 10
776 11
777 11
778 13
779 11
780 11
781 10
782 11
783 11
784 10
785 11
786 11
787 9
788 9
789 9
790 10
791 10
792 8
793 9
794 12
795 10
796 10
797 10
798 11
799 9
800 11
801 12
802 9
803 10
804 9
805 11
806 11
807 12
808 10
809 11
810 12
811 12
812 13
813 11
814 10
815 9
816 9
817 9
818 9
819 9
820 9
821 10
822 9
823 9
824 10
825 10
826 10
827 10
828 9
829 12
830 14
831 9
832 10
833 9
834 11
835 9
836 10
837 10
838 9
839 10
840 10
841 12
842 11
843 10
844 9
845 9
846 9
847 12
848 10
849 9
850 11
851 9
852 10
853 12
854 9
855 9
856 11
857 12
858 10
859 10
860 9
861 11
862 11
863 10
864 11
865 10
866 9
867 9
868 10
869 10
870 10
871 9
872 9
873 9
874 9
875 13
876 11
877 9
878 11
879 10
880 9
881 9
882 10
883 10
884 9
885 10
886 9
887 10
888 9
889 9
890 9
891 9
892 9
893 9
894 11
895 9
896 9
897 9
898 10
899 9
900 11
901 9
902 9
903 9
904 9
905 10
906 9
907 9
908 11
909 11
910 9
911 9
912 9
913 10
914 10
915 9
916 10
917 9
918 9
919 10
920 9
921 12
922 11
923 10
924 9
925 10
926 9
927 10
928 9
929 9
930 10
931 9
932 10
933 10
934 10
935 9
936 9
937 10
938 9
939 9
940 9
941 9
942 9
943 10
944 9
945 9
946 9
947 9
948 9
949 10
950 9
951 10
952 9
953 9
954 10
955 9
956 9
957 10
958 9
959 9
960 10
961 10
962 9
963 9
964 9
965 10
966 9
967 9
968 9
969 10
970 9
971 9
972 9
973 9
974 9
975 9
976 9
977 9
978 9
979 9
980 10
981 9
982 9
983 9
984 9
985 9
986 9
987 9
988 9
989 9
990 9
991 9
992 9
993 9
994 9
995 9
996 10
997 9
998 9
999 9
