0 148
1 127
2 133
3 145
4 152
5 136
6 165
7 96
8 124
9 90
10 117
11 138
12 115
13 98
14 94
15 117
16 111
17 141
18 98
19 84
20 87
21 79
22 89
23 88
24 51
25 98
26 71
27 97
28 76
29 74
30 70
31 69
32 41
33 55
34 72
35 44
36 105
37 50
38 42
39 68
40 44
41 60
42 43
43 59
44 29
45 91
46 40
47 50
48 63
49 47
50 75
51 33
52 77
53 37
54 52
55 42
56 44
57 58
58 71
59 59
60 44
61 51
62 33
63 37
64 43
65 51
66 25
67 36
68 41
69 50
70 53
71 34
72 45
73 44
74 44
75 59
76 39
77 24
78 49
79 47
80 41
81 37
82 27
83 45
84 47
85 29
86 48
87 56
88 43
89 32
90 51
91 40
92 36
93 36
94 34
95 41
96 40
97 34
98 46
99 32
100 31
101 33
102 37
103 44
104 36
105 30
106 44
107 27
108 30
109 18
110 28
111 37
112 27
113 34
114 40
115 36
116 24
117 16
118 35
119 23
120 35
121 32
122 32
123 26
124 24
125 43
126 31
127 21
128 27
129 35
130 24
131 20
132 37
133 26
134 25
135 20
136 35
137 36
138 18
139 26
140 21
141 20
142 31
143 25
144 27
145 32
146 31
147 22
148 23
149 20
150 35
151 28
152 24
153 29
154 52
155 28
156 28
157 29
158 29
159 30
160 26
161 46
162 20
163 22
164 20
165 30
166 27
167 14
168 43
169 29
170 20
171 28
172 29
173 37
174 34
175 31
176 26
177 36
178 31
179 37
180 24
181 21
182 27
183 31
184 17
185 27
186 36
187 27
188 17
189 29
190 20
191 22
192 22
193 27
194 26
195 28
196 24
197 19
198 24
199 24
200 22
201 22
202 21
203 29
204 27
205 25
206 17
207 18
208 22
209 18
210 19
211 21
212 17
213 23
214 17
215 32
216 22
217 27
218 23
219 20
220 40
221 20
222 18
223 17
224 25
225 23
226 16
227 24
228 23
229 23
230 26
231 19
232 29
233 14
234 22
235 30
236 24
237 17
238 27
239 30
240 25
241 21
242 23
243 19
244 27
245 15
246 20
247 18
248 27
249 19
250 20
251 20
252 24
253 13
254 19
255 25
256 23
257 17
258 25
259 18
260 20
261 23
262 19
263 19
264 19
265 16
266 21
267 29
268 19
269 21
270 15
271 25
272 26
273 12
274 17
275 25
276 27
277 13
278 18
279 17
280 20
281 22
282 25
283 16
284 16
285 18
286 15
287 22
288 21
289 33
290 21
291 14
292 18
293 19
294 16
295 19
296 23
297 20
298 20
299 22
300 27
301 16
302 26
303 20
304 30
305 27
306 23
307 15
308 15
309 17
310 17
311 18
312 13
313 16
314 13
315 19
316 22
317 15
318 20
319 14
320 24
321 21
322 27
323 23
324 17
325 18
326 20
327 16
328 20
329 23
330 23
331 22
332 14
333 11
334 26
335 23
336 18
337 20
338 14
339 23
340 19
341 22
342 15
343 16
344 30
345 23
346 17
347 19
348 12
349 23
350 15
351 19
352 15
353 25
354 27
355 21
356 18
357 20
358 20
359 24
360 20
361 26
362 22
363 16
364 15
365 22
366 21
367 21
368 20
369 19
370 18
371 16
372 16
373 13
374 20
375 13
376 14
377 12
378 18
379 15
380 18
381 13
382 14
383 14
384 21
385 14
386 22
387 15
388 16
389 12
390 18
391 20
392 17
393 17
394 22
395 19
396 20
397 19
398 17
399 26
400 15
401 18
402 20
403 19
404 16
405 19
406 15
407 21
408 17
409 13
410 16
411 18
412 13
413 16
414 15
415 15
416 13
417 15
418 21
419 16
420 15
421 13
422 13
423 17
424 17
425 18
426 18
427 20
428 21
429 20
430 12
431 15
432 16
433 14
434 15
435 14
436 16
437 12
438 18
439 12
440 13
441 14
442 20
443 15
444 18
445 17
446 14
447 17
448 12
449 11
450 15
451 18
452 14
453 13
454 18
455 17
456 16
457 19
458 16
459 23
460 19
461 14
462 15
463 13
464 21
465 12
466 15
467 16
468 15
469 13
470 13
471 13
472 13
473 15
474 13
475 19
476 21
477 13
478 19
479 26
480 18
481 17
482 13
483 13
484 17
485 18
486 15
487 13
488 18
489 13
490 12
491 18
492 18
493 14
494 12
495 14
496 22
497 14
498 18
499 13
500 14
501 16
502 16
503 13
504 15
505 14
506 16
507 16
508 21
509 15
510 14
511 13
512 15
513 14
514 19
515 21
516 16
517 12
518 11
519 14
520 12
521 16
522 14
523 14
524 13
525 13
526 13
527 13
528 17
529 23
530 14
531 13
532 17
533 13
534 15
535 12
536 14
537 16
538 14
539 14
540 11
541 17
542 13
543 17
544 14
545 14
546 13
547 14
548 17
549 12
550 16
551 14
552 14
553 12
554 13
555 22
556 19
557 14
558 13
559 12
560 13
561 14
562 18
563 15
564 12
565 16
566 13
567 13
568 13
569 12
570 17
571 11
572 14
573 18
574 14
575 12
576 17
577 16
578 16
579 14
580 15
581 12
582 13
583 13
584 16
585 18
586 13
587 13
588 13
589 13
590 14
591 12
592 13
593 14
594 17
595 15
596 13
597 15
598 13
599 12
600 16
601 14
602 14
603 12
604 16
605 12
606 14
607 12
608 12
609 13
610 12
611 12
612 15
613 15
614 15
615 13
616 12
617 13
618 17
619 13
620 14
621 13
622 12
623 16
624 14
625 13
626 16
627 11
628 13
629 14
630 13
631 12
632 13
633 13
634 12
635 13
636 13
637 14
638 16
639 13
640 13
641 12
642 15
643 13
644 12
645 12
646 15
647 16
648 14
649 11
650 14
651 13
652 14
653 13
654 12
655 14
656 13
657 11
658 14
659 13
660 12
661 11
662 14
663 12
664 11
665 13
666 13
667 13
668 15
669 16
670 12
671 12
672 12
673 13
674 13
675 13
676 12
677 13
678 14
679 13
680 13
681 15
682 12
683 12
684 11
685 14
686 13
687 13
688 15
689 13
690 15
691 11
692 12
693 11
694 13
695 13
696 12
697 16
698 14
699 16
700 12
701 12
702 16
703 13
704 12
705 13
706 11
707 11
708 11
709 14
710 13
711 12
712 13
713 12
714 12
715 12
716 12
717 12
718 11
719 13
720 12
721 11
722 14
723 13
724 11
725 15
726 11
727 13
728 13
729 12
730 12
731 15
732 14
733 11
734 13
735 12
736 12
737 13
738 13
739 12
740 11
741 11
742 13
743 12
744 12
745 11
746 12
747 12
748 12
749 14
750 12
751 12
752 11
753 12
754 14
755 14
756 11
757 11
758 14
759 11
760 13
761 11
762 11
763 11
764 16
765 15
766 11
767 11
768 11
769 11
770 12
771 12
772 13
773 12
774 13
775 11
776 11
777 11
778 13
779 12
780 11
781 12
782 11
783 12
784 12
785 13
786 12
787 12
788 11
789 11
790 11
791 12
792 12
793 11
794 11
795 12
796 11
797 14
798 11
799 12
800 11
801 13
802 12
803 11
804 13
805 12
806 14
807 13
808 12
809 11
810 13
811 12
812 12
813 11
814 11
815 11
816 14
817 11
818 11
819 13
820 12
821 13
822 11
823 12
824 12
825 12
826 12
827 11
828 11
829 12
830 11
831 11
832 11
833 11
834 11
835 12
836 11
837 11
838 11
839 11
840 10
841 11
842 11
843 11
844 13
845 12
846 11
847 11
848 12
849 11
850 12
851 11
852 12
853 12
854 11
855 12
856 12
857 11
858 12
859 11
860 12
861 12
862 11
863 12
864 11
865 12
866 11
867 12
868 11
869 11
870 11
871 11
872 11
873 11
874 11
875 11
876 11
877 12
878 11
879 11
880 11
881 11
882 11
883 11
884 12
885 11
886 11
887 11
888 11
889 11
890 11
891 10
892 11
893 11
894 11
895 11
896 11
897 11
898 11
899 10
