0 39
1 36
2 25
3 34
4 35
5 32
6 33
7 33
8 29
9 40
10 37
11 32
12 36
13 29
14 33
15 34
16 32
17 35
18 31
19 33
20 38
21 26
22 36
23 35
24 35
25 32
26 37
27 38
28 35
29 33
30 36
31 36
32 34
33 33
34 40
35 38
36 30
37 36
38 33
39 33
40 36
41 34
42 27
43 41
44 32
45 38
46 33
47 29
48 28
49 29
50 33
51 29
52 34
53 35
54 24
55 27
56 35
57 32
58 31
59 30
60 39
61 35
62 35
63 31
64 37
65 40
66 32
67 29
68 38
69 30
70 34
71 30
72 39
73 41
74 27
75 42
76 34
77 35
78 36
79 27
80 34
81 33
82 35
83 23
84 37
85 34
86 34
87 32
88 32
89 32
90 26
91 32
92 37
93 36
94 33
95 28
96 32
97 41
98 41
99 32
100 32
101 42
102 39
103 39
104 39
105 32
106 36
107 28
108 33
109 39
110 34
111 28
112 33
113 32
114 32
115 34
116 32
117 43
118 39
119 31
120 37
121 34
122 38
123 24
124 39
125 34
126 39
127 30
128 32
129 41
130 33
131 31
132 32
133 31
134 38
135 29
136 33
137 32
138 25
139 32
140 39
141 31
142 33
143 30
144 36
145 41
146 30
147 42
148 26
149 27
150 31
151 34
152 37
153 28
154 35
155 41
156 40
157 28
158 33
159 42
160 26
161 26
162 32
163 35
164 42
165 33
166 33
167 32
168 32
169 34
170 29
171 40
172 38
173 36
174 35
175 32
176 37
177 35
178 32
179 30
180 35
181 38
182 33
183 40
184 41
185 37
186 36
187 30
188 39
189 39
190 35
191 32
192 45
193 31
194 29
195 30
196 34
197 35
198 30
199 36
200 42
201 24
202 33
203 35
204 36
205 35
206 31
207 38
208 25
209 29
210 37
211 30
212 35
213 38
214 29
215 30
216 28
217 35
218 28
219 30
220 35
221 37
222 31
223 34
224 37
225 36
226 36
227 36
228 26
229 30
230 32
231 32
232 31
233 39
234 46
235 42
236 32
237 35
238 29
239 37
240 31
241 36
242 29
243 34
244 37
245 38
246 34
247 34
248 34
249 31
250 34
251 32
252 36
253 32
254 32
255 33
256 31
257 42
258 30
259 34
260 34
261 33
262 38
263 35
264 32
265 31
266 36
267 24
268 27
269 36
270 32
271 39
272 31
273 31
274 27
275 34
276 37
277 35
278 31
279 36
280 31
281 33
282 35
283 29
284 41
285 40
286 39
287 37
288 34
289 36
290 36
291 36
292 36
293 34
294 28
295 30
296 28
297 28
298 34
299 24
300 37
301 35
302 32
303 31
304 27
305 31
306 30
307 33
308 34
309 38
310 38
311 37
312 30
313 37
314 34
315 30
316 37
317 31
318 33
319 35
320 31
321 31
322 41
323 35
324 32
325 36
326 31
327 27
328 34
329 35
330 33
331 37
332 34
333 38
334 35
335 34
336 34
337 33
338 33
339 34
340 40
341 36
342 36
343 29
344 32
345 32
346 32
347 40
348 33
349 38
350 37
351 40
352 38
353 30
354 29
355 28
356 45
357 33
358 31
359 38
360 33
361 44
362 33
363 42
364 32
365 38
366 34
367 31
368 29
369 29
370 34
371 34
372 33
373 35
374 31
375 34
376 31
377 38
378 43
379 37
380 28
381 31
382 28
383 33
384 33
385 31
386 34
387 27
388 32
389 40
390 42
391 38
392 38
393 33
394 38
395 33
396 28
397 37
398 31
399 37
400 29
401 33
402 35
403 37
404 33
405 27
406 28
407 34
408 31
409 31
410 41
411 36
412 33
413 29
414 36
415 28
416 31
417 34
418 38
419 31
420 33
421 36
422 27
423 36
424 45
425 31
426 30
427 38
428 29
429 27
430 34
431 32
432 42
433 35
434 32
435 29
436 36
437 33
438 34
439 36
440 40
441 25
442 39
443 33
444 37
445 42
446 30
447 38
448 40
449 36
450 32
451 31
452 29
453 33
454 29
455 33
456 29
457 37
458 32
459 34
460 33
461 32
462 32
463 34
464 41
465 42
466 39
467 38
468 36
469 33
470 31
471 30
472 37
473 31
474 31
475 36
476 34
477 35
478 34
479 30
480 32
481 25
482 30
483 35
484 33
485 46
486 31
487 30
488 32
489 39
490 35
491 34
492 32
493 36
494 36
495 30
496 33
497 31
498 32
499 33
500 36
501 38
502 32
503 36
504 36
505 34
506 38
507 41
508 34
509 30
510 27
511 28
512 32
513 30
514 29
515 40
516 30
517 37
518 38
519 35
520 31
521 34
522 43
523 39
524 25
525 31
526 35
527 31
528 38
529 39
530 31
531 29
532 36
533 32
534 30
535 25
536 36
537 45
538 39
539 32
540 34
541 39
542 35
543 37
544 30
545 33
546 30
547 35
548 39
549 31
550 30
551 39
552 34
553 31
554 25
555 29
556 34
557 30
558 43
559 34
560 35
561 37
562 35
563 35
564 43
565 35
566 33
567 28
568 36
569 26
570 27
571 36
572 30
573 36
574 32
575 27
576 37
577 33
578 26
579 30
580 28
581 25
582 28
583 27
584 32
585 29
586 30
587 24
588 30
589 30
590 34
591 36
592 35
593 39
594 38
595 33
596 36
597 35
598 39
599 37
600 37
601 29
602 36
603 36
604 37
605 38
606 32
607 29
608 37
609 31
610 35
611 33
612 39
613 30
614 39
615 27
616 30
617 25
618 41
619 29
620 34
621 30
622 35
623 31
624 38
625 43
626 36
627 31
628 30
629 32
630 35
631 40
632 34
633 38
634 35
635 36
636 33
637 38
638 33
639 24
640 34
641 35
642 34
643 37
644 36
645 39
646 27
647 30
648 28
649 38
650 29
651 34
652 32
653 34
654 35
655 27
656 37
657 31
658 32
659 33
660 37
661 30
662 38
663 37
664 40
665 33
666 34
667 31
668 35
669 41
670 23
671 42
672 26
673 34
674 40
675 35
676 32
677 28
678 32
679 35
680 24
681 44
682 29
683 32
684 27
685 32
686 35
687 26
688 32
689 34
690 38
691 39
692 28
693 38
694 37
695 32
696 42
697 38
698 32
699 36
700 38
701 33
702 30
703 29
704 33
705 37
706 33
707 39
708 35
709 35
710 30
711 34
712 37
713 40
714 35
715 35
716 28
717 33
718 35
719 29
720 29
721 31
722 28
723 38
724 34
725 35
726 37
727 26
728 37
729 26
730 35
731 37
732 32
733 37
734 30
735 37
736 34
737 29
738 34
739 32
740 42
741 31
742 37
743 38
744 28
745 33
746 33
747 27
748 31
749 33
750 38
751 33
752 40
753 33
754 34
755 34
756 38
757 28
758 33
759 34
760 35
761 37
762 36
763 30
764 33
765 36
766 33
767 27
768 36
769 31
770 29
771 30
772 30
773 38
774 39
775 31
776 29
777 26
778 38
779 31
780 31
781 46
782 28
783 37
784 37
785 30
786 36
787 32
788 44
789 36
790 31
791 29
792 32
793 29
794 36
795 33
796 30
797 29
798 36
799 36
800 35
801 27
802 37
803 28
804 27
805 34
806 31
807 32
808 36
809 37
810 30
811 36
812 32
813 33
814 34
815 30
816 31
817 34
818 32
819 34
820 33
821 38
822 30
823 37
824 33
825 32
826 33
827 34
828 27
829 35
830 31
831 27
832 30
833 23
834 28
835 32
836 39
837 32
838 33
839 35
840 36
841 35
842 31
843 38
844 33
845 37
846 38
847 29
848 34
849 29
850 43
851 39
852 32
853 32
854 30
855 31
856 36
857 37
858 32
859 34
860 31
861 39
862 33
863 40
864 30
865 30
866 34
867 31
868 32
869 31
870 38
871 32
872 32
873 45
874 31
875 39
876 35
877 34
878 26
879 36
880 38
881 34
882 34
883 32
884 35
885 32
886 37
887 30
888 29
889 32
890 37
891 24
892 30
893 30
894 33
895 32
896 33
897 37
898 34
899 25
900 36
901 29
902 31
903 32
904 34
905 29
906 38
907 34
908 28
909 39
910 22
911 27
912 31
913 36
914 34
915 34
916 36
917 41
918 33
919 34
920 36
921 34
922 28
923 33
924 27
925 32
926 33
927 40
928 35
929 30
930 32
931 36
932 35
933 33
934 24
935 33
936 24
937 32
938 30
939 34
940 31
941 31
942 39
943 30
944 36
945 28
946 39
947 32
948 29
949 31
950 37
951 27
952 28
953 36
954 36
955 38
956 37
957 32
958 27
959 34
960 36
961 40
962 32
963 28
964 22
965 32
966 34
967 34
968 35
969 28
970 36
971 37
972 37
973 37
974 31
975 39
976 31
977 33
978 32
979 37
980 40
981 37
982 32
983 42
984 37
985 38
986 38
987 32
988 46
989 38
990 42
991 28
992 29
993 29
994 31
995 22
996 33
997 34
998 40
999 34
