0 28
1 24
2 29
3 25
4 41
5 29
6 27
7 32
8 30
9 34
10 29
11 25
12 25
13 17
14 23
15 28
16 29
17 29
18 28
19 17
20 25
21 28
22 38
23 25
24 23
25 26
26 22
27 26
28 29
29 25
30 22
31 29
32 20
33 29
34 24
35 27
36 26
37 22
38 32
39 38
40 22
41 25
42 35
43 26
44 30
45 31
46 19
47 29
48 30
49 24
50 30
51 20
52 29
53 19
54 26
55 25
56 34
57 29
58 25
59 30
60 23
61 30
62 26
63 27
64 24
65 26
66 23
67 25
68 27
69 28
70 25
71 26
72 34
73 23
74 23
75 25
76 24
77 31
78 30
79 23
80 19
81 28
82 29
83 29
84 36
85 32
86 27
87 24
88 27
89 30
90 31
91 22
92 22
93 32
94 30
95 21
96 26
97 30
98 23
99 21
100 32
101 27
102 26
103 27
104 24
105 22
106 36
107 29
108 21
109 27
110 26
111 28
112 21
113 21
114 30
115 28
116 29
117 23
118 28
119 27
120 32
121 35
122 26
123 32
124 36
125 26
126 25
127 28
128 27
129 27
130 34
131 26
132 27
133 23
134 32
135 24
136 26
137 20
138 26
139 22
140 25
141 28
142 23
143 25
144 25
145 33
146 29
147 28
148 20
149 28
150 25
151 21
152 19
153 25
154 29
155 31
156 32
157 23
158 24
159 37
160 33
161 30
162 20
163 23
164 26
165 24
166 30
167 29
168 35
169 33
170 27
171 35
172 22
173 29
174 19
175 25
176 27
177 24
178 30
179 28
180 32
181 25
182 27
183 29
184 26
185 19
186 32
187 29
188 23
189 23
190 17
191 25
192 24
193 19
194 21
195 30
196 24
197 20
198 28
199 24
200 27
201 26
202 24
203 32
204 32
205 31
206 35
207 22
208 36
209 28
210 26
211 30
212 20
213 35
214 31
215 28
216 25
217 25
218 32
219 24
220 33
221 21
222 31
223 19
224 31
225 26
226 28
227 33
228 21
229 31
230 28
231 26
232 27
233 24
234 32
235 25
236 28
237 26
238 24
239 31
240 33
241 27
242 32
243 26
244 33
245 34
246 21
247 26
248 27
249 27
250 25
251 26
252 31
253 27
254 31
255 24
256 28
257 27
258 22
259 31
260 30
261 30
262 20
263 24
264 32
265 33
266 19
267 30
268 29
269 32
270 25
271 24
272 29
273 26
274 33
275 29
276 27
277 26
278 33
279 23
280 30
281 32
282 26
283 28
284 28
285 19
286 27
287 28
288 34
289 25
290 31
291 22
292 20
293 31
294 29
295 26
296 28
297 28
298 30
299 21
300 21
301 23
302 19
303 17
304 26
305 24
306 37
307 25
308 22
309 23
310 29
311 25
312 25
313 28
314 29
315 25
316 28
317 23
318 23
319 25
320 21
321 29
322 26
323 28
324 20
325 37
326 32
327 17
328 35
329 26
330 27
331 24
332 33
333 30
334 24
335 24
336 22
337 23
338 31
339 28
340 25
341 34
342 31
343 32
344 29
345 20
346 21
347 24
348 28
349 21
350 33
351 24
352 34
353 25
354 28
355 27
356 17
357 14
358 32
359 29
360 26
361 27
362 25
363 31
364 30
365 34
366 29
367 34
368 29
369 23
370 25
371 35
372 31
373 20
374 27
375 22
376 26
377 21
378 29
379 23
380 20
381 24
382 40
383 29
384 29
385 34
386 24
387 40
388 24
389 23
390 21
391 25
392 22
393 18
394 25
395 29
396 28
397 28
398 29
399 24
400 32
401 28
402 25
403 27
404 30
405 25
406 32
407 28
408 30
409 40
410 28
411 25
412 31
413 22
414 33
415 30
416 28
417 25
418 23
419 32
420 33
421 29
422 23
423 22
424 25
425 33
426 23
427 17
428 18
429 21
430 28
431 31
432 21
433 23
434 19
435 24
436 30
437 18
438 32
439 21
440 33
441 18
442 25
443 22
444 26
445 32
446 31
447 29
448 29
449 32
450 37
451 23
452 35
453 28
454 17
455 31
456 28
457 22
458 21
459 25
460 28
461 33
462 35
463 34
464 20
465 30
466 32
467 26
468 27
469 30
470 16
471 29
472 30
473 32
474 27
475 21
476 29
477 27
478 21
479 27
480 27
481 23
482 27
483 25
484 23
485 28
486 32
487 25
488 29
489 27
490 28
491 24
492 29
493 26
494 26
495 21
496 30
497 17
498 23
499 32
500 34
501 35
502 23
503 27
504 38
505 24
506 30
507 32
508 29
509 25
510 26
511 17
512 28
513 19
514 22
515 25
516 35
517 30
518 28
519 38
520 31
521 28
522 30
523 27
524 32
525 22
526 30
527 19
528 26
529 28
530 20
531 24
532 27
533 30
534 30
535 26
536 29
537 34
538 28
539 29
540 28
541 24
542 26
543 35
544 21
545 23
546 32
547 22
548 18
549 40
550 27
551 37
552 29
553 23
554 25
555 27
556 24
557 23
558 34
559 21
560 28
561 27
562 34
563 20
564 28
565 32
566 24
567 21
568 26
569 23
570 28
571 27
572 26
573 23
574 37
575 30
576 27
577 30
578 27
579 26
580 27
581 22
582 27
583 31
584 36
585 25
586 20
587 20
588 32
589 31
590 32
591 25
592 30
593 32
594 20
595 24
596 28
597 33
598 19
599 30
600 29
601 22
602 23
603 27
604 28
605 26
606 33
607 26
608 30
609 27
610 40
611 22
612 22
613 27
614 28
615 26
616 26
617 27
618 32
619 26
620 26
621 21
622 21
623 21
624 34
625 24
626 29
627 30
628 26
629 28
630 20
631 35
632 26
633 21
634 24
635 28
636 27
637 28
638 26
639 23
640 26
641 26
642 22
643 30
644 28
645 25
646 25
647 27
648 23
649 21
650 30
651 27
652 26
653 22
654 32
655 25
656 24
657 26
658 36
659 26
660 29
661 24
662 26
663 29
664 35
665 22
666 27
667 29
668 31
669 28
670 25
671 23
672 22
673 32
674 36
675 23
676 35
677 24
678 28
679 17
680 27
681 33
682 27
683 27
684 27
685 36
686 24
687 30
688 30
689 31
690 27
691 23
692 20
693 25
694 29
695 26
696 24
697 27
698 17
699 25
