0 52
1 39
2 37
3 38
4 49
5 43
6 43
7 56
8 53
9 51
10 49
11 37
12 46
13 50
14 38
15 62
16 50
17 54
18 49
19 52
20 45
21 54
22 44
23 39
24 48
25 48
26 49
27 55
28 52
29 59
30 51
31 43
32 53
33 51
34 45
35 44
36 35
37 51
38 47
39 52
40 51
41 58
42 55
43 52
44 53
45 44
46 49
47 50
48 47
49 54
50 55
51 50
52 42
53 48
54 66
55 44
56 54
57 45
58 51
59 35
60 44
61 47
62 59
63 44
64 49
65 39
66 51
67 51
68 52
69 38
70 47
71 38
72 56
73 53
74 48
75 53
76 59
77 49
78 43
79 43
80 55
81 44
82 48
83 38
84 51
85 49
86 54
87 50
88 48
89 57
90 56
91 49
92 52
93 45
94 42
95 48
96 62
97 40
98 50
99 52
100 51
101 50
102 52
103 48
104 50
105 41
106 35
107 36
108 42
109 52
110 41
111 46
112 60
113 42
114 52
115 43
116 47
117 57
118 41
119 56
120 44
121 41
122 58
123 51
124 56
125 39
126 43
127 50
128 50
129 45
130 47
131 46
132 46
133 57
134 54
135 46
136 53
137 59
138 46
139 38
140 41
141 35
142 49
143 42
144 48
145 40
146 53
147 40
148 65
149 44
150 50
151 43
152 35
153 44
154 54
155 56
156 46
157 50
158 58
159 44
160 54
161 56
162 48
163 55
164 48
165 47
166 46
167 50
168 53
169 56
170 55
171 45
172 43
173 43
174 50
175 46
176 39
177 54
178 47
179 46
180 49
181 46
182 43
183 51
184 47
185 57
186 41
187 63
188 43
189 44
190 49
191 44
192 44
193 62
194 50
195 46
196 45
197 54
198 43
199 42
200 49
201 48
202 47
203 47
204 48
205 47
206 46
207 46
208 62
209 51
210 47
211 47
212 50
213 52
214 37
215 46
216 58
217 63
218 59
219 39
220 45
221 38
222 56
223 46
224 51
225 43
226 35
227 44
228 51
229 37
230 63
231 56
232 47
233 51
234 39
235 46
236 49
237 61
238 48
239 46
240 42
241 51
242 38
243 47
244 49
245 42
246 43
247 55
248 30
249 43
250 47
251 43
252 46
253 62
254 44
255 44
256 47
257 51
258 55
259 37
260 44
261 44
262 56
263 52
264 50
265 43
266 48
267 46
268 61
269 35
270 44
271 43
272 53
273 58
274 46
275 47
276 43
277 51
278 53
279 42
280 35
281 43
282 53
283 63
284 41
285 50
286 53
287 56
288 63
289 46
290 47
291 46
292 39
293 52
294 50
295 49
296 45
297 51
298 48
299 50
300 56
301 51
302 39
303 38
304 45
305 39
306 42
307 52
308 49
309 44
310 40
311 57
312 49
313 54
314 46
315 56
316 47
317 53
318 42
319 50
320 38
321 50
322 48
323 48
324 49
325 42
326 42
327 47
328 60
329 53
330 48
331 36
332 44
333 64
334 49
335 51
336 36
337 57
338 53
339 47
340 49
341 49
342 57
343 41
344 58
345 66
346 60
347 38
348 40
349 44
350 58
351 57
352 51
353 46
354 33
355 52
356 55
357 50
358 53
359 49
360 46
361 58
362 49
363 41
364 51
365 44
366 42
367 52
368 45
369 42
370 50
371 52
372 43
373 35
374 48
375 37
376 51
377 40
378 44
379 56
380 57
381 50
382 51
383 52
384 55
385 49
386 49
387 50
388 42
389 46
390 53
391 49
392 47
393 56
394 59
395 48
396 43
397 47
398 55
399 57
400 46
401 60
402 43
403 48
404 51
405 43
406 56
407 53
408 50
409 57
410 42
411 41
412 47
413 44
414 52
415 50
416 41
417 58
418 45
419 56
420 44
421 45
422 49
423 45
424 47
425 48
426 40
427 45
428 44
429 42
430 54
431 46
432 46
433 48
434 35
435 37
436 56
437 51
438 58
439 48
440 62
441 58
442 46
443 52
444 39
445 49
446 47
447 48
448 45
449 48
450 39
451 58
452 53
453 54
454 41
455 48
456 54
457 59
458 49
459 42
460 33
461 53
462 49
463 49
464 55
465 51
466 39
467 59
468 53
469 61
470 39
471 48
472 63
473 48
474 59
475 50
476 50
477 55
478 50
479 47
480 41
481 56
482 60
483 46
484 49
485 35
486 37
487 56
488 38
489 43
490 42
491 51
492 46
493 61
494 37
495 52
496 40
497 49
498 58
499 48
500 43
501 48
502 47
503 52
504 52
505 48
506 30
507 45
508 54
509 45
510 52
511 47
512 48
513 47
514 55
515 43
516 49
517 55
518 47
519 55
520 50
521 46
522 50
523 45
524 45
525 57
526 53
527 37
528 53
529 45
530 58
531 50
532 55
533 50
534 57
535 43
536 50
537 54
538 47
539 58
540 47
541 49
542 47
543 44
544 45
545 56
546 52
547 37
548 50
549 52
550 41
551 46
552 47
553 45
554 55
555 43
556 49
557 55
558 42
559 47
560 48
561 49
562 53
563 58
564 52
565 51
566 48
567 48
568 50
569 41
570 57
571 47
572 46
573 31
574 58
575 59
576 53
577 52
578 57
579 44
580 43
581 47
582 47
583 42
584 47
585 46
586 36
587 45
588 43
589 50
590 44
591 53
592 51
593 48
594 39
595 39
596 51
597 66
598 58
599 38
600 34
601 37
602 53
603 48
604 50
605 50
606 49
607 44
608 36
609 47
610 46
611 39
612 55
613 38
614 52
615 57
616 42
617 51
618 50
619 42
620 46
621 44
622 51
623 44
624 54
625 45
626 54
627 42
628 47
629 40
630 41
631 33
632 53
633 42
634 56
635 52
636 50
637 64
638 52
639 57
640 60
641 51
642 52
643 46
644 47
645 40
646 44
647 49
648 52
649 60
650 41
651 53
652 47
653 53
654 52
655 47
656 63
657 55
658 52
659 51
660 53
661 52
662 41
663 40
664 41
665 47
666 42
667 38
668 59
669 55
670 41
671 48
672 38
673 43
674 58
675 49
676 43
677 50
678 44
679 53
680 56
681 54
682 42
683 60
684 45
685 40
686 47
687 42
688 44
689 47
690 47
691 49
692 57
693 55
694 39
695 46
696 45
697 41
698 47
699 49
