0 22
1 33
2 27
3 14
4 22
5 24
6 23
7 28
8 18
9 30
10 23
11 20
12 25
13 17
14 21
15 28
16 26
17 21
18 32
19 20
20 26
21 28
22 22
23 30
24 28
25 23
26 15
27 21
28 21
29 22
30 24
31 18
32 18
33 17
34 18
35 19
36 26
37 26
38 17
39 26
40 25
41 31
42 23
43 24
44 25
45 27
46 21
47 30
48 14
49 27
50 35
51 35
52 24
53 22
54 26
55 18
56 22
57 21
58 26
59 20
60 25
61 27
62 11
63 19
64 23
65 20
66 27
67 17
68 24
69 27
70 31
71 18
72 22
73 22
74 27
75 26
76 25
77 19
78 21
79 18
80 23
81 26
82 27
83 19
84 23
85 22
86 20
87 27
88 21
89 19
90 18
91 29
92 27
93 23
94 29
95 19
96 21
97 19
98 26
99 20
100 28
101 18
102 24
103 21
104 17
105 20
106 20
107 29
108 21
109 17
110 22
111 20
112 16
113 30
114 27
115 30
116 27
117 15
118 17
119 24
120 31
121 26
122 23
123 21
124 20
125 21
126 26
127 21
128 24
129 20
130 28
131 17
132 27
133 16
134 38
135 24
136 20
137 22
138 19
139 22
140 21
141 17
142 24
143 22
144 17
145 17
146 20
147 26
148 29
149 31
150 23
151 17
152 28
153 20
154 25
155 22
156 14
157 19
158 25
159 21
160 29
161 25
162 28
163 22
164 24
165 21
166 19
167 26
168 28
169 23
170 23
171 32
172 26
173 20
174 25
175 23
176 22
177 22
178 27
179 21
180 24
181 21
182 24
183 33
184 22
185 22
186 25
187 29
188 23
189 25
190 26
191 24
192 17
193 20
194 22
195 24
196 20
197 26
198 24
199 23
200 22
201 26
202 21
203 18
204 26
205 30
206 22
207 32
208 23
209 23
210 14
211 21
212 21
213 25
214 26
215 20
216 22
217 22
218 27
219 20
220 23
221 28
222 23
223 24
224 26
225 23
226 26
227 27
228 23
229 26
230 18
231 27
232 24
233 25
234 14
235 24
236 29
237 23
238 21
239 14
240 21
241 22
242 21
243 24
244 25
245 21
246 19
247 22
248 30
249 22
250 18
251 22
252 24
253 25
254 27
255 20
256 18
257 20
258 26
259 24
260 16
261 22
262 19
263 29
264 22
265 25
266 23
267 27
268 28
269 17
270 30
271 17
272 24
273 23
274 22
275 30
276 26
277 17
278 25
279 25
280 20
281 28
282 20
283 24
284 21
285 19
286 20
287 20
288 18
289 25
290 18
291 23
292 22
293 21
294 25
295 32
296 26
297 24
298 23
299 19
300 28
301 26
302 25
303 21
304 22
305 25
306 18
307 25
308 26
309 21
310 27
311 28
312 35
313 23
314 25
315 21
316 20
317 27
318 21
319 18
320 17
321 24
322 31
323 29
324 23
325 18
326 25
327 24
328 20
329 25
330 19
331 17
332 26
333 26
334 21
335 20
336 23
337 20
338 20
339 21
340 15
341 15
342 18
343 20
344 38
345 20
346 23
347 21
348 18
349 28
350 24
351 24
352 29
353 18
354 25
355 30
356 24
357 28
358 30
359 21
360 21
361 28
362 24
363 26
364 25
365 24
366 19
367 17
368 27
369 24
370 30
371 25
372 16
373 25
374 19
375 30
376 15
377 17
378 27
379 25
380 21
381 22
382 30
383 19
384 23
385 23
386 24
387 20
388 16
389 23
390 26
391 25
392 20
393 15
394 21
395 25
396 21
397 23
398 14
399 20
400 22
401 26
402 19
403 27
404 29
405 28
406 30
407 19
408 25
409 29
410 24
411 23
412 21
413 25
414 30
415 19
416 18
417 20
418 31
419 22
420 30
421 25
422 29
423 20
424 21
425 28
426 24
427 28
428 22
429 22
430 23
431 21
432 20
433 31
434 21
435 30
436 24
437 23
438 21
439 35
440 24
441 25
442 22
443 23
444 25
445 23
446 20
447 20
448 27
449 18
450 21
451 19
452 16
453 21
454 22
455 26
456 19
457 29
458 16
459 33
460 24
461 20
462 23
463 23
464 23
465 25
466 16
467 14
468 17
469 27
470 19
471 15
472 23
473 19
474 23
475 24
476 24
477 29
478 21
479 28
480 21
481 26
482 15
483 23
484 22
485 26
486 19
487 20
488 27
489 18
490 31
491 26
492 22
493 19
494 19
495 23
496 20
497 28
498 21
499 22
500 21
501 29
502 19
503 24
504 23
505 19
506 26
507 22
508 19
509 25
510 27
511 21
512 26
513 22
514 19
515 34
516 18
517 19
518 25
519 29
520 19
521 21
522 15
523 18
524 27
525 29
526 27
527 24
528 18
529 25
530 24
531 19
532 20
533 18
534 22
535 28
536 27
537 28
538 25
539 16
540 23
541 15
542 16
543 21
544 26
545 20
546 21
547 20
548 28
549 27
550 22
551 24
552 25
553 26
554 26
555 26
556 22
557 25
558 25
559 24
560 26
561 13
562 20
563 29
564 26
565 17
566 22
567 29
568 21
569 22
570 26
571 13
572 20
573 22
574 13
575 20
576 24
577 21
578 22
579 22
580 29
581 33
582 19
583 21
584 20
585 22
586 19
587 18
588 24
589 26
590 23
591 20
592 20
593 18
594 20
595 18
596 24
597 21
598 19
599 27
