0 29
1 26
2 32
3 36
4 30
5 32
6 27
7 39
8 33
9 28
10 29
11 31
12 24
13 29
14 29
15 27
16 27
17 25
18 24
19 28
20 27
21 29
22 30
23 31
24 35
25 28
26 30
27 23
28 33
29 34
30 27
31 26
32 30
33 27
34 31
35 24
36 31
37 32
38 31
39 34
40 30
41 32
42 24
43 25
44 32
45 32
46 26
47 34
48 30
49 24
50 24
51 34
52 30
53 26
54 24
55 36
56 33
57 29
58 29
59 28
60 34
61 25
62 29
63 24
64 34
65 29
66 34
67 35
68 36
69 35
70 23
71 25
72 27
73 33
74 29
75 27
76 23
77 28
78 34
79 36
80 31
81 22
82 27
83 28
84 28
85 30
86 26
87 27
88 26
89 31
90 30
91 34
92 24
93 37
94 31
95 34
96 34
97 33
98 32
99 25
100 32
101 24
102 29
103 33
104 25
105 26
106 29
107 31
108 31
109 25
110 40
111 33
112 35
113 32
114 26
115 33
116 21
117 37
118 23
119 30
120 38
121 27
122 30
123 28
124 28
125 31
126 33
127 31
128 27
129 34
130 35
131 26
132 28
133 24
134 30
135 25
136 28
137 30
138 32
139 30
140 23
141 24
142 31
143 34
144 25
145 33
146 31
147 28
148 34
149 25
150 25
151 29
152 29
153 32
154 29
155 27
156 37
157 24
158 32
159 32
160 28
161 33
162 37
163 20
164 34
165 27
166 22
167 29
168 32
169 26
170 36
171 29
172 26
173 28
174 30
175 28
176 37
177 29
178 25
179 25
180 26
181 34
182 29
183 27
184 33
185 31
186 31
187 25
188 27
189 27
190 27
191 26
192 34
193 31
194 30
195 30
196 32
197 32
198 34
199 33
200 28
201 31
202 23
203 33
204 25
205 30
206 26
207 31
208 30
209 28
210 32
211 27
212 35
213 29
214 22
215 32
216 36
217 31
218 30
219 24
220 38
221 31
222 35
223 30
224 33
225 30
226 32
227 26
228 26
229 29
230 25
231 32
232 29
233 39
234 30
235 31
236 30
237 26
238 35
239 35
240 30
241 30
242 35
243 30
244 35
245 32
246 23
247 29
248 32
249 29
250 29
251 31
252 28
253 33
254 32
255 27
256 31
257 36
258 25
259 30
260 27
261 34
262 31
263 25
264 24
265 31
266 33
267 34
268 31
269 25
270 30
271 34
272 36
273 26
274 28
275 31
276 31
277 27
278 28
279 33
280 31
281 32
282 27
283 31
284 28
285 23
286 28
287 25
288 31
289 26
290 31
291 31
292 27
293 28
294 29
295 40
296 29
297 29
298 29
299 26
300 29
301 30
302 31
303 26
304 31
305 35
306 29
307 37
308 27
309 37
310 30
311 26
312 29
313 29
314 32
315 31
316 29
317 31
318 29
319 33
320 30
321 29
322 33
323 24
324 32
325 33
326 31
327 29
328 34
329 23
330 24
331 29
332 28
333 38
334 24
335 27
336 32
337 33
338 30
339 25
340 35
341 33
342 34
343 29
344 30
345 33
346 25
347 27
348 31
349 28
350 25
351 32
352 38
353 25
354 32
355 33
356 35
357 31
358 31
359 27
360 28
361 31
362 23
363 28
364 35
365 31
366 34
367 23
368 33
369 28
370 28
371 36
372 27
373 22
374 36
375 22
376 26
377 31
378 38
379 27
380 34
381 31
382 33
383 27
384 37
385 33
386 32
387 32
388 28
389 28
390 30
391 26
392 29
393 36
394 33
395 30
396 26
397 30
398 33
399 27
400 37
401 31
402 28
403 30
404 31
405 24
406 27
407 30
408 29
409 30
410 38
411 26
412 26
413 26
414 28
415 33
416 30
417 28
418 31
419 34
420 38
421 29
422 29
423 27
424 32
425 35
426 37
427 21
428 36
429 29
430 32
431 26
432 25
433 23
434 29
435 31
436 25
437 32
438 29
439 28
440 29
441 26
442 29
443 28
444 31
445 32
446 27
447 26
448 29
449 24
450 30
451 34
452 35
453 29
454 34
455 28
456 32
457 29
458 38
459 28
460 34
461 29
462 24
463 32
464 30
465 31
466 33
467 33
468 32
469 30
470 32
471 33
472 36
473 25
474 28
475 34
476 30
477 26
478 27
479 33
480 24
481 30
482 34
483 35
484 31
485 26
486 35
487 25
488 27
489 28
490 34
491 33
492 33
493 29
494 25
495 36
496 30
497 26
498 28
499 33
500 27
501 32
502 31
503 32
504 25
505 29
506 34
507 28
508 24
509 33
510 29
511 29
512 32
513 25
514 31
515 28
516 24
517 35
518 33
519 29
520 28
521 25
522 24
523 32
524 29
525 35
526 24
527 34
528 32
529 35
530 27
531 33
532 29
533 29
534 27
535 35
536 33
537 27
538 29
539 25
540 30
541 29
542 30
543 29
544 28
545 32
546 33
547 27
548 34
549 26
550 28
551 24
552 26
553 32
554 28
555 31
556 30
557 20
558 35
559 39
560 27
561 30
562 29
563 27
564 30
565 27
566 31
567 38
568 34
569 31
570 30
571 33
572 42
573 27
574 31
575 29
576 29
577 27
578 25
579 30
580 35
581 33
582 31
583 33
584 35
585 37
586 23
587 32
588 31
589 32
590 29
591 32
592 28
593 33
594 29
595 37
596 27
597 31
598 24
599 26
600 28
601 36
602 28
603 23
604 28
605 32
606 34
607 32
608 24
609 32
610 32
611 29
612 25
613 35
614 31
615 23
616 25
617 24
618 31
619 31
620 33
621 25
622 29
623 31
624 30
625 29
626 30
627 35
628 27
629 27
630 24
631 34
632 33
633 23
634 34
635 33
636 32
637 37
638 33
639 24
640 42
641 30
642 35
643 32
644 26
645 32
646 30
647 30
648 28
649 35
650 30
651 26
652 32
653 36
654 28
655 34
656 36
657 27
658 35
659 34
660 25
661 25
662 28
663 22
664 34
665 28
666 28
667 26
668 26
669 29
670 24
671 29
672 28
673 24
674 41
675 34
676 33
677 34
678 21
679 29
680 33
681 36
682 32
683 32
684 33
685 27
686 27
687 28
688 38
689 30
690 27
691 28
692 23
693 32
694 27
695 32
696 34
697 27
698 31
699 29
700 30
701 30
702 30
703 32
704 28
705 31
706 28
707 32
708 30
709 33
710 32
711 29
712 27
713 31
714 26
715 32
716 28
717 31
718 41
719 32
720 33
721 33
722 34
723 27
724 28
725 34
726 28
727 34
728 29
729 25
730 27
731 29
732 35
733 27
734 25
735 28
736 33
737 27
738 33
739 32
740 28
741 36
742 34
743 24
744 30
745 34
746 27
747 32
748 30
749 23
750 24
751 35
752 32
753 34
754 26
755 25
756 28
757 29
758 31
759 21
760 29
761 31
762 29
763 27
764 29
765 30
766 33
767 33
768 32
769 31
770 37
771 32
772 30
773 30
774 30
775 30
776 32
777 27
778 25
779 24
780 25
781 31
782 34
783 26
784 24
785 29
786 18
787 35
788 29
789 27
790 30
791 24
792 25
793 29
794 29
795 32
796 35
797 42
798 29
799 27
800 21
801 33
802 31
803 31
804 29
805 34
806 35
807 29
808 32
809 26
810 29
811 27
812 31
813 29
814 29
815 25
816 25
817 34
818 30
819 27
820 33
821 41
822 34
823 33
824 28
825 29
826 32
827 36
828 36
829 32
830 31
831 37
832 29
833 29
834 27
835 23
836 28
837 32
838 28
839 36
840 33
841 26
842 27
843 33
844 23
845 32
846 30
847 34
848 19
849 30
850 27
851 27
852 30
853 33
854 28
855 29
856 32
857 32
858 34
859 28
860 29
861 27
862 32
863 27
864 33
865 31
866 30
867 28
868 30
869 29
870 35
871 32
872 31
873 29
874 24
875 31
876 25
877 31
878 31
879 32
880 32
881 36
882 30
883 37
884 34
885 27
886 27
887 29
888 35
889 30
890 26
891 30
892 37
893 30
894 22
895 34
896 27
897 31
898 36
899 30
900 28
901 30
902 25
903 35
904 29
905 24
906 30
907 27
908 31
909 26
910 28
911 32
912 26
913 24
914 30
915 31
916 31
917 32
918 32
919 32
920 28
921 32
922 35
923 31
924 36
925 33
926 21
927 22
928 30
929 28
930 26
931 32
932 26
933 24
934 36
935 25
936 31
937 26
938 33
939 27
940 30
941 30
942 27
943 29
944 27
945 31
946 38
947 29
948 25
949 31
950 28
951 29
952 25
953 26
954 27
955 30
956 32
957 32
958 25
959 27
960 24
961 27
962 28
963 31
964 26
965 25
966 34
967 28
968 33
969 31
970 31
971 26
972 27
973 27
974 23
975 31
976 27
977 29
978 38
979 25
980 28
981 26
982 25
983 30
984 30
985 31
986 36
987 27
988 25
989 31
990 24
991 29
992 31
993 26
994 37
995 30
996 25
997 23
998 30
999 24
