0 26
1 42
2 33
3 27
4 29
5 29
6 32
7 24
8 29
9 26
10 31
11 25
12 34
13 35
14 24
15 27
16 37
17 21
18 35
19 30
20 29
21 29
22 31
23 28
24 38
25 32
26 29
27 26
28 30
29 30
30 33
31 37
32 31
33 22
34 31
35 27
36 25
37 42
38 31
39 36
40 30
41 35
42 31
43 25
44 33
45 36
46 33
47 43
48 33
49 25
50 28
51 28
52 33
53 29
54 30
55 25
56 35
57 24
58 28
59 23
60 30
61 33
62 43
63 30
64 31
65 29
66 27
67 28
68 28
69 38
70 28
71 34
72 25
73 31
74 34
75 37
76 28
77 26
78 33
79 34
80 28
81 28
82 33
83 24
84 28
85 35
86 35
87 30
88 30
89 27
90 30
91 28
92 31
93 23
94 33
95 27
96 32
97 30
98 26
99 31
100 34
101 35
102 29
103 35
104 45
105 35
106 30
107 33
108 31
109 34
110 31
111 38
112 31
113 31
114 31
115 36
116 33
117 32
118 33
119 32
120 33
121 32
122 34
123 37
124 28
125 34
126 21
127 42
128 22
129 28
130 37
131 30
132 21
133 33
134 30
135 31
136 28
137 25
138 29
139 31
140 32
141 28
142 29
143 37
144 37
145 27
146 32
147 35
148 32
149 33
150 31
151 28
152 30
153 32
154 33
155 35
156 26
157 35
158 37
159 31
160 26
161 31
162 31
163 31
164 27
165 26
166 28
167 35
168 27
169 27
170 34
171 32
172 30
173 42
174 25
175 32
176 28
177 29
178 30
179 28
180 38
181 27
182 33
183 31
184 25
185 37
186 24
187 32
188 32
189 19
190 39
191 29
192 33
193 29
194 27
195 36
196 29
197 27
198 32
199 28
200 34
201 33
202 33
203 31
204 36
205 30
206 28
207 32
208 29
209 35
210 35
211 18
212 28
213 28
214 30
215 34
216 34
217 28
218 34
219 29
220 30
221 28
222 30
223 31
224 31
225 33
226 29
227 33
228 34
229 40
230 27
231 40
232 36
233 32
234 33
235 29
236 32
237 30
238 39
239 39
240 23
241 34
242 32
243 42
244 43
245 26
246 32
247 36
248 22
249 24
250 32
251 19
252 27
253 24
254 31
255 27
256 38
257 23
258 28
259 24
260 45
261 28
262 34
263 26
264 33
265 28
266 25
267 26
268 15
269 36
270 28
271 28
272 26
273 27
274 40
275 35
276 28
277 32
278 26
279 30
280 24
281 32
282 22
283 34
284 36
285 27
286 28
287 27
288 28
289 23
290 33
291 30
292 36
293 23
294 34
295 34
296 28
297 25
298 33
299 39
300 33
301 36
302 37
303 28
304 37
305 28
306 34
307 34
308 35
309 25
310 29
311 28
312 29
313 26
314 30
315 28
316 29
317 42
318 33
319 36
320 33
321 27
322 29
323 29
324 28
325 33
326 31
327 26
328 29
329 39
330 37
331 36
332 40
333 33
334 30
335 35
336 37
337 35
338 27
339 39
340 25
341 30
342 32
343 27
344 32
345 29
346 30
347 35
348 20
349 36
350 26
351 24
352 26
353 21
354 31
355 31
356 31
357 29
358 43
359 35
360 32
361 29
362 35
363 35
364 29
365 29
366 35
367 28
368 25
369 27
370 28
371 35
372 36
373 30
374 32
375 31
376 32
377 36
378 40
379 33
380 31
381 31
382 25
383 28
384 31
385 34
386 33
387 29
388 35
389 27
390 38
391 26
392 30
393 38
394 24
395 26
396 36
397 30
398 30
399 28
400 38
401 39
402 37
403 37
404 31
405 32
406 32
407 34
408 27
409 29
410 30
411 33
412 27
413 28
414 32
415 23
416 27
417 38
418 22
419 30
420 39
421 32
422 33
423 22
424 31
425 29
426 29
427 20
428 36
429 35
430 24
431 36
432 28
433 31
434 24
435 21
436 36
437 33
438 31
439 37
440 26
441 36
442 27
443 33
444 30
445 44
446 29
447 33
448 35
449 30
450 27
451 25
452 37
453 26
454 25
455 40
456 31
457 29
458 31
459 31
460 26
461 30
462 24
463 32
464 29
465 32
466 20
467 32
468 32
469 30
470 33
471 33
472 24
473 41
474 36
475 31
476 27
477 31
478 39
479 34
480 28
481 31
482 30
483 28
484 21
485 24
486 26
487 32
488 27
489 31
490 30
491 31
492 33
493 24
494 27
495 33
496 32
497 26
498 30
499 35
500 31
501 34
502 35
503 40
504 17
505 25
506 28
507 36
508 33
509 24
510 22
511 23
512 31
513 34
514 26
515 33
516 27
517 31
518 28
519 24
520 38
521 37
522 30
523 34
524 29
525 28
526 42
527 26
528 31
529 35
530 32
531 31
532 29
533 33
534 43
535 32
536 37
537 30
538 31
539 35
540 36
541 32
542 27
543 28
544 27
545 38
546 24
547 34
548 36
549 33
550 28
551 26
552 37
553 29
554 38
555 24
556 30
557 37
558 24
559 26
560 32
561 34
562 28
563 32
564 30
565 31
566 21
567 38
568 27
569 31
570 33
571 25
572 26
573 26
574 27
575 34
576 34
577 37
578 34
579 33
580 34
581 32
582 27
583 22
584 28
585 24
586 33
587 33
588 25
589 31
590 38
591 35
592 42
593 25
594 34
595 31
596 40
597 26
598 33
599 28
600 32
601 36
602 33
603 40
604 35
605 38
606 18
607 32
608 36
609 28
610 30
611 23
612 19
613 35
614 27
615 28
616 36
617 30
618 32
619 38
620 25
621 31
622 34
623 31
624 35
625 34
626 26
627 36
628 29
629 28
630 29
631 31
632 30
633 32
634 31
635 29
636 24
637 35
638 35
639 32
640 35
641 37
642 39
643 25
644 31
645 33
646 31
647 31
648 31
649 27
650 37
651 29
652 24
653 30
654 23
655 31
656 34
657 35
658 38
659 35
660 32
661 24
662 31
663 32
664 28
665 23
666 32
667 32
668 28
669 31
670 29
671 29
672 34
673 33
674 32
675 33
676 22
677 30
678 32
679 30
680 27
681 27
682 32
683 32
684 35
685 32
686 27
687 35
688 29
689 24
690 23
691 24
692 32
693 34
694 37
695 33
696 21
697 32
698 29
699 30
