0 110
1 167
2 127
3 145
4 154
5 126
6 151
7 122
8 164
9 167
10 123
11 129
12 143
13 148
14 102
15 124
16 103
17 150
18 123
19 126
20 143
21 108
22 100
23 126
24 84
25 93
26 94
27 94
28 121
29 97
30 98
31 127
32 77
33 100
34 61
35 85
36 91
37 122
38 80
39 98
40 79
41 86
42 55
43 84
44 87
45 68
46 85
47 52
48 92
49 61
50 68
51 84
52 48
53 77
54 76
55 68
56 72
57 56
58 66
59 60
60 85
61 70
62 92
63 61
64 52
65 46
66 77
67 65
68 70
69 63
70 55
71 64
72 60
73 65
74 65
75 60
76 43
77 49
78 84
79 62
80 46
81 38
82 52
83 42
84 64
85 79
86 49
87 58
88 53
89 51
90 44
91 43
92 45
93 65
94 60
95 38
96 49
97 50
98 37
99 43
100 50
101 57
102 50
103 44
104 56
105 42
106 43
107 54
108 28
109 30
110 59
111 44
112 46
113 44
114 47
115 29
116 44
117 36
118 59
119 41
120 39
121 37
122 40
123 54
124 32
125 38
126 49
127 47
128 27
129 45
130 42
131 59
132 40
133 43
134 44
135 51
136 41
137 46
138 37
139 38
140 33
141 36
142 38
143 35
144 42
145 40
146 45
147 40
148 40
149 37
150 34
151 43
152 35
153 42
154 45
155 32
156 46
157 37
158 63
159 44
160 32
161 32
162 51
163 41
164 34
165 26
166 41
167 38
168 45
169 33
170 45
171 38
172 32
173 30
174 33
175 38
176 35
177 32
178 34
179 40
180 36
181 29
182 39
183 48
184 29
185 29
186 26
187 34
188 28
189 26
190 39
191 40
192 31
193 32
194 38
195 24
196 27
197 24
198 37
199 42
200 38
201 31
202 24
203 27
204 27
205 31
206 30
207 41
208 35
209 36
210 28
211 24
212 31
213 31
214 34
215 38
216 41
217 34
218 22
219 28
220 35
221 33
222 32
223 28
224 28
225 25
226 28
227 39
228 40
229 25
230 30
231 25
232 27
233 28
234 37
235 24
236 33
237 33
238 33
239 28
240 28
241 23
242 28
243 31
244 33
245 36
246 39
247 37
248 26
249 24
250 46
251 23
252 30
253 22
254 30
255 30
256 28
257 37
258 26
259 26
260 29
261 21
262 26
263 23
264 28
265 28
266 22
267 30
268 42
269 28
270 25
271 32
272 24
273 34
274 22
275 31
276 42
277 23
278 29
279 26
280 21
281 28
282 38
283 31
284 30
285 28
286 32
287 31
288 20
289 27
290 26
291 37
292 32
293 23
294 25
295 23
296 30
297 21
298 26
299 27
300 27
301 22
302 23
303 26
304 25
305 18
306 27
307 21
308 26
309 25
310 23
311 23
312 24
313 27
314 30
315 22
316 23
317 27
318 18
319 35
320 34
321 24
322 32
323 33
324 35
325 20
326 20
327 29
328 30
329 29
330 26
331 26
332 29
333 21
334 29
335 26
336 26
337 33
338 20
339 24
340 27
341 28
342 28
343 23
344 25
345 25
346 26
347 26
348 23
349 26
350 19
351 26
352 24
353 27
354 24
355 30
356 28
357 25
358 19
359 19
360 18
361 21
362 23
363 22
364 22
365 20
366 22
367 23
368 26
369 25
370 23
371 22
372 26
373 29
374 30
375 19
376 22
377 25
378 22
379 29
380 22
381 24
382 23
383 21
384 15
385 24
386 21
387 29
388 20
389 19
390 22
391 32
392 23
393 23
394 24
395 20
396 24
397 23
398 31
399 26
400 19
401 22
402 25
403 27
404 24
405 21
406 24
407 21
408 21
409 29
410 19
411 18
412 24
413 22
414 19
415 23
416 17
417 25
418 25
419 25
420 19
421 22
422 18
423 18
424 26
425 22
426 23
427 25
428 16
429 25
430 23
431 23
432 21
433 20
434 24
435 23
436 22
437 21
438 20
439 20
440 24
441 21
442 19
443 22
444 28
445 27
446 27
447 21
448 22
449 24
450 18
451 22
452 20
453 17
454 27
455 20
456 28
457 27
458 21
459 17
460 23
461 21
462 19
463 21
464 23
465 21
466 20
467 20
468 20
469 18
470 19
471 20
472 23
473 25
474 18
475 19
476 27
477 24
478 17
479 16
480 21
481 22
482 20
483 16
484 24
485 22
486 25
487 24
488 23
489 19
490 21
491 16
492 20
493 22
494 17
495 22
496 18
497 20
498 18
499 23
500 21
501 18
502 21
503 17
504 18
505 23
506 25
507 18
508 16
509 21
510 20
511 19
512 19
513 21
514 18
515 15
516 21
517 21
518 23
519 17
520 19
521 25
522 16
523 21
524 23
525 20
526 21
527 18
528 14
529 18
530 18
531 23
532 18
533 22
534 15
535 23
536 22
537 21
538 23
539 16
540 17
541 21
542 17
543 20
544 20
545 18
546 26
547 20
548 17
549 16
550 15
551 20
552 18
553 18
554 18
555 16
556 18
557 19
558 21
559 19
560 20
561 20
562 17
563 19
564 23
565 15
566 17
567 19
568 23
569 18
570 18
571 21
572 19
573 19
574 16
575 20
576 18
577 21
578 19
579 19
580 18
581 17
582 20
583 16
584 16
585 16
586 18
587 16
588 19
589 17
590 21
591 19
592 16
593 19
594 18
595 17
596 19
597 18
598 17
599 17
600 20
601 16
602 17
603 16
604 21
605 17
606 18
607 15
608 16
609 19
610 19
611 16
612 16
613 16
614 21
615 18
616 15
617 18
618 20
619 16
620 19
621 19
622 17
623 18
624 17
625 18
626 16
627 15
628 18
629 16
630 19
631 20
632 20
633 19
634 19
635 18
636 17
637 18
638 18
639 23
640 17
641 16
642 20
643 15
644 17
645 18
646 20
647 16
648 16
649 17
650 16
651 18
652 17
653 15
654 17
655 19
656 21
657 17
658 20
659 18
660 19
661 18
662 16
663 14
664 15
665 17
666 17
667 16
668 19
669 14
670 18
671 20
672 20
673 16
674 20
675 19
676 17
677 19
678 16
679 18
680 19
681 19
682 16
683 19
684 18
685 16
686 18
687 17
688 16
689 21
690 16
691 16
692 18
693 17
694 15
695 17
696 16
697 17
698 19
699 17
700 18
701 16
702 16
703 15
704 16
705 16
706 17
707 17
708 15
709 18
710 16
711 20
712 18
713 17
714 17
715 17
716 16
717 17
718 18
719 16
720 16
721 17
722 15
723 15
724 16
725 15
726 15
727 16
728 18
729 14
730 17
731 20
732 17
733 17
734 18
735 18
736 17
737 18
738 17
739 15
740 16
741 16
742 18
743 15
744 16
745 16
746 15
747 18
748 18
749 15
750 17
751 14
752 18
753 17
754 17
755 16
756 16
757 16
758 15
759 15
760 21
761 16
762 16
763 16
764 14
765 15
766 16
767 18
768 19
769 15
770 14
771 18
772 17
773 16
774 16
775 17
776 17
777 17
778 17
779 15
780 18
781 15
782 15
783 18
784 15
785 15
786 17
787 17
788 17
789 17
790 16
791 16
792 16
793 17
794 16
795 16
796 15
797 16
798 15
799 17
800 15
801 15
802 16
803 16
804 14
805 15
806 17
807 16
808 15
809 15
810 14
811 16
812 14
813 18
814 15
815 17
816 16
817 15
818 15
819 15
820 16
821 17
822 15
823 17
824 15
825 14
826 15
827 16
828 17
829 15
830 16
831 16
832 16
833 16
834 16
835 16
836 15
837 15
838 16
839 15
840 15
841 15
842 15
843 15
844 16
845 15
846 16
847 15
848 15
849 15
850 15
851 17
852 15
853 16
854 15
855 17
856 15
857 15
858 15
859 15
860 15
861 15
862 15
863 15
864 15
865 15
866 16
867 15
868 16
869 16
870 15
871 16
872 15
873 15
874 16
875 15
876 15
877 15
878 15
879 15
880 15
881 16
882 15
883 15
884 14
885 16
886 15
887 15
888 15
889 16
890 16
891 15
892 15
893 15
894 14
895 15
896 15
897 15
898 15
899 15
