0 110
1 66
2 75
3 93
4 100
5 124
6 130
7 98
8 94
9 89
10 69
11 92
12 119
13 91
14 77
15 82
16 55
17 88
18 67
19 101
20 113
21 56
22 48
23 53
24 81
25 49
26 77
27 33
28 98
29 32
30 83
31 55
32 37
33 39
34 41
35 66
36 42
37 40
38 34
39 45
40 62
41 72
42 64
43 54
44 53
45 41
46 61
47 45
48 62
49 33
50 43
51 31
52 41
53 50
54 37
55 45
56 30
57 42
58 43
59 45
60 43
61 41
62 47
63 35
64 36
65 24
66 52
67 36
68 23
69 31
70 39
71 41
72 29
73 47
74 37
75 28
76 55
77 45
78 28
79 19
80 36
81 37
82 36
83 37
84 32
85 24
86 30
87 28
88 38
89 36
90 26
91 35
92 31
93 32
94 28
95 21
96 22
97 43
98 39
99 13
100 28
101 29
102 28
103 26
104 30
105 24
106 19
107 30
108 19
109 27
110 28
111 24
112 41
113 32
114 42
115 20
116 25
117 28
118 31
119 19
120 29
121 18
122 38
123 30
124 24
125 29
126 20
127 20
128 22
129 46
130 31
131 27
132 23
133 20
134 29
135 25
136 24
137 25
138 34
139 23
140 19
141 19
142 26
143 32
144 24
145 23
146 24
147 22
148 30
149 25
150 28
151 15
152 23
153 23
154 25
155 27
156 25
157 22
158 15
159 21
160 19
161 16
162 21
163 27
164 18
165 14
166 20
167 27
168 23
169 25
170 16
171 30
172 18
173 22
174 20
175 16
176 17
177 19
178 16
179 22
180 17
181 19
182 20
183 20
184 20
185 21
186 20
187 15
188 16
189 20
190 18
191 15
192 18
193 19
194 24
195 19
196 20
197 18
198 14
199 19
200 16
201 19
202 28
203 17
204 20
205 17
206 19
207 17
208 16
209 20
210 22
211 16
212 18
213 19
214 23
215 15
216 16
217 14
218 17
219 13
220 22
221 13
222 21
223 21
224 23
225 20
226 19
227 14
228 20
229 22
230 12
231 15
232 14
233 20
234 21
235 16
236 25
237 23
238 23
239 20
240 17
241 12
242 19
243 18
244 20
245 14
246 13
247 18
248 22
249 15
250 21
251 16
252 12
253 13
254 18
255 20
256 18
257 14
258 14
259 19
260 20
261 20
262 18
263 20
264 13
265 13
266 22
267 19
268 19
269 14
270 16
271 14
272 14
273 25
274 18
275 17
276 14
277 17
278 18
279 23
280 20
281 16
282 17
283 14
284 18
285 19
286 13
287 13
288 14
289 18
290 14
291 21
292 15
293 20
294 21
295 19
296 18
297 15
298 15
299 14
300 14
301 16
302 16
303 18
304 16
305 13
306 12
307 19
308 18
309 21
310 13
311 10
312 14
313 16
314 15
315 14
316 14
317 14
318 16
319 12
320 18
321 13
322 20
323 16
324 18
325 13
326 15
327 11
328 16
329 20
330 20
331 16
332 15
333 13
334 21
335 16
336 13
337 12
338 17
339 18
340 14
341 15
342 13
343 14
344 11
345 12
346 20
347 19
348 12
349 16
350 14
351 14
352 11
353 13
354 14
355 19
356 19
357 11
358 17
359 19
360 14
361 14
362 15
363 16
364 14
365 16
366 12
367 16
368 13
369 17
370 15
371 13
372 14
373 13
374 14
375 15
376 11
377 16
378 14
379 12
380 13
381 13
382 14
383 19
384 20
385 12
386 11
387 14
388 14
389 14
390 13
391 16
392 14
393 14
394 11
395 16
396 13
397 12
398 13
399 11
400 14
401 14
402 10
403 18
404 13
405 14
406 13
407 15
408 14
409 12
410 14
411 14
412 15
413 11
414 17
415 13
416 13
417 15
418 15
419 12
420 14
421 13
422 13
423 13
424 14
425 12
426 12
427 12
428 16
429 14
430 16
431 15
432 11
433 13
434 11
435 13
436 12
437 14
438 11
439 14
440 12
441 14
442 13
443 12
444 14
445 12
446 14
447 12
448 12
449 15
450 10
451 12
452 13
453 10
454 11
455 13
456 17
457 13
458 11
459 13
460 12
461 13
462 11
463 15
464 11
465 12
466 13
467 12
468 16
469 14
470 11
471 12
472 11
473 15
474 13
475 11
476 10
477 11
478 11
479 11
480 11
481 12
482 14
483 12
484 11
485 12
486 11
487 11
488 12
489 12
490 11
491 12
492 11
493 14
494 11
495 17
496 10
497 13
498 12
499 13
500 11
501 12
502 11
503 12
504 11
505 12
506 14
507 11
508 12
509 12
510 11
511 11
512 11
513 11
514 11
515 14
516 10
517 12
518 13
519 13
520 13
521 12
522 11
523 12
524 11
525 11
526 11
527 11
528 12
529 11
530 11
531 12
532 12
533 11
534 12
535 10
536 12
537 11
538 11
539 12
540 13
541 11
542 11
543 12
544 11
545 12
546 12
547 11
548 11
549 11
550 12
551 10
552 11
553 13
554 10
555 11
556 11
557 11
558 11
559 11
560 10
561 11
562 11
563 11
564 11
565 11
566 10
567 11
568 11
569 11
570 11
571 11
572 11
573 11
574 11
575 11
576 10
577 11
578 11
579 11
580 12
581 12
582 11
583 11
584 12
585 11
586 11
587 10
588 10
589 11
590 11
591 11
592 11
593 11
594 11
595 11
596 12
597 11
598 11
599 12
