0 42
1 34
2 42
3 37
4 38
5 29
6 36
7 28
8 47
9 45
10 40
11 41
12 35
13 33
14 38
15 30
16 46
17 31
18 39
19 35
20 35
21 44
22 30
23 53
24 39
25 32
26 31
27 34
28 38
29 46
30 42
31 50
32 42
33 38
34 39
35 34
36 44
37 42
38 42
39 43
40 44
41 34
42 39
43 41
44 35
45 40
46 44
47 33
48 31
49 30
50 25
51 45
52 46
53 26
54 37
55 38
56 34
57 48
58 39
59 40
60 40
61 47
62 43
63 30
64 38
65 32
66 37
67 36
68 47
69 45
70 38
71 44
72 36
73 35
74 33
75 40
76 43
77 37
78 44
79 44
80 33
81 36
82 41
83 43
84 43
85 33
86 32
87 46
88 49
89 40
90 46
91 39
92 40
93 34
94 48
95 33
96 28
97 36
98 48
99 33
100 41
101 38
102 26
103 35
104 44
105 28
106 36
107 38
108 34
109 41
110 48
111 38
112 37
113 31
114 50
115 46
116 35
117 31
118 34
119 45
120 41
121 39
122 45
123 43
124 49
125 42
126 35
127 41
128 44
129 40
130 44
131 39
132 27
133 35
134 39
135 44
136 41
137 48
138 25
139 42
140 34
141 37
142 36
143 39
144 37
145 36
146 39
147 35
148 41
149 34
150 38
151 36
152 42
153 43
154 33
155 32
156 36
157 41
158 41
159 49
160 35
161 39
162 54
163 35
164 31
165 31
166 44
167 38
168 39
169 50
170 31
171 36
172 35
173 39
174 34
175 35
176 54
177 42
178 44
179 43
180 35
181 32
182 33
183 36
184 38
185 41
186 34
187 38
188 33
189 39
190 37
191 33
192 35
193 30
194 37
195 40
196 38
197 34
198 37
199 33
200 41
201 41
202 47
203 41
204 41
205 33
206 32
207 41
208 41
209 43
210 41
211 42
212 48
213 31
214 34
215 45
216 38
217 31
218 37
219 42
220 39
221 39
222 31
223 41
224 46
225 44
226 34
227 33
228 22
229 38
230 28
231 42
232 33
233 36
234 35
235 29
236 38
237 45
238 36
239 27
240 36
241 43
242 39
243 37
244 30
245 46
246 28
247 45
248 36
249 39
250 31
251 40
252 36
253 39
254 34
255 33
256 41
257 40
258 32
259 42
260 38
261 48
262 42
263 47
264 36
265 41
266 37
267 47
268 39
269 51
270 47
271 37
272 42
273 31
274 51
275 20
276 36
277 34
278 45
279 41
280 38
281 41
282 39
283 34
284 36
285 39
286 41
287 27
288 45
289 28
290 48
291 37
292 43
293 36
294 33
295 46
296 35
297 42
298 41
299 35
300 35
301 30
302 32
303 33
304 43
305 37
306 38
307 40
308 34
309 34
310 26
311 36
312 46
313 28
314 42
315 33
316 42
317 32
318 30
319 36
320 36
321 45
322 35
323 44
324 39
325 32
326 42
327 32
328 39
329 36
330 41
331 26
332 43
333 36
334 34
335 31
336 32
337 38
338 31
339 39
340 37
341 40
342 42
343 37
344 43
345 32
346 38
347 45
348 33
349 36
350 36
351 35
352 35
353 41
354 35
355 42
356 42
357 33
358 29
359 31
360 52
361 41
362 35
363 38
364 24
365 38
366 29
367 34
368 34
369 44
370 50
371 42
372 26
373 41
374 38
375 36
376 43
377 44
378 40
379 50
380 42
381 40
382 39
383 37
384 41
385 40
386 34
387 50
388 29
389 40
390 42
391 36
392 41
393 46
394 27
395 35
396 39
397 44
398 38
399 40
400 44
401 45
402 46
403 42
404 36
405 40
406 33
407 38
408 43
409 34
410 42
411 39
412 43
413 32
414 25
415 36
416 38
417 45
418 38
419 37
420 38
421 43
422 43
423 35
424 48
425 43
426 43
427 30
428 40
429 43
430 34
431 32
432 44
433 33
434 28
435 47
436 37
437 36
438 35
439 46
440 36
441 38
442 38
443 40
444 44
445 34
446 30
447 30
448 37
449 44
450 46
451 37
452 34
453 43
454 36
455 39
456 44
457 42
458 46
459 31
460 31
461 43
462 40
463 32
464 40
465 29
466 36
467 36
468 53
469 40
470 33
471 39
472 40
473 44
474 35
475 38
476 48
477 43
478 32
479 37
480 34
481 38
482 36
483 37
484 33
485 36
486 40
487 43
488 31
489 43
490 46
491 48
492 34
493 31
494 40
495 35
496 39
497 38
498 47
499 44
500 50
501 34
502 48
503 36
504 33
505 35
506 36
507 40
508 39
509 33
510 34
511 44
512 34
513 40
514 39
515 37
516 48
517 38
518 36
519 26
520 44
521 47
522 31
523 42
524 37
525 32
526 31
527 39
528 45
529 43
530 44
531 45
532 40
533 37
534 33
535 34
536 29
537 20
538 35
539 30
540 47
541 38
542 36
543 42
544 23
545 33
546 35
547 30
548 46
549 35
550 34
551 44
552 35
553 37
554 39
555 43
556 38
557 37
558 33
559 50
560 41
561 35
562 40
563 29
564 44
565 38
566 41
567 45
568 33
569 37
570 29
571 53
572 34
573 31
574 43
575 35
576 43
577 49
578 39
579 34
580 30
581 38
582 28
583 49
584 40
585 28
586 38
587 27
588 44
589 35
590 35
591 44
592 40
593 50
594 44
595 46
596 37
597 39
598 38
599 33
600 34
601 39
602 37
603 34
604 39
605 44
606 35
607 33
608 31
609 45
610 35
611 34
612 37
613 37
614 46
615 34
616 41
617 38
618 39
619 30
620 36
621 42
622 37
623 37
624 31
625 37
626 36
627 34
628 36
629 35
630 38
631 41
632 49
633 34
634 40
635 27
636 39
637 49
638 32
639 33
640 35
641 43
642 34
643 49
644 37
645 36
646 46
647 36
648 39
649 46
650 31
651 37
652 36
653 32
654 39
655 43
656 42
657 43
658 53
659 43
660 32
661 33
662 42
663 32
664 44
665 50
666 34
667 35
668 42
669 44
670 50
671 40
672 43
673 40
674 41
675 34
676 38
677 33
678 35
679 34
680 39
681 41
682 33
683 34
684 41
685 39
686 39
687 35
688 32
689 24
690 40
691 34
692 33
693 40
694 44
695 34
696 41
697 36
698 42
699 33
