0 107
1 123
2 156
3 102
4 109
5 140
6 118
7 139
8 108
9 110
10 111
11 114
12 113
13 117
14 93
15 114
16 90
17 77
18 96
19 103
20 94
21 40
22 72
23 86
24 57
25 99
26 66
27 61
28 34
29 63
30 69
31 58
32 64
33 56
34 53
35 40
36 99
37 53
38 45
39 53
40 72
41 61
42 46
43 63
44 43
45 54
46 36
47 42
48 32
49 62
50 41
51 96
52 37
53 52
54 74
55 59
56 54
57 28
58 49
59 39
60 40
61 32
62 27
63 41
64 54
65 52
66 51
67 38
68 43
69 32
70 51
71 20
72 28
73 54
74 50
75 55
76 51
77 40
78 28
79 44
80 42
81 49
82 15
83 30
84 31
85 37
86 27
87 48
88 31
89 26
90 36
91 27
92 46
93 27
94 35
95 27
96 31
97 37
98 36
99 31
100 37
101 24
102 41
103 28
104 23
105 55
106 35
107 34
108 16
109 39
110 34
111 48
112 29
113 27
114 27
115 28
116 32
117 41
118 33
119 32
120 26
121 33
122 36
123 28
124 27
125 26
126 24
127 22
128 30
129 23
130 21
131 38
132 50
133 36
134 28
135 23
136 39
137 28
138 30
139 29
140 25
141 43
142 26
143 35
144 32
145 25
146 23
147 28
148 18
149 25
150 32
151 24
152 26
153 33
154 26
155 27
156 31
157 22
158 26
159 33
160 25
161 26
162 26
163 35
164 23
165 25
166 23
167 31
168 26
169 19
170 22
171 22
172 32
173 43
174 19
175 25
176 28
177 21
178 24
179 16
180 29
181 23
182 21
183 35
184 26
185 35
186 26
187 14
188 25
189 16
190 19
191 24
192 25
193 34
194 19
195 25
196 34
197 21
198 20
199 21
200 26
201 20
202 24
203 18
204 19
205 22
206 25
207 17
208 22
209 21
210 19
211 16
212 12
213 17
214 22
215 16
216 21
217 19
218 18
219 18
220 23
221 17
222 26
223 29
224 19
225 19
226 26
227 27
228 22
229 28
230 21
231 23
232 19
233 26
234 13
235 18
236 23
237 15
238 22
239 22
240 16
241 17
242 27
243 16
244 16
245 18
246 23
247 25
248 19
249 36
250 18
251 21
252 21
253 25
254 24
255 20
256 16
257 21
258 22
259 29
260 15
261 27
262 22
263 21
264 15
265 23
266 18
267 17
268 20
269 12
270 18
271 29
272 18
273 20
274 19
275 18
276 23
277 19
278 21
279 19
280 29
281 17
282 23
283 16
284 22
285 21
286 19
287 19
288 17
289 19
290 17
291 16
292 20
293 15
294 20
295 12
296 18
297 20
298 23
299 21
300 16
301 16
302 17
303 24
304 18
305 16
306 15
307 16
308 16
309 26
310 22
311 13
312 18
313 17
314 22
315 18
316 17
317 18
318 17
319 16
320 18
321 26
322 19
323 20
324 16
325 14
326 14
327 15
328 17
329 18
330 18
331 17
332 28
333 17
334 16
335 14
336 15
337 13
338 25
339 16
340 13
341 16
342 16
343 16
344 17
345 13
346 18
347 15
348 20
349 15
350 17
351 14
352 15
353 15
354 19
355 20
356 15
357 14
358 26
359 14
360 14
361 16
362 14
363 22
364 16
365 22
366 19
367 15
368 21
369 15
370 20
371 19
372 19
373 17
374 14
375 24
376 22
377 11
378 15
379 19
380 15
381 18
382 12
383 13
384 18
385 17
386 18
387 26
388 17
389 12
390 20
391 12
392 15
393 15
394 17
395 17
396 22
397 22
398 15
399 15
400 15
401 17
402 15
403 16
404 16
405 15
406 20
407 17
408 11
409 19
410 14
411 12
412 21
413 22
414 15
415 17
416 16
417 22
418 14
419 13
420 17
421 14
422 12
423 14
424 14
425 16
426 15
427 19
428 12
429 13
430 16
431 13
432 16
433 18
434 16
435 11
436 17
437 16
438 13
439 17
440 14
441 13
442 20
443 19
444 14
445 13
446 13
447 14
448 14
449 12
450 15
451 21
452 15
453 13
454 12
455 17
456 18
457 17
458 16
459 15
460 14
461 14
462 14
463 18
464 15
465 14
466 17
467 15
468 13
469 14
470 12
471 15
472 14
473 16
474 15
475 14
476 14
477 15
478 13
479 16
480 11
481 13
482 14
483 18
484 14
485 13
486 18
487 18
488 17
489 18
490 21
491 15
492 13
493 13
494 15
495 17
496 19
497 13
498 12
499 19
500 13
501 14
502 15
503 15
504 16
505 13
506 12
507 15
508 20
509 14
510 15
511 17
512 12
513 15
514 15
515 15
516 13
517 15
518 12
519 14
520 12
521 12
522 13
523 15
524 13
525 13
526 14
527 15
528 14
529 12
530 12
531 12
532 15
533 11
534 17
535 11
536 14
537 13
538 14
539 12
540 15
541 13
542 13
543 13
544 13
545 13
546 14
547 13
548 11
549 13
550 12
551 13
552 13
553 12
554 15
555 13
556 15
557 11
558 13
559 12
560 12
561 11
562 17
563 17
564 14
565 13
566 12
567 14
568 12
569 13
570 12
571 14
572 13
573 14
574 13
575 11
576 12
577 16
578 12
579 10
580 15
581 10
582 12
583 12
584 13
585 12
586 15
587 13
588 12
589 14
590 15
591 12
592 15
593 12
594 12
595 14
596 16
597 12
598 16
599 13
600 13
601 12
602 13
603 14
604 11
605 12
606 13
607 13
608 11
609 18
610 13
611 15
612 11
613 12
614 12
615 13
616 12
617 12
618 17
619 12
620 12
621 12
622 12
623 12
624 11
625 11
626 15
627 15
628 12
629 12
630 12
631 13
632 12
633 12
634 13
635 13
636 14
637 11
638 12
639 12
640 13
641 12
642 12
643 11
644 16
645 12
646 11
647 13
648 12
649 15
650 13
651 11
652 11
653 13
654 11
655 12
656 14
657 12
658 11
659 12
660 11
661 12
662 11
663 13
664 13
665 11
666 14
667 12
668 12
669 11
670 11
671 12
672 12
673 11
674 11
675 11
676 14
677 12
678 12
679 13
680 14
681 11
682 13
683 12
684 11
685 12
686 12
687 11
688 12
689 11
690 10
691 12
692 14
693 13
694 13
695 11
696 11
697 11
698 12
699 12
700 13
701 12
702 12
703 14
704 11
705 11
706 12
707 12
708 11
709 12
710 12
711 12
712 12
713 11
714 12
715 12
716 12
717 13
718 11
719 12
720 11
721 11
722 11
723 12
724 11
725 11
726 10
727 12
728 11
729 11
730 11
731 10
732 11
733 11
734 11
735 11
736 11
737 13
738 12
739 11
740 11
741 11
742 11
743 11
744 10
745 11
746 11
747 11
748 11
749 12
750 11
751 12
752 11
753 10
754 12
755 12
756 12
757 12
758 12
759 11
760 11
761 12
762 12
763 11
764 11
765 12
766 11
767 11
768 11
769 11
770 11
771 11
772 11
773 11
774 11
775 11
776 12
777 11
778 11
779 12
780 10
781 11
782 11
783 11
784 11
785 11
786 10
787 11
788 11
789 11
790 11
791 11
792 11
793 11
794 11
795 11
796 11
797 11
798 11
799 11
