0 27
1 36
2 19
3 29
4 26
5 32
6 22
7 27
8 22
9 15
10 15
11 24
12 27
13 29
14 28
15 28
16 33
17 34
18 26
19 28
20 28
21 28
22 17
23 23
24 31
25 33
26 27
27 27
28 31
29 27
30 27
31 33
32 29
33 25
34 29
35 27
36 22
37 21
38 23
39 20
40 30
41 32
42 35
43 27
44 28
45 24
46 23
47 28
48 26
49 23
50 20
51 24
52 19
53 22
54 24
55 31
56 19
57 32
58 23
59 22
60 29
61 25
62 24
63 27
64 31
65 25
66 27
67 19
68 26
69 22
70 26
71 24
72 25
73 29
74 23
75 23
76 29
77 32
78 37
79 21
80 35
81 27
82 31
83 33
84 23
85 24
86 22
87 23
88 31
89 25
90 23
91 19
92 22
93 26
94 33
95 24
96 27
97 28
98 30
99 23
100 32
101 29
102 23
103 25
104 25
105 24
106 22
107 26
108 26
109 47
110 18
111 25
112 17
113 20
114 28
115 18
116 24
117 27
118 19
119 35
120 38
121 27
122 30
123 30
124 27
125 20
126 34
127 43
128 25
129 26
130 28
131 28
132 30
133 15
134 31
135 26
136 29
137 26
138 36
139 19
140 20
141 17
142 24
143 32
144 25
145 20
146 25
147 17
148 25
149 23
150 29
151 31
152 31
153 29
154 25
155 31
156 19
157 21
158 38
159 16
160 38
161 34
162 26
163 28
164 23
165 36
166 34
167 31
168 27
169 25
170 23
171 26
172 34
173 37
174 15
175 21
176 21
177 23
178 18
179 28
180 30
181 35
182 29
183 25
184 36
185 21
186 24
187 16
188 22
189 21
190 25
191 34
192 27
193 28
194 32
195 22
196 25
197 38
198 21
199 26
200 30
201 26
202 26
203 31
204 25
205 22
206 27
207 31
208 34
209 27
210 22
211 28
212 24
213 27
214 25
215 28
216 29
217 22
218 29
219 33
220 26
221 26
222 33
223 23
224 27
225 29
226 25
227 20
228 27
229 24
230 21
231 18
232 24
233 38
234 27
235 28
236 19
237 28
238 20
239 30
240 28
241 20
242 26
243 33
244 30
245 25
246 25
247 26
248 25
249 35
250 22
251 24
252 30
253 22
254 22
255 32
256 28
257 24
258 38
259 37
260 31
261 26
262 30
263 23
264 23
265 20
266 24
267 32
268 23
269 27
270 19
271 27
272 29
273 25
274 25
275 28
276 32
277 20
278 27
279 30
280 32
281 19
282 31
283 25
284 20
285 30
286 30
287 33
288 27
289 24
290 26
291 27
292 29
293 24
294 18
295 24
296 27
297 32
298 26
299 34
300 28
301 21
302 23
303 37
304 30
305 31
306 37
307 15
308 32
309 25
310 31
311 31
312 18
313 25
314 29
315 27
316 28
317 27
318 27
319 30
320 28
321 24
322 24
323 33
324 28
325 34
326 29
327 24
328 25
329 23
330 31
331 21
332 27
333 24
334 29
335 27
336 31
337 37
338 26
339 21
340 22
341 29
342 32
343 23
344 26
345 32
346 25
347 32
348 27
349 29
350 32
351 25
352 28
353 20
354 33
355 25
356 24
357 30
358 23
359 27
360 28
361 24
362 18
363 31
364 26
365 24
366 29
367 33
368 25
369 31
370 33
371 24
372 29
373 25
374 26
375 24
376 22
377 21
378 26
379 32
380 30
381 34
382 33
383 21
384 27
385 29
386 35
387 31
388 34
389 29
390 23
391 26
392 18
393 26
394 25
395 23
396 25
397 24
398 30
399 33
400 29
401 33
402 25
403 20
404 31
405 28
406 19
407 35
408 27
409 27
410 32
411 20
412 26
413 32
414 25
415 31
416 38
417 40
418 25
419 24
420 25
421 35
422 39
423 24
424 19
425 21
426 35
427 28
428 19
429 33
430 21
431 28
432 30
433 23
434 24
435 31
436 22
437 35
438 30
439 24
440 21
441 22
442 26
443 28
444 30
445 23
446 36
447 27
448 22
449 31
450 26
451 30
452 23
453 26
454 26
455 23
456 24
457 24
458 28
459 28
460 26
461 22
462 27
463 29
464 22
465 32
466 31
467 34
468 23
469 35
470 20
471 31
472 24
473 36
474 26
475 31
476 21
477 27
478 19
479 45
480 35
481 25
482 27
483 21
484 18
485 28
486 23
487 39
488 24
489 34
490 22
491 28
492 25
493 19
494 21
495 32
496 28
497 39
498 33
499 21
500 25
501 36
502 21
503 31
504 31
505 27
506 25
507 39
508 25
509 23
510 27
511 21
512 27
513 33
514 26
515 20
516 21
517 21
518 29
519 24
520 36
521 27
522 32
523 24
524 24
525 21
526 27
527 27
528 29
529 24
530 24
531 26
532 23
533 30
534 27
535 22
536 35
537 22
538 20
539 37
540 20
541 17
542 34
543 31
544 22
545 34
546 30
547 24
548 26
549 31
550 21
551 28
552 26
553 32
554 32
555 21
556 21
557 19
558 32
559 25
560 23
561 30
562 22
563 29
564 33
565 28
566 34
567 29
568 25
569 32
570 34
571 32
572 26
573 30
574 29
575 29
576 41
577 30
578 23
579 19
580 30
581 27
582 29
583 33
584 24
585 37
586 25
587 37
588 22
589 25
590 33
591 25
592 33
593 26
594 19
595 28
596 24
597 22
598 30
599 28
600 25
601 26
602 22
603 23
604 21
605 20
606 27
607 22
608 25
609 28
610 26
611 24
612 27
613 24
614 31
615 28
616 17
617 24
618 41
619 21
620 30
621 34
622 25
623 29
624 25
625 25
626 29
627 36
628 28
629 31
630 28
631 21
632 31
633 21
634 25
635 30
636 33
637 30
638 30
639 35
640 29
641 22
642 28
643 26
644 31
645 32
646 27
647 31
648 37
649 31
650 20
651 20
652 31
653 26
654 24
655 22
656 36
657 42
658 22
659 21
660 24
661 29
662 22
663 29
664 21
665 33
666 20
667 28
668 29
669 30
670 32
671 27
672 30
673 20
674 29
675 27
676 33
677 27
678 27
679 27
680 28
681 36
682 21
683 35
684 29
685 25
686 22
687 29
688 26
689 31
690 29
691 28
692 24
693 32
694 23
695 22
696 24
697 36
698 25
699 27
700 21
701 21
702 29
703 25
704 26
705 29
706 31
707 24
708 28
709 27
710 33
711 25
712 29
713 29
714 25
715 29
716 35
717 26
718 25
719 17
720 35
721 25
722 29
723 24
724 23
725 31
726 30
727 17
728 25
729 31
730 19
731 21
732 26
733 26
734 35
735 23
736 21
737 34
738 22
739 31
740 31
741 25
742 32
743 27
744 22
745 14
746 36
747 32
748 26
749 22
750 30
751 24
752 35
753 34
754 32
755 25
756 23
757 37
758 26
759 35
760 22
761 22
762 32
763 29
764 33
765 30
766 20
767 11
768 30
769 26
770 20
771 17
772 22
773 22
774 30
775 29
776 24
777 27
778 23
779 20
780 28
781 25
782 27
783 33
784 33
785 31
786 29
787 18
788 23
789 29
790 27
791 19
792 23
793 25
794 33
795 29
796 27
797 29
798 18
799 24
800 25
801 22
802 29
803 27
804 32
805 30
806 35
807 26
808 30
809 34
810 27
811 26
812 21
813 17
814 25
815 24
816 37
817 28
818 27
819 34
820 33
821 23
822 28
823 37
824 26
825 22
826 34
827 37
828 31
829 34
830 27
831 25
832 36
833 29
834 27
835 31
836 27
837 23
838 28
839 39
840 34
841 30
842 31
843 35
844 18
845 26
846 30
847 27
848 37
849 36
850 41
851 19
852 18
853 29
854 22
855 26
856 32
857 21
858 27
859 26
860 26
861 25
862 25
863 30
864 24
865 39
866 30
867 22
868 28
869 16
870 27
871 28
872 28
873 30
874 26
875 27
876 26
877 22
878 22
879 24
880 29
881 14
882 18
883 27
884 40
885 35
886 19
887 27
888 27
889 27
890 25
891 31
892 24
893 28
894 28
895 38
896 27
897 28
898 25
899 31
900 18
901 29
902 26
903 29
904 22
905 28
906 30
907 31
908 21
909 27
910 27
911 22
912 26
913 21
914 22
915 33
916 25
917 28
918 32
919 35
920 28
921 18
922 25
923 27
924 27
925 16
926 25
927 28
928 23
929 33
930 26
931 29
932 35
933 26
934 22
935 35
936 29
937 33
938 26
939 18
940 24
941 26
942 23
943 19
944 24
945 23
946 24
947 29
948 31
949 29
950 25
951 26
952 28
953 23
954 23
955 32
956 28
957 28
958 29
959 25
960 29
961 27
962 23
963 31
964 30
965 22
966 34
967 24
968 25
969 30
970 37
971 29
972 31
973 34
974 33
975 24
976 28
977 33
978 21
979 35
980 24
981 33
982 26
983 18
984 18
985 26
986 24
987 24
988 30
989 19
990 26
991 28
992 23
993 26
994 25
995 20
996 38
997 38
998 27
999 28
