0 20
1 24
2 29
3 26
4 26
5 30
6 32
7 32
8 20
9 29
10 33
11 22
12 28
13 33
14 25
15 31
16 34
17 29
18 31
19 35
20 35
21 28
22 28
23 29
24 32
25 22
26 28
27 28
28 28
29 34
30 32
31 31
32 25
33 31
34 27
35 34
36 26
37 26
38 28
39 30
40 29
41 30
42 27
43 22
44 30
45 29
46 27
47 31
48 32
49 24
50 31
51 35
52 26
53 31
54 30
55 34
56 32
57 21
58 29
59 24
60 31
61 24
62 28
63 31
64 36
65 28
66 31
67 26
68 33
69 29
70 22
71 27
72 29
73 28
74 28
75 28
76 37
77 27
78 32
79 30
80 24
81 28
82 38
83 32
84 25
85 31
86 30
87 31
88 26
89 25
90 31
91 42
92 23
93 28
94 30
95 31
96 23
97 31
98 31
99 36
100 28
101 35
102 29
103 29
104 27
105 33
106 28
107 31
108 38
109 30
110 32
111 29
112 34
113 38
114 30
115 27
116 28
117 25
118 26
119 28
120 29
121 23
122 32
123 30
124 23
125 27
126 33
127 35
128 28
129 28
130 29
131 32
132 31
133 30
134 23
135 33
136 38
137 25
138 28
139 30
140 30
141 30
142 32
143 30
144 24
145 30
146 26
147 25
148 30
149 26
150 37
151 26
152 30
153 32
154 35
155 31
156 33
157 29
158 36
159 31
160 36
161 33
162 31
163 28
164 31
165 29
166 26
167 30
168 38
169 30
170 32
171 28
172 30
173 28
174 28
175 30
176 27
177 30
178 28
179 34
180 34
181 35
182 22
183 37
184 31
185 27
186 31
187 36
188 25
189 32
190 31
191 32
192 26
193 34
194 28
195 20
196 34
197 26
198 35
199 27
200 31
201 27
202 26
203 22
204 32
205 34
206 27
207 28
208 26
209 39
210 29
211 36
212 34
213 32
214 33
215 24
216 26
217 40
218 31
219 35
220 26
221 26
222 37
223 30
224 27
225 29
226 42
227 32
228 26
229 29
230 29
231 35
232 28
233 29
234 30
235 30
236 31
237 29
238 31
239 33
240 31
241 34
242 31
243 37
244 31
245 32
246 31
247 30
248 34
249 28
250 32
251 37
252 33
253 27
254 20
255 29
256 30
257 25
258 28
259 29
260 29
261 33
262 28
263 25
264 27
265 34
266 32
267 27
268 40
269 26
270 21
271 30
272 21
273 29
274 31
275 30
276 27
277 30
278 30
279 28
280 31
281 38
282 28
283 33
284 28
285 36
286 25
287 24
288 34
289 33
290 28
291 37
292 34
293 25
294 28
295 23
296 28
297 35
298 29
299 35
300 25
301 36
302 31
303 29
304 35
305 34
306 27
307 29
308 30
309 24
310 30
311 31
312 26
313 26
314 25
315 25
316 32
317 30
318 20
319 28
320 31
321 26
322 30
323 33
324 25
325 30
326 26
327 31
328 23
329 36
330 25
331 36
332 35
333 31
334 35
335 28
336 36
337 31
338 33
339 33
340 29
341 27
342 30
343 29
344 22
345 36
346 30
347 26
348 27
349 33
350 30
351 31
352 29
353 22
354 28
355 26
356 23
357 32
358 30
359 26
360 29
361 32
362 30
363 24
364 32
365 34
366 28
367 27
368 30
369 37
370 25
371 26
372 23
373 35
374 24
375 30
376 22
377 34
378 29
379 28
380 31
381 30
382 27
383 28
384 27
385 42
386 38
387 32
388 25
389 33
390 35
391 30
392 26
393 24
394 32
395 30
396 30
397 26
398 30
399 26
400 23
401 37
402 30
403 25
404 23
405 30
406 32
407 26
408 20
409 31
410 29
411 31
412 27
413 34
414 30
415 28
416 27
417 25
418 23
419 31
420 36
421 33
422 37
423 24
424 28
425 27
426 31
427 34
428 31
429 29
430 28
431 24
432 28
433 36
434 22
435 29
436 31
437 30
438 28
439 30
440 35
441 37
442 29
443 28
444 27
445 27
446 25
447 34
448 28
449 34
450 25
451 28
452 22
453 28
454 24
455 32
456 26
457 31
458 28
459 25
460 32
461 32
462 32
463 33
464 27
465 35
466 29
467 25
468 34
469 26
470 31
471 33
472 28
473 33
474 33
475 33
476 33
477 33
478 48
479 27
480 27
481 29
482 27
483 28
484 35
485 23
486 31
487 34
488 38
489 24
490 35
491 32
492 29
493 33
494 33
495 32
496 30
497 30
498 38
499 25
500 25
501 27
502 32
503 29
504 28
505 27
506 30
507 35
508 18
509 30
510 28
511 36
512 25
513 30
514 24
515 27
516 29
517 32
518 31
519 29
520 30
521 27
522 22
523 31
524 32
525 33
526 31
527 27
528 24
529 32
530 33
531 33
532 30
533 26
534 25
535 27
536 35
537 28
538 28
539 33
540 32
541 30
542 25
543 25
544 29
545 28
546 29
547 27
548 36
549 32
550 25
551 24
552 25
553 30
554 30
555 26
556 30
557 28
558 33
559 29
560 24
561 26
562 26
563 30
564 29
565 24
566 35
567 38
568 30
569 34
570 30
571 31
572 31
573 34
574 25
575 30
576 23
577 28
578 31
579 30
580 28
581 35
582 23
583 33
584 30
585 30
586 29
587 32
588 28
589 42
590 27
591 27
592 28
593 28
594 33
595 30
596 28
597 25
598 27
599 30
600 27
601 28
602 28
603 35
604 31
605 39
606 32
607 28
608 31
609 41
610 19
611 26
612 34
613 27
614 27
615 36
616 32
617 30
618 32
619 32
620 29
621 31
622 36
623 24
624 24
625 27
626 24
627 30
628 31
629 26
630 31
631 33
632 31
633 26
634 25
635 28
636 29
637 28
638 32
639 30
640 26
641 27
642 27
643 33
644 31
645 23
646 32
647 26
648 39
649 29
650 25
651 30
652 30
653 30
654 47
655 27
656 34
657 30
658 31
659 31
660 26
661 31
662 27
663 30
664 30
665 27
666 30
667 32
668 39
669 31
670 31
671 32
672 24
673 33
674 30
675 36
676 33
677 27
678 39
679 23
680 28
681 29
682 24
683 25
684 32
685 26
686 31
687 24
688 28
689 32
690 30
691 26
692 31
693 26
694 26
695 25
696 25
697 27
698 36
699 33
