0 46
1 49
2 44
3 54
4 54
5 52
6 59
7 40
8 43
9 43
10 36
11 50
12 37
13 51
14 55
15 47
16 49
17 62
18 42
19 51
20 50
21 38
22 50
23 48
24 44
25 48
26 47
27 45
28 41
29 59
30 54
31 51
32 52
33 46
34 51
35 46
36 54
37 50
38 50
39 51
40 48
41 54
42 33
43 48
44 41
45 39
46 44
47 49
48 55
49 45
50 50
51 49
52 46
53 40
54 47
55 43
56 49
57 47
58 51
59 47
60 48
61 43
62 48
63 47
64 41
65 42
66 42
67 40
68 47
69 49
70 53
71 38
72 32
73 38
74 48
75 51
76 39
77 43
78 54
79 37
80 51
81 34
82 58
83 39
84 52
85 48
86 53
87 53
88 53
89 38
90 46
91 41
92 47
93 41
94 45
95 47
96 40
97 67
98 38
99 41
100 51
101 54
102 63
103 54
104 45
105 50
106 40
107 44
108 45
109 56
110 39
111 52
112 39
113 53
114 36
115 52
116 53
117 55
118 35
119 50
120 44
121 47
122 41
123 39
124 44
125 42
126 37
127 52
128 46
129 42
130 55
131 42
132 38
133 48
134 46
135 45
136 38
137 54
138 47
139 54
140 56
141 44
142 45
143 49
144 44
145 35
146 45
147 48
148 45
149 30
150 47
151 48
152 52
153 51
154 51
155 44
156 61
157 58
158 42
159 42
160 48
161 46
162 39
163 41
164 51
165 51
166 45
167 54
168 42
169 49
170 53
171 45
172 45
173 51
174 50
175 46
176 51
177 47
178 48
179 49
180 46
181 50
182 41
183 44
184 50
185 47
186 52
187 45
188 37
189 42
190 57
191 48
192 42
193 52
194 54
195 54
196 54
197 38
198 39
199 45
200 42
201 44
202 56
203 37
204 43
205 51
206 31
207 59
208 43
209 49
210 47
211 50
212 52
213 45
214 51
215 48
216 51
217 47
218 45
219 41
220 42
221 49
222 46
223 45
224 48
225 51
226 47
227 54
228 53
229 48
230 45
231 35
232 43
233 38
234 41
235 48
236 40
237 50
238 42
239 45
240 46
241 48
242 44
243 59
244 47
245 60
246 52
247 38
248 59
249 50
250 39
251 55
252 38
253 55
254 45
255 48
256 44
257 39
258 41
259 51
260 35
261 46
262 47
263 55
264 49
265 55
266 50
267 47
268 45
269 42
270 56
271 54
272 51
273 46
274 59
275 40
276 42
277 55
278 55
279 52
280 43
281 49
282 38
283 49
284 50
285 49
286 53
287 47
288 49
289 55
290 41
291 43
292 54
293 46
294 44
295 40
296 56
297 57
298 36
299 45
300 35
301 53
302 48
303 47
304 57
305 48
306 40
307 53
308 49
309 51
310 39
311 57
312 43
313 47
314 43
315 40
316 55
317 35
318 51
319 50
320 43
321 42
322 47
323 41
324 44
325 41
326 56
327 56
328 45
329 45
330 43
331 33
332 37
333 40
334 49
335 47
336 47
337 49
338 44
339 39
340 47
341 49
342 43
343 45
344 55
345 35
346 41
347 53
348 42
349 40
350 49
351 49
352 59
353 44
354 43
355 42
356 46
357 46
358 48
359 58
360 39
361 41
362 47
363 46
364 40
365 43
366 38
367 50
368 57
369 42
370 38
371 51
372 53
373 27
374 51
375 54
376 41
377 73
378 53
379 54
380 47
381 41
382 53
383 35
384 47
385 50
386 44
387 44
388 35
389 54
390 50
391 49
392 51
393 41
394 56
395 59
396 45
397 36
398 46
399 47
400 31
401 58
402 48
403 42
404 41
405 39
406 48
407 41
408 53
409 46
410 34
411 51
412 41
413 58
414 49
415 46
416 35
417 51
418 50
419 51
420 45
421 43
422 44
423 33
424 42
425 49
426 60
427 45
428 39
429 44
430 50
431 58
432 53
433 46
434 60
435 51
436 40
437 39
438 46
439 50
440 47
441 49
442 43
443 51
444 42
445 42
446 52
447 52
448 42
449 53
450 55
451 57
452 49
453 54
454 43
455 49
456 41
457 43
458 39
459 44
460 31
461 43
462 39
463 49
464 46
465 57
466 36
467 37
468 50
469 45
470 48
471 58
472 47
473 59
474 41
475 45
476 54
477 40
478 49
479 65
480 42
481 54
482 55
483 42
484 58
485 54
486 43
487 37
488 53
489 57
490 52
491 44
492 49
493 47
494 42
495 55
496 43
497 41
498 41
499 45
