0 32
1 24
2 26
3 29
4 24
5 23
6 23
7 27
8 28
9 28
10 30
11 29
12 37
13 30
14 28
15 32
16 22
17 30
18 28
19 29
20 31
21 28
22 30
23 31
24 34
25 27
26 32
27 25
28 26
29 29
30 22
31 24
32 31
33 29
34 24
35 21
36 32
37 28
38 31
39 28
40 22
41 26
42 25
43 26
44 37
45 25
46 27
47 37
48 30
49 31
50 31
51 31
52 28
53 30
54 34
55 27
56 27
57 28
58 27
59 28
60 23
61 26
62 31
63 29
64 29
65 35
66 31
67 32
68 28
69 24
70 30
71 36
72 31
73 35
74 25
75 26
76 29
77 29
78 26
79 27
80 27
81 22
82 36
83 30
84 24
85 30
86 22
87 29
88 26
89 33
90 32
91 30
92 28
93 29
94 29
95 23
96 24
97 33
98 26
99 29
100 31
101 27
102 23
103 32
104 32
105 31
106 32
107 29
108 23
109 26
110 30
111 26
112 38
113 26
114 31
115 25
116 30
117 25
118 32
119 24
120 32
121 30
122 29
123 24
124 30
125 35
126 32
127 29
128 25
129 29
130 29
131 28
132 30
133 31
134 26
135 31
136 25
137 31
138 35
139 29
140 35
141 22
142 26
143 27
144 34
145 33
146 26
147 32
148 36
149 29
150 28
151 27
152 31
153 34
154 28
155 26
156 27
157 27
158 33
159 32
160 24
161 31
162 26
163 31
164 35
165 33
166 27
167 27
168 29
169 32
170 25
171 25
172 28
173 26
174 29
175 38
176 35
177 26
178 30
179 31
180 32
181 27
182 26
183 38
184 26
185 28
186 30
187 29
188 29
189 25
190 33
191 24
192 28
193 27
194 41
195 32
196 35
197 24
198 28
199 29
200 34
201 33
202 35
203 33
204 27
205 33
206 29
207 30
208 29
209 31
210 30
211 25
212 30
213 33
214 29
215 32
216 32
217 32
218 27
219 28
220 27
221 35
222 29
223 22
224 28
225 33
226 27
227 38
228 27
229 32
230 36
231 26
232 24
233 34
234 26
235 29
236 25
237 30
238 27
239 29
240 26
241 33
242 33
243 27
244 34
245 29
246 32
247 24
248 24
249 33
250 33
251 28
252 26
253 33
254 31
255 28
256 35
257 26
258 30
259 34
260 31
261 31
262 33
263 33
264 28
265 36
266 33
267 32
268 25
269 28
270 37
271 31
272 29
273 31
274 34
275 34
276 26
277 28
278 31
279 27
280 29
281 28
282 28
283 25
284 28
285 24
286 31
287 24
288 33
289 30
290 28
291 27
292 29
293 25
294 24
295 25
296 26
297 25
298 29
299 30
300 31
301 29
302 35
303 29
304 29
305 32
306 28
307 28
308 34
309 30
310 31
311 22
312 27
313 31
314 34
315 27
316 28
317 26
318 34
319 28
320 31
321 30
322 33
323 32
324 24
325 26
326 32
327 25
328 30
329 23
330 27
331 29
332 31
333 30
334 26
335 31
336 23
337 30
338 35
339 35
340 27
341 31
342 27
343 30
344 27
345 29
346 34
347 29
348 32
349 25
350 25
351 29
352 28
353 32
354 34
355 32
356 31
357 29
358 31
359 27
360 33
361 28
362 39
363 26
364 26
365 29
366 24
367 26
368 34
369 27
370 36
371 31
372 33
373 25
374 36
375 30
376 27
377 28
378 39
379 34
380 35
381 32
382 32
383 28
384 29
385 26
386 25
387 33
388 27
389 30
390 27
391 26
392 28
393 31
394 29
395 36
396 36
397 24
398 29
399 28
400 31
401 25
402 38
403 32
404 36
405 35
406 28
407 24
408 34
409 28
410 31
411 26
412 26
413 35
414 34
415 24
416 26
417 28
418 34
419 29
420 33
421 28
422 28
423 26
424 32
425 30
426 31
427 29
428 23
429 25
430 28
431 28
432 36
433 28
434 29
435 26
436 23
437 36
438 35
439 27
440 20
441 29
442 28
443 34
444 32
445 26
446 30
447 38
448 27
449 29
450 27
451 32
452 26
453 37
454 32
455 32
456 33
457 29
458 30
459 29
460 32
461 30
462 32
463 29
464 33
465 27
466 28
467 32
468 28
469 32
470 29
471 27
472 34
473 30
474 37
475 35
476 34
477 25
478 26
479 29
480 34
481 29
482 28
483 28
484 36
485 30
486 28
487 24
488 35
489 28
490 23
491 26
492 29
493 27
494 27
495 28
496 39
497 29
498 26
499 30
