0 27
1 25
2 27
3 27
4 15
5 25
6 24
7 29
8 29
9 23
10 19
11 26
12 26
13 22
14 30
15 26
16 29
17 23
18 26
19 27
20 25
21 22
22 20
23 30
24 25
25 26
26 25
27 34
28 28
29 27
30 31
31 28
32 30
33 29
34 30
35 27
36 25
37 26
38 24
39 28
40 33
41 29
42 19
43 30
44 25
45 24
46 25
47 18
48 27
49 23
50 27
51 30
52 27
53 27
54 26
55 23
56 29
57 23
58 22
59 23
60 22
61 33
62 28
63 25
64 25
65 26
66 20
67 26
68 26
69 25
70 25
71 23
72 22
73 21
74 25
75 28
76 22
77 22
78 24
79 24
80 32
81 31
82 24
83 20
84 27
85 23
86 31
87 26
88 31
89 26
90 27
91 27
92 27
93 32
94 29
95 30
96 28
97 34
98 26
99 22
100 30
101 33
102 30
103 32
104 24
105 25
106 25
107 27
108 28
109 27
110 28
111 26
112 32
113 25
114 30
115 24
116 27
117 27
118 25
119 20
120 24
121 29
122 27
123 23
124 27
125 29
126 26
127 25
128 24
129 24
130 27
131 19
132 29
133 31
134 21
135 23
136 27
137 22
138 24
139 25
140 24
141 25
142 30
143 30
144 28
145 25
146 20
147 25
148 27
149 21
150 19
151 25
152 26
153 20
154 19
155 19
156 24
157 33
158 25
159 32
160 25
161 27
162 23
163 27
164 21
165 23
166 25
167 19
168 30
169 35
170 29
171 32
172 25
173 25
174 27
175 24
176 28
177 23
178 27
179 24
180 22
181 30
182 22
183 33
184 27
185 26
186 24
187 19
188 26
189 30
190 26
191 27
192 24
193 25
194 23
195 24
196 27
197 25
198 25
199 21
200 25
201 23
202 26
203 28
204 24
205 26
206 23
207 23
208 29
209 25
210 27
211 19
212 16
213 25
214 28
215 26
216 25
217 24
218 25
219 27
220 22
221 29
222 26
223 27
224 31
225 22
226 24
227 28
228 27
229 28
230 21
231 28
232 28
233 25
234 30
235 29
236 23
237 27
238 29
239 25
240 24
241 23
242 26
243 23
244 22
245 21
246 30
247 34
248 28
249 21
250 21
251 31
252 26
253 30
254 25
255 23
256 25
257 30
258 34
259 28
260 22
261 23
262 29
263 25
264 26
265 21
266 28
267 26
268 31
269 17
270 23
271 29
272 25
273 22
274 28
275 29
276 25
277 21
278 27
279 23
280 26
281 27
282 25
283 27
284 26
285 28
286 24
287 29
288 25
289 25
290 26
291 26
292 20
293 19
294 27
295 23
296 24
297 23
298 28
299 24
300 28
301 26
302 27
303 23
304 25
305 30
306 27
307 22
308 28
309 32
310 29
311 25
312 28
313 24
314 27
315 21
316 30
317 28
318 24
319 23
320 27
321 31
322 32
323 26
324 25
325 23
326 25
327 21
328 25
329 31
330 29
331 22
332 29
333 30
334 25
335 28
336 24
337 31
338 33
339 27
340 23
341 25
342 23
343 24
344 26
345 28
346 40
347 21
348 21
349 28
350 27
351 27
352 21
353 28
354 28
355 23
356 20
357 27
358 22
359 31
360 26
361 21
362 23
363 23
364 22
365 27
366 26
367 27
368 19
369 25
370 32
371 21
372 33
373 33
374 28
375 23
376 24
377 29
378 26
379 25
380 24
381 28
382 23
383 22
384 25
385 29
386 26
387 22
388 23
389 19
390 26
391 25
392 34
393 24
394 24
395 29
396 27
397 21
398 24
399 28
400 32
401 29
402 24
403 30
404 21
405 26
406 23
407 26
408 25
409 30
410 27
411 26
412 28
413 31
414 32
415 26
416 28
417 31
418 28
419 22
420 24
421 28
422 21
423 20
424 26
425 26
426 20
427 24
428 30
429 25
430 28
431 27
432 30
433 29
434 21
435 27
436 24
437 35
438 24
439 27
440 27
441 28
442 30
443 25
444 21
445 18
446 24
447 31
448 28
449 30
450 25
451 27
452 28
453 31
454 22
455 23
456 24
457 29
458 22
459 21
460 27
461 25
462 21
463 21
464 21
465 26
466 21
467 27
468 23
469 23
470 32
471 24
472 24
473 33
474 29
475 23
476 24
477 27
478 38
479 29
480 25
481 26
482 23
483 29
484 33
485 27
486 27
487 29
488 32
489 27
490 30
491 32
492 31
493 22
494 26
495 29
496 30
497 34
498 20
499 25
500 24
501 30
502 24
503 27
504 23
505 29
506 25
507 31
508 25
509 21
510 24
511 27
512 33
513 30
514 22
515 22
516 29
517 23
518 25
519 29
520 27
521 31
522 24
523 21
524 33
525 23
526 24
527 23
528 24
529 27
530 32
531 23
532 27
533 24
534 20
535 30
536 23
537 23
538 30
539 28
540 24
541 23
542 28
543 27
544 19
545 27
546 24
547 27
548 27
549 28
550 24
551 33
552 26
553 31
554 27
555 21
556 32
557 31
558 20
559 24
560 26
561 28
562 27
563 27
564 37
565 25
566 28
567 21
568 26
569 25
570 30
571 23
572 29
573 30
574 30
575 24
576 26
577 25
578 26
579 32
580 30
581 25
582 34
583 19
584 24
585 32
586 25
587 28
588 31
589 28
590 35
591 28
592 32
593 18
594 25
595 22
596 28
597 25
598 28
599 24
600 19
601 29
602 26
603 21
604 27
605 20
606 28
607 31
608 25
609 28
610 21
611 27
612 27
613 24
614 29
615 32
616 30
617 28
618 26
619 33
620 21
621 32
622 23
623 30
624 23
625 22
626 26
627 24
628 23
629 30
630 20
631 26
632 28
633 33
634 21
635 23
636 29
637 26
638 26
639 26
640 33
641 23
642 32
643 30
644 28
645 29
646 28
647 23
648 23
649 29
650 27
651 21
652 34
653 29
654 24
655 26
656 25
657 20
658 30
659 24
660 25
661 25
662 28
663 28
664 24
665 25
666 33
667 26
668 29
669 29
670 28
671 30
672 29
673 25
674 26
675 32
676 27
677 22
678 23
679 35
680 21
681 31
682 19
683 25
684 24
685 26
686 19
687 26
688 31
689 33
690 25
691 26
692 28
693 22
694 26
695 27
696 34
697 29
698 22
699 18
700 21
701 24
702 29
703 24
704 27
705 22
706 29
707 25
708 32
709 31
710 28
711 25
712 26
713 27
714 28
715 23
716 22
717 25
718 32
719 22
720 20
721 25
722 30
723 29
724 24
725 32
726 23
727 23
728 25
729 32
730 21
731 26
732 28
733 27
734 25
735 26
736 24
737 29
738 26
739 32
740 25
741 28
742 26
743 23
744 22
745 22
746 21
747 27
748 21
749 24
750 23
751 26
752 29
753 25
754 19
755 31
756 25
757 28
758 25
759 23
760 27
761 27
762 21
763 24
764 23
765 28
766 19
767 33
768 28
769 21
770 23
771 26
772 30
773 25
774 25
775 31
776 25
777 29
778 24
779 29
780 27
781 29
782 30
783 24
784 23
785 28
786 21
787 21
788 21
789 27
790 19
791 32
792 26
793 34
794 25
795 25
796 30
797 27
798 30
799 29
800 28
801 27
802 20
803 25
804 24
805 25
806 24
807 35
808 26
809 22
810 27
811 22
812 29
813 23
814 25
815 24
816 24
817 19
818 25
819 20
820 24
821 25
822 23
823 32
824 28
825 26
826 22
827 29
828 27
829 32
830 27
831 29
832 23
833 29
834 31
835 27
836 27
837 25
838 23
839 28
840 22
841 25
842 22
843 31
844 29
845 33
846 25
847 23
848 22
849 23
850 28
851 25
852 27
853 22
854 24
855 23
856 33
857 27
858 31
859 29
860 25
861 22
862 24
863 27
864 22
865 18
866 25
867 23
868 24
869 15
870 27
871 29
872 23
873 25
874 30
875 25
876 24
877 22
878 23
879 24
880 20
881 23
882 30
883 25
884 25
885 29
886 25
887 28
888 23
889 33
890 22
891 30
892 23
893 26
894 25
895 25
896 25
897 17
898 22
899 22
