0 1
0 2
0 3
0 4
0 5
0 6
0 7
0 8
0 9
0 10
0 11
0 12
0 13
0 14
0 17
0 19
0 20
0 21
0 26
0 29
0 32
0 36
0 39
0 42
0 48
0 49
0 58
0 59
0 69
0 75
0 76
0 82
0 83
0 90
0 92
0 101
0 105
0 106
0 109
0 110
0 112
0 113
0 121
0 126
0 128
0 130
0 164
0 166
0 167
0 172
0 179
0 182
0 184
0 185
0 189
0 193
0 200
0 207
0 217
0 233
0 237
0 244
0 245
0 249
0 250
0 264
0 268
0 270
0 274
0 275
0 278
0 287
0 296
0 316
0 329
0 340
0 376
0 379
0 383
0 390
0 392
0 397
0 404
0 409
0 411
0 417
0 419
0 423
0 435
0 439
0 440
0 442
0 448
0 449
0 455
0 460
1 0
1 2
1 3
1 4
1 5
1 6
1 7
1 8
1 9
1 10
1 11
1 12
1 13
1 15
1 16
1 17
1 18
1 19
1 20
1 23
1 24
1 25
1 26
1 27
1 28
1 29
1 30
1 31
1 32
1 33
1 35
1 36
1 37
1 39
1 42
1 47
1 51
1 53
1 54
1 55
1 56
1 57
1 59
1 62
1 63
1 70
1 76
1 81
1 83
1 90
1 93
1 100
1 101
1 102
1 103
1 108
1 110
1 114
1 118
1 125
1 126
1 145
1 146
1 147
1 154
1 158
1 167
1 180
1 181
1 192
1 203
1 204
1 207
1 210
1 211
1 221
1 222
1 223
1 224
1 226
1 229
1 239
1 245
1 247
1 252
1 259
1 262
1 263
1 267
1 268
1 271
1 277
1 293
1 298
1 301
1 303
1 309
1 310
1 315
1 319
1 330
1 344
1 349
1 350
1 352
1 353
1 375
1 381
1 388
1 398
1 411
1 415
2 0
2 1
2 3
2 4
2 5
2 6
2 7
2 8
2 9
2 10
2 11
2 12
2 13
2 15
2 18
2 19
2 20
2 21
2 27
2 28
2 30
2 32
2 34
2 36
2 38
2 39
2 40
2 50
2 56
2 62
2 63
2 65
2 69
2 77
2 79
2 80
2 89
2 93
2 100
2 104
2 106
2 108
2 110
2 113
2 134
2 141
2 148
2 157
2 174
2 196
2 197
2 198
2 204
2 205
2 206
2 219
2 221
2 225
2 236
2 242
2 245
2 256
2 257
2 274
2 275
2 279
2 283
2 304
2 305
2 307
2 310
2 325
2 369
2 372
2 384
2 402
2 411
2 414
2 430
2 451
2 454
2 470
3 0
3 1
3 2
3 4
3 5
3 6
3 7
3 8
3 9
3 10
3 11
3 13
3 14
3 15
3 16
3 17
3 18
3 19
3 20
3 21
3 22
3 23
3 30
3 33
3 34
3 41
3 44
3 46
3 49
3 51
3 56
3 58
3 62
3 63
3 65
3 71
3 72
3 76
3 77
3 84
3 89
3 90
3 106
3 110
3 111
3 112
3 117
3 118
3 121
3 129
3 140
3 141
3 142
3 146
3 150
3 156
3 163
3 169
3 173
3 177
3 188
3 194
3 195
3 199
3 213
3 241
3 246
3 247
3 262
3 265
3 268
3 271
3 301
3 302
3 314
3 328
3 329
3 335
3 347
3 348
3 358
3 364
3 403
3 430
3 435
3 447
3 457
3 460
3 475
4 0
4 1
4 2
4 3
4 5
4 6
4 7
4 8
4 9
4 10
4 11
4 12
4 14
4 15
4 16
4 17
4 19
4 20
4 25
4 26
4 27
4 29
4 32
4 37
4 41
4 42
4 46
4 48
4 49
4 50
4 55
4 56
4 64
4 65
4 66
4 67
4 68
4 70
4 71
4 72
4 76
4 77
4 78
4 80
4 85
4 87
4 91
4 100
4 103
4 106
4 118
4 120
4 124
4 127
4 132
4 133
4 135
4 136
4 137
4 146
4 151
4 152
4 153
4 168
4 170
4 182
4 185
4 186
4 196
4 211
4 230
4 232
4 234
4 238
4 252
4 253
4 263
4 266
4 271
4 272
4 285
4 292
4 304
4 305
4 315
4 318
4 327
4 333
4 338
4 349
4 359
4 362
4 377
4 380
4 388
4 393
4 398
4 400
4 406
4 419
4 422
4 436
4 439
4 442
4 449
4 461
4 466
4 467
4 468
4 488
4 489
5 0
5 1
5 2
5 3
5 4
5 6
5 7
5 8
5 9
5 10
5 11
5 12
5 14
5 15
5 16
5 18
5 19
5 29
5 30
5 31
5 33
5 34
5 37
5 41
5 43
5 64
5 67
5 68
5 69
5 70
5 73
5 84
5 86
5 92
5 106
5 109
5 111
5 151
5 163
5 169
5 186
5 188
5 201
5 203
5 216
5 239
5 277
5 297
5 298
5 307
5 330
5 339
5 343
5 352
5 354
5 355
5 356
5 370
5 380
5 395
5 398
5 417
5 421
5 427
5 435
5 438
5 454
5 460
5 462
5 470
5 479
5 480
5 489
5 496
5 497
6 0
6 1
6 2
6 3
6 4
6 5
6 7
6 8
6 9
6 10
6 11
6 12
6 13
6 15
6 17
6 19
6 21
6 22
6 23
6 24
6 25
6 28
6 30
6 31
6 32
6 34
6 35
6 37
6 38
6 39
6 41
6 42
6 43
6 44
6 45
6 46
6 48
6 49
6 51
6 63
6 64
6 65
6 67
6 71
6 73
6 80
6 87
6 91
6 92
6 95
6 100
6 102
6 103
6 115
6 116
6 122
6 125
6 132
6 143
6 144
6 150
6 151
6 156
6 159
6 160
6 180
6 182
6 185
6 194
6 202
6 206
6 210
6 215
6 231
6 234
6 236
6 237
6 248
6 251
6 255
6 265
6 292
6 294
6 304
6 305
6 307
6 308
6 314
6 321
6 323
6 336
6 342
6 356
6 359
6 367
6 370
6 374
6 376
6 400
6 404
6 411
6 413
6 416
6 432
6 456
6 460
7 0
7 1
7 2
7 3
7 4
7 5
7 6
7 8
7 9
7 10
7 11
7 12
7 13
7 14
7 15
7 16
7 17
7 19
7 23
7 26
7 27
7 28
7 37
7 38
7 41
7 42
7 45
7 47
7 48
7 49
7 50
7 52
7 53
7 56
7 58
7 61
7 64
7 73
7 81
7 83
7 88
7 93
7 96
7 101
7 108
7 111
7 112
7 117
7 125
7 128
7 141
7 143
7 147
7 148
7 162
7 179
7 180
7 181
7 183
7 190
7 191
7 192
7 193
7 201
7 209
7 222
7 225
7 249
7 255
7 260
7 262
7 276
7 277
7 278
7 282
7 290
7 295
7 313
7 371
7 379
7 406
7 413
7 450
7 487
7 488
7 489
7 490
7 491
7 496
8 0
8 1
8 2
8 3
8 4
8 5
8 6
8 7
8 9
8 10
8 11
8 12
8 13
8 14
8 15
8 17
8 18
8 22
8 23
8 24
8 26
8 31
8 36
8 39
8 41
8 51
8 52
8 54
8 55
8 56
8 60
8 62
8 63
8 64
8 66
8 68
8 75
8 78
8 88
8 96
8 105
8 108
8 121
8 123
8 131
8 137
8 138
8 139
8 155
8 176
8 193
8 197
8 203
8 225
8 236
8 238
8 250
8 251
8 273
8 279
8 293
8 298
8 306
8 323
8 331
8 346
8 349
8 362
8 363
8 368
8 375
8 377
8 399
8 424
8 439
8 454
8 470
9 0
9 1
9 2
9 3
9 4
9 5
9 6
9 7
9 8
9 10
9 11
9 13
9 14
9 16
9 18
9 19
9 22
9 23
9 26
9 27
9 30
9 32
9 38
9 43
9 45
9 47
9 50
9 52
9 56
9 70
9 76
9 77
9 79
9 81
9 86
9 89
9 94
9 114
9 119
9 121
9 124
9 127
9 145
9 149
9 152
9 154
9 159
9 171
9 174
9 175
9 189
9 196
9 197
9 199
9 213
9 217
9 238
9 241
9 254
9 261
9 266
9 273
9 325
9 334
9 337
9 342
9 360
9 365
9 371
9 375
9 379
9 402
9 408
9 418
9 421
9 448
9 463
9 471
9 476
9 489
9 491
10 0
10 1
10 2
10 3
10 4
10 5
10 6
10 7
10 8
10 9
10 12
10 13
10 14
10 16
10 18
10 20
10 22
10 25
10 31
10 34
10 36
10 40
10 43
10 44
10 54
10 61
10 67
10 69
10 73
10 88
10 103
10 104
10 105
10 114
10 124
10 132
10 134
10 140
10 148
10 151
10 158
10 161
10 165
10 174
10 183
10 197
10 204
10 215
10 220
10 239
10 240
10 243
10 251
10 263
10 270
10 289
10 293
10 306
10 318
10 326
10 336
10 339
10 352
10 356
10 360
10 363
10 382
10 385
10 391
10 403
10 429
10 441
10 460
10 470
10 476
10 498
11 0
11 1
11 2
11 3
11 4
11 5
11 6
11 7
11 8
11 9
11 12
11 16
11 17
11 18
11 21
11 22
11 25
11 29
11 32
11 35
11 36
11 51
11 60
11 61
11 66
11 69
11 71
11 73
11 84
11 86
11 87
11 91
11 104
11 105
11 106
11 107
11 122
11 128
11 133
11 137
11 141
11 177
11 201
11 212
11 219
11 247
11 255
11 285
11 287
11 313
11 385
11 411
11 429
11 454
11 458
11 459
11 472
12 0
12 1
12 2
12 4
12 5
12 6
12 7
12 8
12 10
12 11
12 13
12 14
12 15
12 16
12 17
12 19
12 20
12 21
12 23
12 24
12 30
12 32
12 34
12 36
12 41
12 43
12 48
12 50
12 52
12 60
12 61
12 62
12 68
12 72
12 75
12 83
12 84
12 85
12 87
12 88
12 94
12 96
12 98
12 100
12 107
12 109
12 112
12 116
12 117
12 119
12 128
12 153
12 156
12 163
12 168
12 176
12 182
12 185
12 192
12 196
12 198
12 208
12 212
12 214
12 222
12 226
12 230
12 232
12 243
12 257
12 261
12 262
12 276
12 294
12 301
12 306
12 317
12 319
12 329
12 330
12 334
12 345
12 375
12 383
12 400
12 401
12 409
12 411
12 415
12 425
12 442
12 449
12 465
12 490
12 492
13 0
13 1
13 2
13 3
13 6
13 7
13 8
13 9
13 10
13 12
13 14
13 18
13 21
13 22
13 23
13 24
13 26
13 27
13 28
13 31
13 37
13 38
13 39
13 42
13 46
13 47
13 48
13 49
13 52
13 53
13 54
13 55
13 56
13 57
13 63
13 77
13 79
13 82
13 84
13 89
13 93
13 100
13 102
13 107
13 109
13 115
13 116
13 126
13 130
13 131
13 132
13 136
13 137
13 138
13 139
13 144
13 149
13 155
13 157
13 169
13 174
13 176
13 177
13 187
13 191
13 208
13 210
13 216
13 233
13 242
13 254
13 257
13 259
13 261
13 267
13 268
13 271
13 273
13 276
13 300
13 304
13 313
13 314
13 315
13 322
13 339
13 354
13 369
13 371
13 377
13 380
13 382
13 383
13 387
13 392
13 406
13 410
13 412
13 415
13 417
13 418
13 420
13 432
13 472
13 475
13 477
14 0
14 3
14 4
14 5
14 7
14 8
14 9
14 10
14 12
14 13
14 15
14 22
14 23
14 25
14 28
14 44
14 47
14 48
14 59
14 60
14 75
14 76
14 98
14 101
14 107
14 118
14 126
14 128
14 149
14 151
14 169
14 175
14 177
14 186
14 191
14 198
14 206
14 211
14 225
14 249
14 273
14 274
14 314
14 315
14 365
14 392
14 409
14 432
14 445
14 447
14 470
14 477
14 479
14 491
14 492
15 1
15 2
15 3
15 4
15 5
15 6
15 7
15 8
15 12
15 14
15 16
15 17
15 20
15 21
15 24
15 25
15 26
15 28
15 29
15 30
15 31
15 39
15 45
15 49
15 51
15 57
15 70
15 74
15 75
15 90
15 91
15 92
15 105
15 120
15 127
15 139
15 163
15 167
15 171
15 175
15 181
15 190
15 195
15 200
15 209
15 228
15 233
15 237
15 248
15 253
15 278
15 298
15 301
15 302
15 308
15 312
15 316
15 318
15 331
15 400
15 418
15 432
15 446
15 494
16 1
16 3
16 4
16 5
16 7
16 9
16 10
16 11
16 12
16 15
16 18
16 21
16 22
16 24
16 25
16 26
16 29
16 33
16 34
16 36
16 44
16 47
16 54
16 55
16 57
16 60
16 61
16 64
16 66
16 68
16 70
16 72
16 74
16 79
16 87
16 92
16 95
16 97
16 100
16 111
16 119
16 120
16 121
16 132
16 133
16 136
16 138
16 145
16 147
16 155
16 158
16 164
16 175
16 178
16 198
16 204
16 227
16 232
16 233
16 250
16 263
16 317
16 324
16 334
16 336
16 338
16 344
16 361
16 365
16 371
16 413
16 431
16 440
16 443
16 459
16 461
16 462
16 490
17 0
17 1
17 3
17 4
17 6
17 7
17 8
17 11
17 12
17 15
17 21
17 22
17 28
17 30
17 31
17 32
17 35
17 38
17 40
17 41
17 54
17 58
17 63
17 80
17 84
17 86
17 97
17 104
17 116
17 124
17 134
17 147
17 172
17 226
17 227
17 233
17 240
17 253
17 265
17 270
17 274
17 289
17 310
17 332
17 333
17 343
17 358
17 367
17 372
17 415
18 1
18 2
18 3
18 5
18 8
18 9
18 10
18 11
18 13
18 16
18 20
18 23
18 24
18 25
18 27
18 35
18 42
18 71
18 78
18 79
18 81
18 85
18 87
18 92
18 113
18 134
18 146
18 154
18 160
18 167
18 242
18 258
18 259
18 265
18 273
18 282
18 308
18 318
18 329
18 407
18 440
18 442
18 450
18 452
18 472
19 0
19 1
19 2
19 3
19 4
19 5
19 6
19 7
19 9
19 12
19 20
19 24
19 28
19 29
19 30
19 33
19 35
19 38
19 41
19 43
19 44
19 45
19 46
19 57
19 64
19 73
19 75
19 79
19 87
19 88
19 93
19 98
19 103
19 107
19 110
19 114
19 120
19 131
19 149
19 155
19 159
19 160
19 165
19 166
19 189
19 190
19 204
19 207
19 211
19 212
19 219
19 224
19 229
19 230
19 241
19 258
19 260
19 284
19 287
19 292
19 296
19 302
19 310
19 316
19 326
19 328
19 330
19 365
19 374
19 377
19 419
19 433
19 434
19 435
19 451
19 478
19 487
20 0
20 1
20 2
20 3
20 4
20 10
20 12
20 15
20 18
20 19
20 26
20 31
20 32
20 34
20 39
20 44
20 59
20 60
20 62
20 65
20 74
20 78
20 89
20 96
20 103
20 113
20 117
20 119
20 121
20 122
20 138
20 146
20 154
20 157
20 159
20 170
20 173
20 177
20 178
20 221
20 231
20 245
20 259
20 261
20 262
20 296
20 298
20 314
20 336
20 340
20 352
20 355
20 371
20 376
20 381
20 384
20 385
20 391
20 406
20 425
20 438
20 461
20 479
20 493
21 0
21 2
21 3
21 6
21 11
21 12
21 13
21 15
21 16
21 17
21 25
21 27
21 28
21 33
21 36
21 40
21 46
21 57
21 58
21 62
21 97
21 98
21 106
21 124
21 132
21 135
21 151
21 152
21 155
21 201
21 207
21 222
21 253
21 271
21 289
21 301
21 356
21 388
21 392
21 403
21 405
21 408
21 425
21 431
21 477
22 3
22 6
22 8
22 9
22 10
22 11
22 13
22 14
22 16
22 17
22 24
22 27
22 29
22 33
22 38
22 43
22 47
22 54
22 58
22 62
22 64
22 71
22 86
22 99
22 100
22 101
22 108
22 121
22 133
22 148
22 155
22 170
22 172
22 175
22 205
22 222
22 225
22 234
22 248
22 252
22 260
22 266
22 326
22 335
22 337
22 353
22 358
22 361
22 363
22 367
22 385
22 392
22 404
22 448
23 1
23 3
23 6
23 7
23 8
23 9
23 12
23 13
23 14
23 18
23 42
23 43
23 57
23 67
23 71
23 99
23 105
23 120
23 138
23 141
23 142
23 198
23 231
23 243
23 264
23 266
23 285
23 303
23 319
23 321
23 342
23 463
24 1
24 6
24 8
24 12
24 13
24 15
24 16
24 18
24 19
24 22
24 27
24 34
24 39
24 45
24 46
24 53
24 55
24 67
24 78
24 105
24 109
24 133
24 150
24 153
24 156
24 160
24 171
24 203
24 222
24 237
24 257
24 267
24 275
24 278
24 303
24 313
24 337
24 364
24 378
24 381
24 401
24 412
24 413
24 438
24 441
24 449
24 465
25 1
25 4
25 6
25 10
25 11
25 14
25 15
25 16
25 18
25 21
25 29
25 34
25 40
25 44
25 47
25 51
25 72
25 82
25 94
25 96
25 104
25 113
25 136
25 140
25 150
25 152
25 176
25 186
25 192
25 207
25 208
25 212
25 219
25 242
25 244
25 248
25 252
25 255
25 256
25 272
25 274
25 277
25 309
25 331
25 343
25 354
25 363
25 402
25 426
25 446
25 470
25 478
25 479
26 0
26 1
26 4
26 7
26 8
26 9
26 13
26 15
26 16
26 20
26 31
26 33
26 48
26 50
26 53
26 54
26 56
26 59
26 60
26 61
26 66
26 68
26 70
26 72
26 74
26 80
26 83
26 95
26 99
26 102
26 130
26 138
26 142
26 151
26 185
26 188
26 191
26 194
26 203
26 218
26 232
26 242
26 243
26 256
26 260
26 266
26 276
26 279
26 312
26 314
26 348
26 349
26 376
26 391
26 396
26 398
26 405
26 450
26 457
26 458
26 478
27 1
27 2
27 4
27 7
27 9
27 13
27 18
27 21
27 22
27 24
27 35
27 36
27 37
27 42
27 50
27 51
27 58
27 59
27 78
27 86
27 90
27 91
27 115
27 135
27 140
27 157
27 167
27 198
27 235
27 299
27 305
27 307
27 308
27 344
27 393
27 403
27 413
27 416
27 423
27 425
27 446
28 1
28 2
28 6
28 7
28 13
28 14
28 15
28 17
28 19
28 21
28 38
28 40
28 46
28 53
28 54
28 59
28 60
28 69
28 130
28 134
28 140
28 142
28 143
28 144
28 147
28 230
28 253
28 265
28 333
28 378
28 391
28 428
28 452
28 467
28 476
29 0
29 1
29 4
29 5
29 11
29 15
29 16
29 19
29 22
29 25
29 33
29 37
29 40
29 42
29 44
29 45
29 49
29 50
29 52
29 57
29 63
29 65
29 67
29 77
29 82
29 90
29 95
29 98
29 101
29 106
29 107
29 109
29 112
29 115
29 116
29 117
29 127
29 132
29 142
29 151
29 157
29 164
29 166
29 171
29 202
29 205
29 213
29 217
29 234
29 257
29 267
29 282
29 290
29 293
29 300
29 309
29 310
29 327
29 364
29 365
29 388
29 397
29 399
29 420
29 421
29 423
29 438
29 456
29 463
29 465
29 476
29 486
30 1
30 2
30 3
30 5
30 6
30 9
30 12
30 15
30 17
30 19
30 46
30 55
30 58
30 59
30 62
30 64
30 69
30 91
30 93
30 94
30 103
30 127
30 129
30 182
30 184
30 190
30 192
30 205
30 206
30 214
30 223
30 258
30 273
30 286
30 313
30 315
30 362
30 381
30 399
30 407
30 441
30 484
31 1
31 5
31 6
31 8
31 10
31 13
31 15
31 17
31 20
31 26
31 39
31 49
31 77
31 95
31 97
31 112
31 113
31 126
31 131
31 139
31 153
31 156
31 166
31 172
31 186
31 207
31 209
31 231
31 247
31 263
31 270
31 313
31 346
31 364
31 372
31 384
31 420
31 438
31 442
31 460
31 467
31 468
31 477
31 480
32 0
32 1
32 2
32 4
32 6
32 9
32 11
32 12
32 17
32 20
32 33
32 35
32 40
32 48
32 50
32 61
32 70
32 89
32 110
32 119
32 120
32 129
32 139
32 147
32 160
32 172
32 188
32 193
32 215
32 217
32 248
32 249
32 253
32 260
32 279
32 294
32 295
32 309
32 316
32 320
32 360
32 373
32 394
32 432
32 441
32 447
32 456
32 469
32 475
33 1
33 3
33 5
33 16
33 19
33 21
33 22
33 26
33 29
33 32
33 35
33 37
33 40
33 43
33 45
33 47
33 50
33 52
33 65
33 68
33 72
33 77
33 90
33 92
33 95
33 115
33 116
33 135
33 161
33 171
33 188
33 206
33 217
33 244
33 279
33 282
33 298
33 308
33 316
33 368
33 376
33 378
33 405
33 425
33 451
33 481
34 2
34 3
34 5
34 6
34 10
34 12
34 16
34 20
34 24
34 25
34 35
34 37
34 53
34 66
34 100
34 101
34 121
34 131
34 141
34 145
34 149
34 160
34 177
34 178
34 197
34 206
34 210
34 251
34 272
34 290
34 320
34 322
34 370
34 379
34 397
34 412
34 416
34 459
34 467
34 472
34 486
34 488
34 493
34 494
34 496
35 1
35 6
35 11
35 17
35 18
35 19
35 27
35 32
35 33
35 34
35 45
35 61
35 68
35 78
35 79
35 86
35 89
35 92
35 94
35 103
35 113
35 118
35 131
35 147
35 158
35 178
35 191
35 235
35 236
35 267
35 268
35 295
35 299
35 351
35 394
35 395
35 422
35 453
36 0
36 1
36 2
36 8
36 10
36 11
36 12
36 16
36 21
36 27
36 40
36 41
36 67
36 76
36 80
36 96
36 97
36 115
36 123
36 180
36 193
36 216
36 218
36 239
36 242
36 254
36 257
36 280
36 283
36 294
36 299
36 303
36 312
36 355
36 384
36 407
36 428
36 445
36 453
36 465
37 1
37 4
37 5
37 6
37 7
37 13
37 27
37 29
37 33
37 34
37 38
37 74
37 81
37 99
37 120
37 137
37 169
37 189
37 196
37 197
37 205
37 219
37 227
37 282
37 305
37 306
37 348
37 350
37 466
37 467
38 2
38 6
38 7
38 9
38 13
38 17
38 19
38 22
38 28
38 37
38 52
38 55
38 56
38 58
38 85
38 87
38 91
38 105
38 128
38 139
38 149
38 165
38 184
38 210
38 223
38 238
38 256
38 264
38 267
38 297
38 321
38 336
38 379
38 387
38 391
38 469
39 0
39 1
39 2
39 6
39 8
39 13
39 15
39 20
39 24
39 31
39 51
39 57
39 61
39 97
39 143
39 163
39 165
39 168
39 243
39 259
39 272
39 275
39 311
39 328
39 331
39 366
39 398
39 421
39 426
40 2
40 10
40 17
40 21
40 25
40 28
40 29
40 32
40 33
40 36
40 54
40 60
40 84
40 104
40 120
40 125
40 128
40 137
40 165
40 176
40 184
40 211
40 230
40 251
40 333
40 345
40 354
40 402
40 408
40 424
40 465
40 492
41 3
41 4
41 5
41 6
41 7
41 8
41 12
41 17
41 19
41 36
41 48
41 49
41 59
41 65
41 66
41 71
41 72
41 88
41 89
41 97
41 104
41 112
41 133
41 148
41 161
41 162
41 170
41 252
41 258
41 283
41 284
41 302
41 316
41 323
41 340
41 343
41 366
41 420
41 425
41 469
41 491
42 0
42 1
42 4
42 6
42 7
42 13
42 18
42 23
42 27
42 29
42 43
42 44
42 46
42 53
42 55
42 67
42 73
42 89
42 91
42 118
42 120
42 144
42 163
42 177
42 194
42 214
42 218
42 228
42 229
42 247
42 340
42 349
42 372
42 374
42 375
42 436
43 5
43 6
43 9
43 10
43 12
43 19
43 22
43 23
43 33
43 42
43 47
43 52
43 55
43 66
43 73
43 87
43 108
43 123
43 131
43 143
43 145
43 146
43 172
43 203
43 212
43 218
43 236
43 243
43 251
43 259
43 266
43 295
43 300
43 302
43 329
43 342
43 363
43 407
43 422
43 433
43 437
43 445
44 3
44 6
44 10
44 14
44 16
44 19
44 20
44 25
44 29
44 42
44 45
44 64
44 80
44 84
44 85
44 107
44 112
44 118
44 123
44 142
44 154
44 161
44 166
44 185
44 198
44 205
44 210
44 214
44 234
44 235
44 236
44 282
44 303
44 338
44 340
44 354
44 374
44 386
44 392
44 407
44 417
44 429
44 440
44 453
44 459
44 473
44 489
45 6
45 7
45 9
45 15
45 19
45 24
45 29
45 33
45 35
45 44
45 52
45 72
45 74
45 88
45 97
45 110
45 113
45 126
45 157
45 162
45 184
45 257
45 261
45 269
45 288
45 290
45 324
45 328
45 330
45 376
45 383
45 389
45 472
45 482
46 3
46 4
46 6
46 13
46 19
46 21
46 24
46 28
46 30
46 42
46 51
46 63
46 65
46 66
46 69
46 80
46 81
46 119
46 123
46 139
46 142
46 166
46 176
46 187
46 220
46 240
46 301
46 302
46 320
46 330
46 344
46 362
46 366
46 374
46 414
46 435
46 461
46 497
47 1
47 7
47 9
47 13
47 14
47 16
47 22
47 25
47 33
47 43
47 59
47 77
47 78
47 96
47 127
47 133
47 137
47 146
47 181
47 186
47 193
47 237
47 254
47 277
47 278
47 283
47 318
47 346
47 373
47 425
47 438
47 461
47 471
48 0
48 4
48 6
48 7
48 12
48 13
48 14
48 26
48 32
48 41
48 58
48 69
48 80
48 92
48 94
48 99
48 101
48 107
48 131
48 133
48 158
48 193
48 210
48 215
48 217
48 220
48 224
48 227
48 241
48 265
48 285
48 287
48 289
48 290
48 293
48 339
48 360
48 439
48 444
49 0
49 3
49 4
49 6
49 7
49 13
49 15
49 29
49 31
49 41
49 71
49 85
49 107
49 108
49 128
49 164
49 174
49 192
49 235
49 307
49 322
49 327
49 329
49 339
49 376
49 413
49 422
49 423
49 438
49 439
49 455
49 478
49 495
50 2
50 4
50 7
50 9
50 12
50 26
50 27
50 29
50 32
50 33
50 53
50 83
50 92
50 111
50 114
50 123
50 135
50 140
50 149
50 155
50 159
50 181
50 186
50 208
50 227
50 242
50 262
50 269
50 274
50 285
50 315
50 361
50 399
50 415
50 450
50 479
51 1
51 3
51 6
51 8
51 11
51 15
51 25
51 27
51 39
51 46
51 82
51 85
51 102
51 143
51 144
51 160
51 179
51 181
51 199
51 244
51 272
51 276
51 309
51 315
51 327
51 351
51 358
51 403
51 422
51 489
52 7
52 8
52 9
52 12
52 13
52 29
52 33
52 38
52 43
52 45
52 53
52 62
52 71
52 74
52 75
52 101
52 114
52 116
52 121
52 168
52 189
52 200
52 203
52 208
52 209
52 214
52 222
52 225
52 227
52 288
52 364
52 370
52 436
52 437
52 499
53 1
53 7
53 13
53 24
53 26
53 28
53 34
53 42
53 50
53 52
53 57
53 63
53 70
53 77
53 93
53 94
53 97
53 98
53 109
53 111
53 119
53 130
53 134
53 137
53 140
53 159
53 161
53 183
53 185
53 196
53 197
53 202
53 209
53 214
53 215
53 222
53 235
53 238
53 239
53 269
53 270
53 291
53 305
53 310
53 318
53 320
53 331
53 350
53 359
53 377
53 394
53 396
53 397
53 414
53 430
53 456
53 491
54 1
54 8
54 10
54 13
54 16
54 17
54 22
54 26
54 28
54 40
54 66
54 69
54 73
54 74
54 78
54 80
54 83
54 85
54 95
54 112
54 114
54 126
54 146
54 152
54 157
54 162
54 171
54 178
54 194
54 202
54 204
54 206
54 209
54 213
54 227
54 265
54 289
54 373
54 443
54 444
54 445
54 448
54 451
54 464
54 465
54 466
54 480
54 488
54 499
55 1
55 4
55 8
55 13
55 16
55 24
55 30
55 38
55 42
55 43
55 61
55 126
55 127
55 129
55 141
55 142
55 148
55 169
55 170
55 179
55 187
55 188
55 194
55 213
55 216
55 234
55 272
55 310
55 350
55 364
55 366
55 377
55 383
55 389
56 1
56 2
56 3
56 4
56 7
56 8
56 9
56 13
56 26
56 38
56 68
56 72
56 81
56 90
56 114
56 147
56 160
56 165
56 179
56 231
56 284
56 286
56 291
56 298
56 324
56 331
56 345
56 418
56 470
56 482
56 485
57 1
57 13
57 15
57 16
57 19
57 21
57 23
57 29
57 39
57 53
57 73
57 81
57 86
57 99
57 102
57 120
57 130
57 138
57 179
57 256
57 335
57 407
57 448
57 458
57 464
57 497
58 0
58 3
58 7
58 17
58 21
58 22
58 27
58 30
58 38
58 48
58 81
58 83
58 161
58 169
58 171
58 175
58 230
58 246
58 252
58 346
59 0
59 1
59 14
59 20
59 26
59 27
59 28
59 30
59 41
59 47
59 60
59 68
59 70
59 82
59 93
59 94
59 124
59 125
59 130
59 140
59 143
59 158
59 160
59 165
59 174
59 198
59 199
59 216
59 270
59 291
59 306
59 368
59 400
59 403
59 414
59 418
59 454
59 487
60 8
60 11
60 12
60 14
60 16
60 20
60 26
60 28
60 40
60 59
60 88
60 103
60 110
60 168
60 173
60 174
60 277
60 283
60 334
60 395
60 411
60 484
61 7
61 10
61 11
61 12
61 16
61 26
61 32
61 35
61 39
61 55
61 81
61 97
61 102
61 111
61 118
61 159
61 180
61 216
61 218
61 221
61 231
61 245
61 283
61 288
61 301
61 308
61 396
61 426
61 439
61 496
62 1
62 2
62 3
62 8
62 12
62 20
62 21
62 22
62 30
62 52
62 67
62 99
62 102
62 104
62 130
62 135
62 156
62 170
62 190
62 206
62 212
62 229
62 328
62 373
62 403
62 412
62 427
62 433
63 1
63 2
63 3
63 6
63 8
63 13
63 17
63 29
63 46
63 53
63 98
63 139
63 152
63 171
63 182
63 191
63 218
63 232
63 241
63 255
63 299
63 331
63 391
64 4
64 5
64 6
64 7
64 8
64 16
64 19
64 22
64 30
64 44
64 65
64 75
64 96
64 114
64 115
64 127
64 150
64 157
64 168
64 176
64 177
64 223
64 229
64 230
64 245
64 288
64 290
64 291
64 318
64 320
64 347
64 348
64 404
64 433
64 453
64 469
65 2
65 3
65 4
65 6
65 20
65 29
65 33
65 41
65 46
65 64
65 76
65 82
65 99
65 164
65 167
65 168
65 177
65 179
65 189
65 201
65 223
65 228
65 241
65 245
65 260
65 294
65 318
65 338
65 341
65 347
65 351
65 352
65 359
65 363
65 366
65 467
66 4
66 8
66 11
66 16
66 26
66 34
66 41
66 43
66 46
66 54
66 83
66 104
66 115
66 117
66 130
66 193
66 194
66 208
66 212
66 226
66 233
66 242
66 288
66 297
66 363
66 370
66 396
66 443
66 460
66 474
66 476
67 4
67 5
67 6
67 10
67 23
67 24
67 29
67 36
67 42
67 62
67 95
67 112
67 139
67 162
67 167
67 188
67 208
67 224
67 254
67 269
67 277
67 292
67 297
67 375
67 379
67 498
67 499
68 4
68 5
68 8
68 12
68 16
68 26
68 33
68 35
68 56
68 59
68 75
68 76
68 79
68 86
68 105
68 127
68 138
68 145
68 150
68 165
68 179
68 220
68 228
68 231
68 232
68 264
68 332
68 355
68 371
68 436
68 475
69 0
69 2
69 5
69 10
69 11
69 28
69 30
69 46
69 48
69 54
69 74
69 75
69 78
69 82
69 84
69 109
69 111
69 121
69 130
69 162
69 166
69 174
69 187
69 200
69 204
69 224
69 229
69 240
69 241
69 250
69 264
69 271
69 275
69 287
69 323
69 333
69 335
69 343
69 348
69 355
69 357
69 399
69 427
69 452
69 478
69 498
70 1
70 4
70 5
70 9
70 15
70 16
70 26
70 32
70 53
70 59
70 79
70 83
70 84
70 94
70 101
70 117
70 124
70 132
70 136
70 142
70 144
70 151
70 159
70 178
70 182
70 183
70 192
70 204
70 255
70 291
70 311
70 317
70 385
70 437
70 444
70 457
70 478
71 3
71 4
71 6
71 11
71 18
71 22
71 23
71 41
71 49
71 52
71 82
71 95
71 131
71 167
71 215
71 244
71 281
71 292
71 322
71 361
71 369
71 405
71 419
71 458
72 3
72 4
72 12
72 16
72 25
72 26
72 33
72 41
72 45
72 56
72 74
72 96
72 99
72 158
72 257
72 269
72 313
72 319
72 326
72 367
72 389
72 492
73 5
73 6
73 7
73 10
73 11
73 19
73 42
73 43
73 54
73 57
73 98
73 117
73 125
73 126
73 145
73 149
73 173
73 196
73 200
73 246
73 274
73 340
73 399
73 415
73 428
73 495
73 498
74 15
74 16
74 20
74 26
74 37
74 45
74 52
74 54
74 69
74 72
74 126
74 127
74 158
74 187
74 193
74 223
74 228
74 299
74 310
74 332
74 334
74 340
74 345
74 382
74 391
74 405
74 452
74 489
75 0
75 8
75 12
75 14
75 15
75 19
75 52
75 64
75 68
75 69
75 76
75 79
75 89
75 91
75 152
75 190
75 267
75 269
75 270
75 287
75 313
75 448
76 0
76 1
76 3
76 4
76 9
76 14
76 36
76 65
76 68
76 75
76 85
76 96
76 104
76 122
76 123
76 144
76 147
76 154
76 163
76 173
76 176
76 181
76 189
76 197
76 224
76 244
76 281
76 301
76 309
76 351
76 358
76 365
76 392
76 395
76 427
76 459
76 462
76 486
76 489
77 2
77 3
77 4
77 9
77 13
77 29
77 31
77 33
77 47
77 53
77 94
77 98
77 100
77 102
77 173
77 239
77 248
77 319
77 345
77 396
77 414
77 427
78 4
78 8
78 18
78 20
78 24
78 27
78 35
78 47
78 54
78 69
78 86
78 88
78 90
78 116
78 122
78 159
78 208
78 226
78 292
78 296
78 338
78 351
78 362
78 368
78 376
78 393
78 408
78 463
79 2
79 9
79 13
79 16
79 18
79 19
79 35
79 68
79 70
79 75
79 82
79 190
79 291
79 306
79 356
79 384
79 410
79 468
80 2
80 4
80 6
80 17
80 26
80 36
80 44
80 46
80 48
80 54
80 85
80 93
80 108
80 123
80 124
80 143
80 165
80 200
80 236
80 237
80 255
80 296
80 323
80 325
80 333
80 354
80 378
80 386
80 393
80 402
80 422
80 429
80 453
80 479
81 1
81 7
81 9
81 18
81 37
81 46
81 56
81 57
81 58
81 61
81 90
81 164
81 246
81 284
81 288
81 309
81 325
81 360
81 405
81 434
81 453
82 0
82 13
82 25
82 29
82 51
82 59
82 65
82 69
82 71
82 79
82 141
82 148
82 150
82 155
82 156
82 162
82 174
82 210
82 230
82 249
82 261
82 275
82 363
82 371
82 384
82 409
82 432
82 466
82 475
83 0
83 1
83 7
83 12
83 26
83 50
83 54
83 58
83 66
83 70
83 114
83 174
83 368
83 418
83 449
84 3
84 5
84 11
84 12
84 13
84 17
84 40
84 44
84 69
84 70
84 95
84 102
84 106
84 175
84 195
84 219
84 234
84 260
84 321
84 391
84 410
84 464
85 4
85 12
85 18
85 38
85 44
85 49
85 51
85 54
85 76
85 80
85 88
85 93
85 115
85 116
85 140
85 161
85 164
85 178
85 271
85 280
85 322
85 369
85 393
85 453
86 5
86 9
86 11
86 17
86 22
86 27
86 35
86 57
86 68
86 78
86 87
86 91
86 135
86 155
86 184
86 194
86 235
86 267
86 268
86 341
86 454
87 4
87 6
87 11
87 12
87 16
87 18
87 19
87 38
87 43
87 86
87 146
87 158
87 187
87 203
87 210
87 211
87 216
87 217
87 304
87 398
87 423
87 444
87 450
88 7
88 8
88 10
88 12
88 19
88 41
88 45
88 60
88 78
88 85
88 103
88 173
88 198
88 230
88 275
88 302
88 311
88 323
88 393
88 442
89 2
89 3
89 9
89 13
89 20
89 32
89 35
89 41
89 42
89 75
89 113
89 122
89 155
89 168
89 173
89 184
89 349
89 364
89 382
89 451
89 454
89 478
89 483
90 0
90 1
90 3
90 15
90 27
90 29
90 33
90 56
90 78
90 81
90 195
90 214
90 297
90 461
91 4
91 6
91 11
91 15
91 27
91 30
91 38
91 42
91 75
91 86
91 98
91 122
91 124
91 132
91 141
91 200
91 240
91 278
91 290
91 320
91 322
91 353
91 355
91 383
91 392
91 408
91 428
91 456
91 460
91 475
91 499
92 0
92 5
92 6
92 15
92 16
92 18
92 33
92 35
92 48
92 50
92 99
92 111
92 119
92 122
92 154
92 170
92 191
92 268
92 280
92 304
92 340
92 434
92 445
92 485
92 499
93 1
93 2
93 7
93 13
93 19
93 30
93 53
93 59
93 80
93 85
93 107
93 111
93 118
93 134
93 153
93 176
93 183
93 246
93 299
93 307
93 310
93 327
93 346
93 420
93 422
93 444
93 463
94 9
94 12
94 25
94 30
94 35
94 48
94 53
94 59
94 70
94 77
94 129
94 134
94 177
94 182
94 226
94 266
94 282
94 283
94 298
94 318
94 337
94 344
94 355
94 376
94 378
94 382
94 445
94 451
94 487
95 6
95 16
95 26
95 29
95 31
95 33
95 54
95 67
95 71
95 84
95 105
95 119
95 134
95 139
95 169
95 183
95 213
95 245
95 246
95 249
95 258
95 291
95 295
95 322
95 367
95 416
95 431
95 459
95 488
95 493
96 7
96 8
96 12
96 20
96 25
96 36
96 47
96 64
96 72
96 76
96 119
96 123
96 129
96 136
96 152
96 153
96 181
96 215
96 275
96 312
96 326
96 393
96 429
96 460
96 489
97 16
97 17
97 21
97 31
97 36
97 39
97 41
97 45
97 53
97 61
97 109
97 117
97 125
97 150
97 157
97 162
97 187
97 188
97 192
97 199
97 261
97 276
97 309
97 321
97 361
97 387
97 389
97 390
97 447
97 468
97 477
97 490
98 12
98 14
98 19
98 21
98 29
98 53
98 63
98 73
98 77
98 91
98 136
98 150
98 154
98 195
98 276
98 288
98 338
98 353
98 357
98 370
98 411
98 412
98 429
98 459
98 495
99 22
99 23
99 26
99 37
99 48
99 57
99 62
99 65
99 72
99 92
99 106
99 132
99 134
99 144
99 240
99 253
99 262
99 270
99 278
99 300
99 344
99 351
99 358
99 392
99 419
99 429
99 469
99 482
100 1
100 2
100 4
100 6
100 12
100 13
100 16
100 22
100 34
100 77
100 129
100 143
100 159
100 164
100 172
100 185
100 217
100 240
100 271
100 282
100 302
100 311
100 314
101 0
101 1
101 7
101 14
101 22
101 29
101 34
101 48
101 52
101 70
101 140
101 156
101 219
101 255
101 256
101 292
101 312
101 477
102 1
102 6
102 13
102 26
102 51
102 57
102 61
102 62
102 77
102 84
102 110
102 124
102 125
102 165
102 178
102 182
102 186
102 205
102 207
102 208
102 238
102 263
102 271
102 276
102 304
102 341
102 350
102 351
102 358
102 361
102 409
102 412
102 426
102 481
102 490
103 1
103 4
103 6
103 10
103 19
103 20
103 30
103 35
103 60
103 88
103 235
103 252
103 258
103 278
103 350
103 369
103 496
104 2
104 10
104 11
104 17
104 25
104 40
104 41
104 62
104 66
104 76
104 109
104 110
104 131
104 135
104 157
104 170
104 186
104 246
104 320
104 335
104 336
104 339
104 358
104 366
104 374
104 382
104 438
104 443
104 478
105 0
105 8
105 10
105 11
105 15
105 23
105 24
105 38
105 68
105 95
105 118
105 137
105 166
105 202
105 205
105 244
105 263
105 332
105 367
105 427
105 443
105 485
106 0
106 2
106 3
106 4
106 5
106 11
106 21
106 29
106 84
106 99
106 108
106 156
106 168
106 178
106 194
106 228
106 229
106 249
106 250
106 269
106 274
106 333
106 359
106 374
106 427
106 440
106 468
106 482
107 11
107 12
107 13
107 14
107 19
107 29
107 44
107 48
107 49
107 93
107 108
107 122
107 148
107 151
107 154
107 164
107 195
107 199
107 200
107 223
107 237
107 251
107 255
107 285
107 295
107 329
107 341
107 355
107 366
107 374
107 422
107 462
107 493
107 496
108 1
108 2
108 7
108 8
108 22
108 43
108 49
108 80
108 106
108 107
108 115
108 117
108 137
108 153
108 184
108 201
108 294
108 373
108 435
108 499
109 0
109 5
109 12
109 13
109 24
109 29
109 53
109 69
109 97
109 104
109 116
109 166
109 270
109 285
109 361
109 387
110 0
110 1
110 2
110 3
110 19
110 32
110 45
110 60
110 102
110 104
110 123
110 206
110 223
110 369
110 396
111 3
111 5
111 7
111 16
111 50
111 53
111 61
111 69
111 92
111 93
111 128
111 135
111 147
111 163
111 171
111 272
111 279
111 360
111 430
112 0
112 3
112 7
112 12
112 29
112 31
112 41
112 44
112 54
112 67
112 113
112 156
112 161
112 185
112 202
112 233
112 258
112 262
112 280
112 430
113 0
113 2
113 18
113 20
113 25
113 31
113 35
113 45
113 89
113 112
113 144
113 148
113 214
113 273
114 1
114 9
114 10
114 19
114 50
114 52
114 54
114 56
114 64
114 83
114 125
114 163
114 183
114 202
114 296
114 381
114 397
114 418
114 436
114 447
115 6
115 13
115 27
115 29
115 33
115 36
115 64
115 66
115 85
115 108
115 129
115 169
115 173
115 176
115 281
115 362
115 396
115 421
115 430
115 475
116 6
116 12
116 13
116 17
116 29
116 33
116 52
116 78
116 85
116 109
116 133
116 136
116 148
116 162
116 170
116 210
116 248
116 264
116 296
116 342
116 349
116 370
116 378
116 420
116 435
117 3
117 7
117 12
117 20
117 29
117 66
117 70
117 73
117 97
117 108
117 143
117 215
117 231
117 452
118 1
118 3
118 4
118 14
118 35
118 42
118 44
118 61
118 93
118 105
118 125
118 172
118 195
118 207
118 213
118 235
118 257
118 269
118 292
118 362
118 443
118 469
119 9
119 12
119 16
119 20
119 32
119 46
119 53
119 92
119 95
119 96
119 149
119 152
119 161
119 168
119 211
119 251
119 284
119 401
119 405
119 468
120 4
120 15
120 16
120 19
120 23
120 32
120 37
120 40
120 42
120 57
120 122
120 145
120 179
120 180
120 200
120 248
120 424
120 487
121 0
121 3
121 8
121 9
121 16
121 20
121 22
121 34
121 52
121 69
121 144
121 167
121 358
121 386
121 394
121 453
122 6
122 11
122 20
122 76
122 78
122 89
122 91
122 92
122 107
122 120
122 172
122 195
122 199
122 209
122 216
122 378
122 495
123 8
123 36
123 43
123 44
123 46
123 50
123 76
123 80
123 96
123 110
123 128
123 190
123 228
123 236
123 267
123 276
123 277
123 291
123 321
123 341
123 398
123 437
123 457
124 4
124 9
124 10
124 17
124 21
124 59
124 70
124 80
124 91
124 102
124 141
124 261
124 317
124 367
124 418
125 1
125 6
125 7
125 40
125 59
125 73
125 97
125 102
125 114
125 118
125 133
125 154
125 160
125 183
125 212
125 235
125 239
125 257
125 303
126 0
126 1
126 13
126 14
126 31
126 45
126 54
126 55
126 73
126 74
126 129
126 175
126 189
126 224
126 280
126 283
126 286
126 328
126 333
126 375
126 420
126 439
126 474
126 494
127 4
127 9
127 15
127 29
127 30
127 47
127 55
127 64
127 68
127 74
127 136
127 145
127 197
127 201
127 279
128 0
128 7
128 11
128 12
128 14
128 38
128 40
128 49
128 111
128 123
128 129
128 145
128 175
128 219
128 367
128 413
129 3
129 30
129 32
129 55
129 94
129 96
129 100
129 115
129 126
129 128
129 188
129 213
129 218
129 272
129 281
129 332
129 340
129 402
129 409
130 0
130 13
130 26
130 28
130 53
130 57
130 59
130 62
130 66
130 69
130 136
130 138
130 163
130 166
130 212
130 254
130 298
130 323
130 386
130 387
130 402
130 404
130 430
130 469
131 8
131 13
131 19
131 31
131 34
131 35
131 43
131 48
131 71
131 104
131 135
131 138
131 153
131 184
131 192
131 216
131 238
131 326
131 352
131 415
132 4
132 6
132 10
132 13
132 16
132 21
132 29
132 70
132 91
132 99
132 192
132 197
132 209
132 278
132 300
132 317
132 341
132 489
133 4
133 11
133 16
133 22
133 24
133 41
133 47
133 48
133 116
133 125
133 199
133 243
133 279
133 317
133 362
133 420
133 436
133 457
134 2
134 10
134 17
134 18
134 28
134 53
134 93
134 94
134 95
134 99
134 217
134 220
134 250
134 287
134 381
135 4
135 21
135 27
135 33
135 50
135 62
135 86
135 104
135 111
135 131
135 153
135 189
135 267
135 496
136 4
136 13
136 16
136 25
136 70
136 96
136 98
136 116
136 127
136 130
136 189
136 191
136 307
136 361
136 410
136 449
136 458
136 499
137 4
137 8
137 11
137 13
137 37
137 40
137 47
137 53
137 105
137 108
137 173
137 196
137 209
137 373
137 449
137 461
137 470
137 494
138 8
138 13
138 16
138 20
138 23
138 26
138 57
138 68
138 130
138 131
138 195
138 199
138 225
138 234
138 300
138 311
138 315
138 319
138 344
138 357
138 374
138 424
138 453
138 458
138 459
138 476
138 491
138 497
139 8
139 13
139 15
139 31
139 32
139 38
139 46
139 63
139 67
139 95
139 190
139 227
139 230
139 285
139 351
139 382
139 389
139 437
140 3
140 10
140 25
140 27
140 28
140 50
140 53
140 59
140 85
140 101
140 146
140 185
140 188
140 190
140 191
140 207
140 220
140 265
140 280
140 349
140 408
140 487
141 2
141 3
141 7
141 11
141 23
141 34
141 55
141 82
141 91
141 124
141 142
141 162
141 167
141 222
141 250
141 295
141 328
141 351
141 373
141 495
142 3
142 23
142 26
142 28
142 29
142 44
142 46
142 55
142 70
142 141
142 191
142 213
142 281
142 375
142 385
142 458
143 6
143 7
143 28
143 39
143 43
143 51
143 59
143 80
143 100
143 117
143 241
143 262
143 265
143 269
143 273
143 342
144 6
144 13
144 28
144 42
144 51
144 70
144 76
144 99
144 113
144 121
144 152
144 180
144 201
144 222
144 240
144 298
144 397
144 441
144 463
145 1
145 9
145 16
145 34
145 43
145 68
145 73
145 120
145 127
145 128
145 232
145 264
145 289
145 394
145 423
145 482
146 1
146 3
146 4
146 18
146 20
146 43
146 47
146 54
146 87
146 140
146 153
146 172
146 196
146 296
146 319
146 338
146 379
146 398
146 417
146 487
147 1
147 7
147 16
147 17
147 28
147 32
147 35
147 56
147 76
147 111
147 149
147 158
147 203
147 213
147 247
147 287
147 289
147 337
147 360
147 426
147 444
147 448
147 482
148 2
148 7
148 10
148 22
148 41
148 55
148 82
148 107
148 113
148 116
148 161
148 164
148 171
148 180
148 181
148 205
148 232
148 274
148 295
148 362
148 404
148 461
149 9
149 13
149 14
149 19
149 34
149 38
149 50
149 73
149 119
149 147
149 150
149 234
149 254
149 368
150 3
150 6
150 24
150 25
150 64
150 68
150 82
150 97
150 98
150 149
150 253
150 281
150 339
151 4
151 5
151 6
151 10
151 14
151 21
151 26
151 29
151 70
151 107
151 296
152 4
152 9
152 21
152 25
152 54
152 63
152 75
152 96
152 119
152 144
152 178
152 202
152 225
152 231
152 312
152 324
152 326
152 327
152 330
152 415
152 425
152 431
152 464
152 469
153 4
153 12
153 24
153 31
153 93
153 96
153 108
153 131
153 135
153 146
153 290
153 299
153 309
153 356
153 377
153 384
153 473
153 498
154 1
154 9
154 18
154 20
154 44
154 76
154 92
154 98
154 107
154 125
154 207
154 228
154 242
154 261
154 286
154 289
154 316
154 434
154 462
154 464
155 8
155 13
155 16
155 19
155 21
155 22
155 50
155 82
155 86
155 89
155 224
155 318
155 321
155 335
155 388
155 446
155 462
155 473
155 484
156 3
156 6
156 12
156 24
156 31
156 62
156 82
156 101
156 106
156 112
156 250
156 367
156 378
156 401
156 463
156 497
157 2
157 13
157 20
157 27
157 29
157 45
157 54
157 64
157 97
157 104
157 325
157 368
157 383
157 394
157 428
157 442
157 484
157 485
158 1
158 10
158 16
158 35
158 48
158 59
158 72
158 74
158 87
158 147
158 169
158 199
158 211
158 237
158 258
158 305
158 372
158 386
158 401
158 413
158 426
158 444
158 498
159 6
159 9
159 19
159 20
159 50
159 53
159 61
159 70
159 78
159 100
159 180
159 187
159 201
159 203
159 235
159 239
159 247
159 281
159 316
159 324
159 380
159 447
160 6
160 18
160 19
160 24
160 32
160 34
160 51
160 56
160 59
160 125
160 221
160 370
160 434
161 10
161 33
161 41
161 44
161 53
161 58
161 85
161 112
161 119
161 148
161 193
161 253
161 320
161 339
161 364
161 368
161 488
162 7
162 41
162 45
162 54
162 67
162 69
162 82
162 97
162 116
162 141
162 201
162 214
162 223
162 237
163 3
163 5
163 12
163 15
163 39
163 42
163 76
163 111
163 114
163 130
163 175
163 260
163 357
163 412
163 436
163 466
163 486
163 495
164 0
164 16
164 29
164 49
164 65
164 81
164 85
164 100
164 107
164 148
164 204
164 226
164 260
164 321
164 474
164 478
165 10
165 19
165 38
165 39
165 40
165 56
165 59
165 68
165 80
165 102
165 215
165 296
165 317
165 345
165 390
165 487
166 0
166 19
166 29
166 31
166 44
166 46
166 69
166 105
166 109
166 130
166 259
166 279
166 286
166 289
166 305
166 327
166 333
166 334
166 356
166 395
166 403
166 405
166 412
166 465
167 0
167 1
167 15
167 18
167 27
167 65
167 67
167 71
167 121
167 141
167 209
167 225
167 236
167 325
167 357
167 408
167 468
167 486
168 4
168 12
168 39
168 52
168 60
168 64
168 65
168 89
168 106
168 119
168 170
168 221
168 244
168 286
168 335
168 376
168 388
168 410
168 416
168 425
169 3
169 5
169 13
169 14
169 37
169 55
169 58
169 95
169 115
169 158
169 187
169 233
169 238
169 300
169 353
170 4
170 20
170 22
170 41
170 55
170 62
170 92
170 104
170 116
170 168
170 218
170 280
170 294
171 9
171 15
171 24
171 29
171 33
171 54
171 58
171 63
171 111
171 148
171 181
171 182
171 224
171 246
171 263
171 274
171 337
171 375
171 382
171 455
171 473
171 480
172 0
172 17
172 22
172 31
172 32
172 43
172 100
172 118
172 122
172 146
172 186
172 194
172 195
172 243
172 246
172 254
172 265
172 312
172 330
172 365
172 410
172 480
173 3
173 20
173 60
173 73
173 76
173 77
173 88
173 89
173 115
173 137
173 184
173 200
173 202
173 220
173 221
173 231
173 239
173 313
173 337
173 394
174 2
174 9
174 10
174 13
174 49
174 59
174 60
174 69
174 82
174 83
174 254
174 281
174 288
174 305
174 323
174 371
174 373
174 397
174 420
174 429
175 9
175 14
175 15
175 16
175 22
175 58
175 84
175 126
175 128
175 163
175 187
175 202
175 216
175 217
175 247
175 333
175 350
175 432
175 434
175 483
176 8
176 12
176 13
176 25
176 40
176 46
176 64
176 76
176 93
176 115
176 180
176 211
176 218
176 275
176 288
176 297
176 321
176 349
176 375
176 378
176 430
176 450
177 3
177 11
177 13
177 14
177 20
177 34
177 42
177 64
177 65
177 94
177 286
177 455
177 492
178 16
178 20
178 34
178 35
178 54
178 70
178 85
178 102
178 106
178 152
178 179
178 183
178 211
178 469
178 494
179 0
179 7
179 51
179 55
179 56
179 57
179 65
179 68
179 120
179 178
179 215
179 493
180 1
180 6
180 7
180 36
180 61
180 120
180 144
180 148
180 159
180 176
180 196
180 284
181 1
181 7
181 15
181 47
181 50
181 51
181 76
181 96
181 148
181 171
181 223
181 233
181 234
181 241
181 252
181 266
181 281
181 290
181 450
181 479
182 0
182 4
182 6
182 12
182 30
182 63
182 70
182 94
182 102
182 171
182 183
182 228
182 370
182 396
182 406
182 433
183 7
183 10
183 53
183 70
183 93
183 95
183 114
183 125
183 178
183 182
183 348
183 389
183 433
184 0
184 30
184 38
184 40
184 45
184 86
184 89
184 108
184 131
184 173
184 360
184 377
184 422
184 437
184 448
185 0
185 4
185 6
185 12
185 26
185 44
185 53
185 100
185 112
185 140
185 249
185 284
185 295
185 306
185 440
186 4
186 5
186 14
186 25
186 31
186 47
186 50
186 102
186 104
186 172
186 310
186 316
186 349
186 459
187 13
187 46
187 55
187 69
187 74
187 87
187 97
187 159
187 169
187 175
187 238
187 253
187 317
187 348
187 405
187 410
187 435
187 443
187 487
188 3
188 5
188 26
188 32
188 33
188 55
188 67
188 97
188 129
188 140
188 198
188 239
188 327
188 343
188 368
188 499
189 0
189 9
189 19
189 37
189 52
189 65
189 76
189 126
189 135
189 136
189 208
189 221
189 254
189 266
189 301
189 313
189 334
189 360
189 397
190 7
190 15
190 19
190 30
190 62
190 75
190 79
190 123
190 139
190 140
190 226
190 233
190 268
190 293
190 300
190 372
190 386
191 7
191 13
191 14
191 26
191 35
191 63
191 92
191 136
191 140
191 142
191 226
191 362
191 369
191 384
191 494
192 1
192 7
192 12
192 25
192 30
192 49
192 70
192 97
192 131
192 132
192 304
192 323
192 325
192 348
192 352
192 364
192 445
192 492
193 0
193 7
193 8
193 32
193 36
193 47
193 48
193 66
193 74
193 161
193 226
193 245
193 269
193 277
193 285
193 287
193 314
193 450
193 484
194 3
194 6
194 26
194 42
194 54
194 55
194 66
194 86
194 106
194 172
194 285
194 321
194 483
195 3
195 15
195 84
195 90
195 98
195 107
195 118
195 122
195 138
195 172
195 204
195 205
195 214
195 220
195 221
195 338
195 353
195 356
195 414
196 2
196 4
196 9
196 12
196 37
196 53
196 73
196 137
196 146
196 180
196 220
196 227
196 277
196 297
196 347
196 363
196 457
196 482
197 2
197 8
197 9
197 10
197 34
197 37
197 53
197 76
197 127
197 132
197 232
197 250
197 251
197 260
197 322
197 341
197 397
198 2
198 12
198 14
198 16
198 23
198 27
198 44
198 59
198 88
198 188
198 229
198 288
198 329
198 331
198 338
198 392
198 416
198 421
198 442
198 493
199 3
199 9
199 51
199 59
199 97
199 107
199 122
199 133
199 138
199 158
199 218
199 324
199 346
199 363
199 412
200 0
200 15
200 52
200 69
200 73
200 80
200 91
200 107
200 120
200 173
200 227
200 243
200 431
200 435
200 465
200 467
201 5
201 7
201 11
201 21
201 65
201 108
201 127
201 144
201 159
201 162
201 206
201 249
201 279
201 303
201 312
201 314
201 342
201 351
201 407
201 495
202 6
202 29
202 53
202 54
202 105
202 112
202 114
202 152
202 173
202 175
202 262
202 339
203 1
203 5
203 8
203 24
203 26
203 43
203 52
203 87
203 147
203 159
203 228
203 249
203 389
203 390
203 465
204 1
204 2
204 10
204 16
204 19
204 54
204 69
204 70
204 164
204 195
204 247
204 259
204 263
205 2
205 22
205 29
205 30
205 37
205 44
205 102
205 105
205 148
205 195
205 219
205 308
205 336
205 419
205 449
206 2
206 6
206 14
206 30
206 33
206 34
206 54
206 62
206 110
206 201
206 242
206 264
206 329
206 365
207 0
207 1
207 19
207 21
207 25
207 31
207 102
207 118
207 140
207 154
207 252
207 297
207 307
207 332
207 341
207 387
207 396
207 400
207 433
207 440
207 444
207 451
207 456
208 12
208 13
208 25
208 50
208 52
208 66
208 67
208 78
208 102
208 189
208 236
208 243
208 246
208 287
208 312
208 424
208 447
208 477
208 498
209 7
209 15
209 31
209 52
209 53
209 54
209 122
209 132
209 137
209 167
209 229
209 266
209 322
209 385
209 435
210 1
210 6
210 13
210 34
210 38
210 44
210 48
210 82
210 87
210 116
210 212
210 264
210 423
210 441
210 464
211 1
211 4
211 14
211 19
211 40
211 87
211 119
211 158
211 176
211 178
211 224
211 244
211 294
211 394
212 11
212 12
212 19
212 25
212 43
212 62
212 66
212 125
212 130
212 210
212 250
212 251
212 280
212 334
212 350
212 380
213 3
213 9
213 29
213 54
213 55
213 95
213 118
213 129
213 142
213 147
213 240
213 272
213 273
213 306
213 347
213 493
214 12
214 30
214 42
214 44
214 52
214 53
214 90
214 113
214 162
214 195
214 256
214 357
214 389
214 395
214 429
214 449
215 6
215 10
215 32
215 48
215 53
215 71
215 96
215 117
215 165
215 179
215 220
215 308
215 327
215 404
215 434
215 450
215 467
215 474
216 5
216 13
216 36
216 55
216 59
216 61
216 87
216 122
216 131
216 175
216 252
216 273
216 319
216 385
216 388
216 394
216 463
216 473
216 490
217 0
217 9
217 29
217 32
217 33
217 48
217 87
217 100
217 134
217 175
217 311
217 439
218 26
218 36
218 42
218 43
218 61
218 63
218 129
218 170
218 176
218 199
218 219
218 380
218 436
219 2
219 11
219 19
219 25
219 37
219 84
219 101
219 128
219 205
219 218
219 225
219 263
219 359
219 361
219 369
219 404
219 410
219 447
219 463
219 479
220 10
220 46
220 48
220 68
220 134
220 140
220 173
220 195
220 196
220 215
220 221
220 229
220 232
220 268
220 294
220 386
220 431
220 434
220 466
221 1
221 2
221 20
221 61
221 160
221 168
221 173
221 189
221 195
221 220
221 434
221 451
222 1
222 7
222 12
222 21
222 22
222 24
222 52
222 53
222 141
222 144
222 245
222 248
222 255
222 280
222 325
222 337
222 366
222 372
222 382
222 474
223 1
223 30
223 38
223 64
223 65
223 74
223 107
223 110
223 162
223 181
223 372
223 390
223 408
224 1
224 19
224 48
224 67
224 69
224 76
224 126
224 155
224 171
224 211
224 299
224 368
224 377
224 497
225 2
225 7
225 8
225 14
225 22
225 52
225 138
225 152
225 167
225 219
225 247
225 271
225 293
225 319
225 350
225 393
226 1
226 12
226 17
226 66
226 78
226 94
226 164
226 190
226 191
226 193
226 237
226 317
226 345
226 448
226 485
227 16
227 17
227 37
227 48
227 50
227 52
227 54
227 139
227 196
227 200
227 248
227 268
227 305
227 347
227 457
227 472
228 15
228 42
228 65
228 68
228 74
228 106
228 123
228 154
228 182
228 203
228 258
228 455
229 1
229 19
229 42
229 62
229 64
229 69
229 106
229 198
229 209
229 220
229 319
229 324
230 4
230 12
230 19
230 28
230 40
230 58
230 64
230 82
230 88
230 139
230 238
230 283
230 332
230 401
230 430
230 438
230 446
230 462
230 483
231 6
231 20
231 23
231 31
231 56
231 61
231 68
231 117
231 152
231 173
231 261
231 391
231 483
232 4
232 12
232 16
232 26
232 63
232 68
232 145
232 148
232 197
232 220
232 286
232 293
233 0
233 13
233 15
233 16
233 17
233 66
233 112
233 169
233 181
233 190
233 256
233 447
234 4
234 6
234 22
234 29
234 44
234 55
234 84
234 138
234 149
234 181
234 284
234 488
235 27
235 35
235 44
235 49
235 53
235 86
235 103
235 118
235 125
235 159
235 241
235 244
235 332
235 334
235 425
235 452
235 454
235 491
236 2
236 6
236 8
236 35
236 43
236 44
236 80
236 123
236 167
236 208
236 240
236 293
236 337
236 488
237 0
237 6
237 15
237 24
237 47
237 80
237 107
237 158
237 162
237 226
237 300
237 343
237 344
237 395
237 422
237 458
237 484
238 4
238 8
238 9
238 38
238 53
238 102
238 131
238 169
238 187
238 230
238 289
238 338
238 347
238 464
239 1
239 5
239 10
239 36
239 53
239 77
239 125
239 159
239 173
239 188
239 256
239 278
239 284
239 307
239 355
239 407
239 483
240 10
240 17
240 46
240 69
240 91
240 99
240 100
240 144
240 213
240 236
240 366
241 3
241 9
241 19
241 48
241 63
241 65
241 69
241 143
241 181
241 235
241 283
241 311
241 341
241 417
241 468
241 482
242 2
242 13
242 18
242 25
242 26
242 36
242 50
242 66
242 154
242 206
242 256
242 326
242 342
242 410
243 10
243 12
243 23
243 26
243 39
243 43
243 133
243 172
243 200
243 208
243 282
243 383
244 0
244 25
244 33
244 51
244 71
244 76
244 105
244 168
244 211
244 235
244 320
244 342
244 345
244 346
244 369
244 426
245 0
245 1
245 2
245 20
245 61
245 64
245 65
245 95
245 193
245 222
245 259
245 336
245 344
245 411
246 3
246 58
246 73
246 81
246 93
246 95
246 104
246 171
246 172
246 208
246 328
246 406
246 413
246 419
246 428
247 1
247 3
247 11
247 31
247 42
247 147
247 159
247 175
247 204
247 225
247 383
247 399
248 6
248 15
248 22
248 25
248 32
248 77
248 116
248 120
248 222
248 227
248 259
248 291
248 295
248 316
248 336
248 356
248 381
248 386
249 0
249 7
249 14
249 32
249 82
249 95
249 106
249 185
249 201
249 203
249 275
249 315
249 408
249 457
249 481
250 0
250 8
250 16
250 69
250 106
250 134
250 141
250 156
250 197
250 212
250 258
250 297
250 308
250 357
250 387
250 394
251 6
251 8
251 10
251 34
251 40
251 43
251 107
251 119
251 197
251 212
251 270
251 325
251 343
251 401
251 437
252 1
252 4
252 22
252 25
252 41
252 58
252 103
252 181
252 207
252 216
252 282
252 304
252 356
252 400
253 4
253 15
253 17
253 21
253 28
253 32
253 99
253 150
253 161
253 187
253 281
253 304
253 330
253 388
253 416
253 417
254 9
254 13
254 36
254 47
254 67
254 130
254 149
254 172
254 174
254 189
254 272
254 292
254 301
254 324
254 336
254 359
255 6
255 7
255 11
255 25
255 63
255 70
255 80
255 101
255 107
255 222
255 353
255 406
256 2
256 25
256 26
256 38
256 57
256 101
256 214
256 233
256 239
256 242
256 276
256 299
256 352
256 436
256 473
257 2
257 12
257 13
257 24
257 29
257 36
257 45
257 72
257 118
257 125
257 469
258 18
258 19
258 30
258 41
258 95
258 103
258 112
258 158
258 228
258 250
258 331
258 398
258 423
258 481
258 483
259 1
259 13
259 18
259 20
259 39
259 43
259 166
259 204
259 245
259 248
259 290
259 492
260 7
260 19
260 22
260 26
260 32
260 65
260 84
260 163
260 164
260 197
260 264
260 416
261 9
261 12
261 13
261 20
261 45
261 82
261 97
261 124
261 154
261 231
262 1
262 3
262 7
262 12
262 20
262 50
262 99
262 112
262 143
262 202
262 280
262 284
262 421
263 1
263 4
263 10
263 16
263 31
263 102
263 105
263 171
263 204
263 219
263 292
263 303
263 354
264 0
264 23
264 38
264 68
264 69
264 116
264 145
264 206
264 210
264 260
264 286
264 419
264 432
265 3
265 6
265 17
265 18
265 28
265 48
265 54
265 140
265 143
265 172
265 286
266 4
266 9
266 22
266 23
266 26
266 43
266 94
266 181
266 189
266 209
266 291
266 303
266 387
266 390
266 409
267 1
267 13
267 24
267 29
267 35
267 38
267 75
267 86
267 123
267 135
267 324
267 329
267 342
267 384
267 412
267 424
267 434
267 494
267 499
268 0
268 1
268 3
268 13
268 35
268 86
268 92
268 190
268 220
268 227
268 299
268 427
268 452
269 45
269 50
269 53
269 67
269 72
269 75
269 106
269 118
269 143
269 193
269 300
269 377
269 445
269 456
269 484
270 0
270 10
270 17
270 31
270 53
270 59
270 75
270 99
270 109
270 251
270 432
270 483
271 1
271 3
271 4
271 13
271 21
271 69
271 85
271 100
271 102
271 225
271 328
271 347
271 455
271 466
272 4
272 25
272 34
272 39
272 51
272 55
272 111
272 129
272 213
272 254
272 302
272 315
272 339
272 415
272 465
273 8
273 9
273 13
273 14
273 18
273 30
273 113
273 143
273 213
273 216
273 328
273 416
274 0
274 2
274 14
274 17
274 25
274 50
274 73
274 106
274 148
274 171
274 306
275 0
275 2
275 24
275 39
275 69
275 82
275 88
275 96
275 176
275 249
275 390
276 7
276 12
276 13
276 26
276 51
276 97
276 98
276 102
276 123
276 256
276 293
277 1
277 5
277 7
277 25
277 47
277 60
277 67
277 123
277 193
277 196
277 294
277 324
277 364
277 389
277 494
278 0
278 7
278 15
278 24
278 47
278 91
278 99
278 103
278 132
278 239
278 348
278 439
279 2
279 8
279 26
279 32
279 33
279 111
279 127
279 133
279 166
279 201
279 370
279 415
279 423
279 490
280 36
280 85
280 92
280 112
280 126
280 140
280 170
280 212
280 222
280 262
280 302
280 308
280 350
280 357
280 388
280 393
280 441
280 443
280 480
280 485
281 71
281 76
281 115
281 129
281 142
281 150
281 159
281 174
281 181
281 253
281 390
281 400
281 456
282 7
282 18
282 29
282 33
282 37
282 44
282 94
282 100
282 243
282 252
282 326
282 365
282 478
282 481
283 2
283 36
283 41
283 47
283 60
283 61
283 94
283 126
283 230
283 241
283 335
283 359
283 442
283 472
284 19
284 41
284 56
284 81
284 119
284 180
284 185
284 234
284 239
284 262
284 441
285 4
285 11
285 23
285 48
285 50
285 107
285 109
285 139
285 193
285 194
285 297
285 426
286 30
286 56
286 126
286 154
286 166
286 168
286 177
286 232
286 264
286 265
286 323
286 335
286 373
286 409
287 0
287 11
287 19
287 48
287 69
287 75
287 134
287 147
287 193
287 208
287 311
287 312
287 314
287 403
288 45
288 52
288 61
288 64
288 66
288 81
288 98
288 174
288 176
288 198
288 402
288 449
288 462
289 10
289 17
289 21
289 48
289 54
289 145
289 147
289 154
289 166
289 238
289 361
289 373
289 406
289 428
289 496
290 7
290 29
290 34
290 45
290 48
290 64
290 91
290 153
290 181
290 259
290 306
290 345
290 354
290 414
291 53
291 56
291 59
291 64
291 70
291 79
291 95
291 123
291 248
291 266
291 334
291 367
291 398
292 4
292 6
292 19
292 67
292 71
292 78
292 101
292 118
292 254
292 263
292 317
292 382
292 414
292 480
293 1
293 8
293 10
293 29
293 48
293 190
293 225
293 232
293 236
293 276
293 303
293 311
293 380
293 384
293 424
294 6
294 12
294 32
294 36
294 65
294 108
294 170
294 211
294 220
294 277
294 381
294 471
295 7
295 32
295 35
295 43
295 95
295 107
295 141
295 148
295 185
295 248
295 307
295 343
295 344
295 479
296 0
296 19
296 20
296 78
296 80
296 114
296 116
296 146
296 151
296 165
296 433
296 481
297 5
297 38
297 66
297 67
297 90
297 176
297 196
297 207
297 250
297 285
297 346
297 484
298 1
298 5
298 8
298 15
298 20
298 33
298 56
298 94
298 130
298 144
298 428
299 27
299 35
299 36
299 63
299 74
299 93
299 153
299 224
299 256
299 268
299 311
299 366
300 13
300 29
300 43
300 99
300 132
300 138
300 169
300 190
300 237
300 269
300 372
300 409
300 417
301 1
301 3
301 12
301 15
301 21
301 46
301 61
301 76
301 189
301 254
301 353
301 442
301 448
302 3
302 15
302 19
302 41
302 43
302 46
302 88
302 100
302 272
302 280
302 320
302 326
302 327
302 372
302 401
303 1
303 23
303 24
303 36
303 44
303 125
303 201
303 263
303 266
303 293
303 309
303 335
303 427
303 485
304 2
304 4
304 6
304 13
304 87
304 92
304 102
304 192
304 252
304 253
304 330
304 381
305 2
305 4
305 6
305 27
305 37
305 53
305 158
305 166
305 174
305 227
305 343
305 387
305 400
305 421
305 458
306 8
306 10
306 12
306 37
306 59
306 79
306 185
306 213
306 274
306 290
306 419
306 420
306 436
306 460
306 468
307 2
307 5
307 6
307 27
307 49
307 93
307 136
307 207
307 239
307 295
307 476
308 6
308 15
308 18
308 27
308 33
308 61
308 205
308 215
308 250
308 280
308 440
308 499
309 1
309 25
309 29
309 32
309 51
309 76
309 81
309 97
309 153
309 303
309 389
309 409
309 437
309 473
309 481
310 1
310 2
310 17
310 19
310 29
310 53
310 55
310 74
310 93
310 186
311 39
311 70
311 88
311 100
311 138
311 217
311 241
311 287
311 293
311 299
312 15
312 26
312 36
312 96
312 101
312 152
312 172
312 201
312 208
312 287
312 402
312 497
313 7
313 11
313 13
313 24
313 30
313 31
313 72
313 75
313 173
313 189
313 346
314 3
314 6
314 13
314 14
314 20
314 26
314 100
314 193
314 201
314 287
314 337
314 399
314 406
314 476
315 1
315 4
315 13
315 14
315 30
315 50
315 51
315 138
315 249
315 272
315 332
315 340
315 385
315 430
315 446
316 0
316 15
316 19
316 32
316 33
316 41
316 154
316 159
316 186
316 248
316 429
317 12
317 16
317 70
317 124
317 132
317 133
317 165
317 187
317 226
317 292
317 354
317 374
317 421
317 496
318 4
318 10
318 15
318 18
318 47
318 53
318 64
318 65
318 94
318 155
318 322
318 325
318 353
318 381
318 390
318 441
318 446
318 447
318 454
318 473
319 1
319 12
319 23
319 72
319 77
319 138
319 146
319 216
319 225
319 229
319 352
319 439
320 32
320 34
320 46
320 53
320 64
320 91
320 104
320 161
320 244
320 302
321 6
321 23
321 38
321 84
321 97
321 123
321 155
321 164
321 176
321 194
321 405
321 417
321 472
321 474
321 490
322 13
322 34
322 49
322 71
322 85
322 91
322 95
322 197
322 209
322 318
322 331
322 360
322 451
322 477
322 484
323 6
323 8
323 41
323 69
323 80
323 88
323 130
323 174
323 192
323 286
323 427
323 461
324 16
324 45
324 56
324 152
324 159
324 199
324 229
324 254
324 267
324 277
324 386
324 455
325 2
325 9
325 80
325 81
325 157
325 167
325 192
325 222
325 251
325 318
326 10
326 19
326 22
326 72
326 96
326 131
326 152
326 242
326 282
326 302
326 332
326 347
327 4
327 29
327 49
327 51
327 93
327 152
327 166
327 188
327 215
327 302
327 402
327 480
327 486
328 3
328 19
328 39
328 45
328 62
328 126
328 141
328 246
328 271
328 273
329 0
329 3
329 12
329 18
329 43
329 49
329 107
329 198
329 206
329 267
329 385
329 395
329 423
330 1
330 5
330 12
330 19
330 45
330 46
330 152
330 172
330 253
330 304
330 378
330 424
331 8
331 15
331 25
331 39
331 53
331 56
331 63
331 198
331 258
331 322
331 341
331 404
331 411
331 418
332 17
332 68
332 74
332 105
332 129
332 207
332 230
332 235
332 315
332 326
332 346
333 4
333 17
333 28
333 40
333 69
333 80
333 106
333 126
333 166
333 175
333 347
333 358
333 395
333 396
334 9
334 12
334 16
334 60
334 74
334 166
334 189
334 212
334 235
334 291
334 369
335 3
335 22
335 57
335 69
335 104
335 155
335 168
335 283
335 286
335 303
335 345
335 437
335 443
336 6
336 10
336 16
336 20
336 38
336 104
336 205
336 245
336 248
336 254
336 359
336 445
336 498
337 9
337 22
337 24
337 94
337 147
337 171
337 173
337 222
337 236
337 314
337 482
338 4
338 16
338 44
338 65
338 78
338 98
338 146
338 195
338 198
338 238
338 431
338 485
339 5
339 10
339 13
339 48
339 49
339 104
339 150
339 161
339 202
339 272
339 397
339 408
339 428
339 463
339 473
339 492
340 0
340 20
340 41
340 42
340 44
340 73
340 74
340 92
340 129
340 315
340 486
341 65
341 86
341 102
341 107
341 123
341 132
341 197
341 207
341 241
341 331
342 6
342 9
342 23
342 43
342 116
342 143
342 201
342 242
342 244
342 267
342 357
343 5
343 17
343 25
343 41
343 69
343 188
343 237
343 251
343 295
343 305
343 371
343 452
344 1
344 16
344 27
344 46
344 94
344 99
344 138
344 237
344 245
344 295
344 455
345 12
345 40
345 56
345 74
345 77
345 165
345 226
345 244
345 290
345 335
345 353
345 355
345 357
346 8
346 31
346 47
346 58
346 93
346 199
346 244
346 297
346 313
346 332
346 348
346 459
347 3
347 64
347 65
347 196
347 213
347 227
347 238
347 271
347 326
347 333
347 352
347 359
347 383
347 401
347 479
347 495
348 3
348 26
348 37
348 64
348 69
348 183
348 187
348 192
348 278
348 346
349 1
349 4
349 8
349 26
349 42
349 89
349 116
349 140
349 176
349 186
349 475
349 490
350 1
350 37
350 53
350 55
350 102
350 103
350 175
350 212
350 225
350 280
350 441
351 35
351 51
351 65
351 76
351 78
351 99
351 102
351 139
351 141
351 201
351 354
351 365
351 380
351 471
352 1
352 5
352 10
352 20
352 65
352 131
352 192
352 256
352 319
352 347
352 455
352 475
352 495
353 1
353 22
353 91
353 98
353 169
353 195
353 255
353 301
353 318
353 345
353 388
353 431
354 5
354 13
354 25
354 40
354 44
354 80
354 263
354 290
354 317
354 351
354 407
354 474
355 5
355 20
355 36
355 68
355 69
355 91
355 94
355 107
355 239
355 345
355 399
355 428
355 431
356 5
356 6
356 10
356 21
356 79
356 153
356 166
356 195
356 248
356 252
356 391
356 462
357 69
357 98
357 138
357 163
357 167
357 214
357 250
357 280
357 342
357 345
358 3
358 17
358 22
358 51
358 76
358 99
358 102
358 104
358 121
358 333
359 4
359 6
359 53
359 65
359 106
359 219
359 254
359 283
359 336
359 347
359 471
359 481
360 9
360 10
360 32
360 48
360 81
360 111
360 147
360 184
360 189
360 322
361 16
361 22
361 50
361 71
361 97
361 102
361 109
361 136
361 219
361 289
361 464
362 4
362 8
362 30
362 46
362 78
362 115
362 118
362 133
362 148
362 191
362 416
362 440
363 8
363 10
363 22
363 25
363 43
363 65
363 66
363 82
363 196
363 199
363 414
364 3
364 24
364 29
364 31
364 52
364 55
364 89
364 161
364 192
364 277
364 413
364 470
365 9
365 14
365 16
365 19
365 29
365 76
365 172
365 206
365 282
365 351
365 390
365 426
365 476
366 39
366 41
366 46
366 55
366 65
366 104
366 107
366 222
366 240
366 299
366 371
366 380
366 491
367 6
367 17
367 22
367 72
367 95
367 105
367 124
367 128
367 156
367 291
367 393
368 8
368 33
368 59
368 78
368 83
368 149
368 157
368 161
368 188
368 224
369 2
369 13
369 71
369 85
369 103
369 110
369 191
369 219
369 244
369 334
369 379
369 399
369 437
369 461
369 483
370 5
370 6
370 34
370 52
370 66
370 98
370 116
370 160
370 182
370 279
370 404
371 7
371 9
371 13
371 16
371 20
371 68
371 82
371 174
371 343
371 366
371 379
371 380
371 395
371 440
372 2
372 17
372 31
372 42
372 158
372 190
372 222
372 223
372 300
372 302
372 419
372 433
372 471
373 32
373 47
373 54
373 62
373 108
373 137
373 141
373 174
373 286
373 289
373 457
373 464
374 6
374 19
374 42
374 44
374 46
374 104
374 106
374 107
374 138
374 317
374 418
375 1
375 8
375 9
375 12
375 42
375 67
375 126
375 142
375 171
375 176
375 466
376 0
376 6
376 20
376 26
376 33
376 45
376 49
376 78
376 94
376 168
376 379
376 486
376 493
377 4
377 8
377 13
377 19
377 53
377 55
377 153
377 184
377 224
377 269
378 24
378 28
378 33
378 80
378 94
378 116
378 122
378 156
378 176
378 330
379 0
379 7
379 9
379 34
379 38
379 67
379 146
379 369
379 371
379 376
380 4
380 5
380 13
380 159
380 212
380 218
380 293
380 351
380 366
380 371
381 1
381 20
381 24
381 30
381 114
381 134
381 248
381 294
381 304
381 318
381 406
381 424
381 444
382 10
382 13
382 74
382 89
382 94
382 104
382 139
382 171
382 222
382 292
382 386
382 387
382 421
382 472
383 0
383 12
383 13
383 45
383 55
383 91
383 157
383 243
383 247
383 347
383 482
383 488
384 2
384 20
384 31
384 36
384 79
384 82
384 153
384 191
384 267
384 293
384 468
385 10
385 11
385 20
385 22
385 70
385 142
385 209
385 216
385 315
385 329
385 457
386 44
386 80
386 121
386 130
386 158
386 190
386 220
386 248
386 324
386 382
386 490
387 13
387 38
387 97
387 109
387 130
387 207
387 250
387 266
387 305
387 382
388 1
388 4
388 21
388 29
388 155
388 168
388 216
388 253
388 280
388 353
388 446
388 458
388 466
389 45
389 55
389 72
389 97
389 139
389 183
389 203
389 214
389 277
389 309
389 401
390 0
390 97
390 165
390 203
390 223
390 266
390 275
390 281
390 318
390 365
391 10
391 20
391 26
391 28
391 38
391 63
391 74
391 84
391 231
391 356
391 495
392 0
392 13
392 14
392 21
392 22
392 44
392 76
392 91
392 99
392 198
393 4
393 27
393 78
393 80
393 85
393 88
393 96
393 225
393 280
393 367
393 467
393 497
394 32
394 35
394 53
394 121
394 145
394 157
394 173
394 211
394 216
394 250
394 400
394 452
394 485
395 5
395 35
395 60
395 76
395 166
395 214
395 237
395 329
395 333
395 371
396 26
396 53
396 61
396 66
396 77
396 110
396 115
396 182
396 207
396 333
396 403
396 473
396 498
397 0
397 29
397 34
397 53
397 114
397 144
397 174
397 189
397 197
397 339
397 477
398 1
398 4
398 5
398 26
398 39
398 87
398 123
398 146
398 258
398 291
398 445
399 8
399 29
399 30
399 50
399 69
399 73
399 247
399 314
399 355
399 369
399 417
399 426
399 454
400 4
400 6
400 12
400 15
400 59
400 207
400 252
400 281
400 305
400 394
400 471
401 12
401 24
401 119
401 156
401 158
401 230
401 251
401 302
401 347
401 389
401 471
402 2
402 9
402 25
402 40
402 80
402 129
402 130
402 288
402 312
402 327
403 3
403 10
403 21
403 27
403 51
403 59
403 62
403 166
403 287
403 396
404 0
404 6
404 22
404 64
404 130
404 148
404 215
404 219
404 331
404 370
404 410
405 21
405 26
405 33
405 71
405 74
405 81
405 119
405 166
405 187
405 321
406 4
406 7
406 13
406 20
406 182
406 246
406 255
406 289
406 314
406 381
406 407
406 414
406 471
407 18
407 30
407 36
407 43
407 44
407 57
407 201
407 239
407 354
407 406
407 481
408 9
408 21
408 40
408 78
408 91
408 140
408 167
408 223
408 249
408 339
409 0
409 12
409 14
409 82
409 102
409 129
409 266
409 286
409 300
409 309
409 424
410 13
410 79
410 84
410 136
410 168
410 172
410 187
410 219
410 242
410 404
411 0
411 1
411 2
411 6
411 11
411 12
411 60
411 98
411 245
411 331
412 13
412 24
412 34
412 62
412 98
412 102
412 163
412 166
412 199
412 267
412 456
412 493
413 6
413 7
413 16
413 24
413 27
413 49
413 128
413 158
413 246
413 364
414 2
414 46
414 53
414 59
414 77
414 195
414 290
414 292
414 363
414 406
414 438
415 1
415 12
415 13
415 17
415 50
415 73
415 131
415 152
415 272
415 279
416 6
416 27
416 34
416 95
416 168
416 198
416 253
416 260
416 273
416 362
417 0
417 5
417 13
417 44
417 146
417 241
417 253
417 300
417 321
417 399
417 432
418 9
418 13
418 15
418 56
418 59
418 83
418 114
418 124
418 331
418 374
419 0
419 4
419 19
419 71
419 99
419 205
419 246
419 264
419 306
419 372
420 13
420 29
420 31
420 41
420 93
420 116
420 126
420 133
420 174
420 306
421 5
421 9
421 29
421 39
421 115
421 198
421 262
421 305
421 317
421 382
421 433
421 464
422 4
422 35
422 43
422 49
422 51
422 80
422 93
422 107
422 184
422 237
422 444
423 0
423 27
423 29
423 49
423 87
423 145
423 210
423 258
423 279
423 329
424 8
424 40
424 120
424 138
424 208
424 267
424 293
424 330
424 381
424 409
425 12
425 20
425 21
425 27
425 33
425 41
425 47
425 152
425 168
425 235
425 480
426 25
426 39
426 61
426 102
426 147
426 158
426 244
426 285
426 365
426 399
427 5
427 62
427 69
427 76
427 77
427 105
427 106
427 268
427 303
427 323
428 28
428 36
428 73
428 91
428 157
428 246
428 289
428 298
428 339
428 355
428 431
428 446
429 10
429 11
429 44
429 80
429 96
429 98
429 99
429 174
429 214
429 316
429 456
429 494
430 2
430 3
430 53
430 111
430 112
430 115
430 130
430 176
430 230
430 315
430 455
430 467
431 16
431 21
431 95
431 152
431 200
431 220
431 338
431 353
431 355
431 428
432 6
432 13
432 14
432 15
432 32
432 82
432 175
432 264
432 270
432 417
433 19
433 43
433 62
433 64
433 182
433 183
433 207
433 296
433 372
433 421
433 452
434 19
434 81
434 92
434 154
434 160
434 175
434 215
434 220
434 221
434 267
435 0
435 3
435 5
435 19
435 46
435 108
435 116
435 187
435 200
435 209
435 477
436 4
436 42
436 52
436 68
436 114
436 133
436 163
436 218
436 256
436 306
437 43
437 52
437 70
437 123
437 139
437 184
437 251
437 309
437 335
437 369
438 5
438 20
438 24
438 29
438 31
438 47
438 49
438 104
438 230
438 414
438 481
438 487
439 0
439 4
439 8
439 48
439 49
439 61
439 126
439 217
439 278
439 319
439 443
439 492
440 0
440 16
440 18
440 44
440 106
440 185
440 207
440 308
440 362
440 371
441 10
441 24
441 30
441 32
441 144
441 210
441 280
441 284
441 318
441 350
441 476
442 0
442 4
442 12
442 18
442 31
442 88
442 157
442 198
442 283
442 301
442 451
443 16
443 54
443 66
443 104
443 105
443 118
443 187
443 280
443 335
443 439
443 453
443 470
443 483
444 48
444 54
444 70
444 87
444 93
444 147
444 158
444 207
444 381
444 422
445 14
445 36
445 43
445 54
445 92
445 94
445 192
445 269
445 336
445 398
445 446
446 15
446 25
446 27
446 155
446 230
446 315
446 318
446 388
446 428
446 445
446 471
447 3
447 14
447 32
447 97
447 114
447 159
447 208
447 219
447 233
447 318
447 466
448 0
448 9
448 22
448 54
448 57
448 75
448 147
448 184
448 226
448 301
449 0
449 4
449 12
449 24
449 83
449 136
449 137
449 205
449 214
449 288
449 450
449 485
450 7
450 18
450 26
450 50
450 87
450 176
450 181
450 193
450 215
450 449
450 480
451 2
451 19
451 33
451 54
451 89
451 94
451 207
451 221
451 322
451 442
451 462
452 18
452 28
452 69
452 74
452 117
452 235
452 268
452 343
452 394
452 433
453 35
453 36
453 44
453 64
453 80
453 81
453 85
453 121
453 138
453 443
453 475
454 2
454 5
454 8
454 11
454 59
454 86
454 89
454 235
454 318
454 399
455 0
455 49
455 171
455 177
455 228
455 271
455 324
455 344
455 352
455 430
455 474
456 6
456 29
456 32
456 53
456 91
456 207
456 269
456 281
456 412
456 429
457 3
457 26
457 70
457 123
457 133
457 196
457 227
457 249
457 373
457 385
457 486
458 11
458 26
458 57
458 71
458 136
458 138
458 142
458 237
458 305
458 388
458 474
459 11
459 16
459 34
459 44
459 76
459 95
459 98
459 138
459 186
459 346
460 0
460 3
460 5
460 6
460 10
460 31
460 66
460 91
460 96
460 306
461 4
461 16
461 20
461 46
461 47
461 90
461 137
461 148
461 323
461 369
462 5
462 16
462 76
462 107
462 154
462 155
462 230
462 288
462 356
462 451
463 9
463 23
463 29
463 78
463 93
463 144
463 156
463 216
463 219
463 339
464 54
464 57
464 84
464 152
464 154
464 210
464 238
464 361
464 373
464 421
464 472
465 12
465 24
465 29
465 36
465 40
465 54
465 166
465 200
465 203
465 272
465 492
466 4
466 37
466 54
466 82
466 163
466 220
466 271
466 375
466 388
466 447
466 488
467 4
467 28
467 31
467 34
467 37
467 65
467 200
467 215
467 393
467 430
467 474
468 4
468 31
468 79
468 97
468 106
468 119
468 167
468 241
468 306
468 384
469 32
469 38
469 41
469 64
469 99
469 118
469 130
469 152
469 178
469 257
470 2
470 5
470 8
470 10
470 14
470 25
470 56
470 137
470 364
470 443
470 497
471 9
471 47
471 294
471 351
471 359
471 372
471 400
471 401
471 406
471 446
472 11
472 13
472 18
472 34
472 45
472 227
472 283
472 321
472 382
472 464
472 484
473 44
473 153
473 155
473 171
473 216
473 256
473 309
473 318
473 339
473 396
474 66
474 126
474 164
474 215
474 222
474 321
474 354
474 455
474 458
474 467
475 3
475 13
475 32
475 68
475 82
475 91
475 115
475 349
475 352
475 453
475 491
476 9
476 10
476 28
476 29
476 66
476 138
476 307
476 314
476 365
476 441
477 13
477 14
477 21
477 31
477 97
477 101
477 208
477 322
477 397
477 435
477 496
478 19
478 25
478 26
478 49
478 69
478 70
478 89
478 104
478 164
478 282
479 5
479 14
479 20
479 25
479 50
479 80
479 181
479 219
479 295
479 347
479 486
480 5
480 31
480 54
480 171
480 172
480 280
480 292
480 327
480 425
480 450
481 33
481 102
481 249
481 258
481 282
481 296
481 309
481 359
481 407
481 438
482 45
482 56
482 99
482 106
482 145
482 147
482 196
482 241
482 337
482 383
483 89
483 175
483 194
483 230
483 231
483 239
483 258
483 270
483 369
483 443
484 30
484 60
484 155
484 157
484 193
484 237
484 269
484 297
484 322
484 472
484 498
485 56
485 92
485 105
485 157
485 226
485 280
485 303
485 338
485 394
485 449
485 493
486 29
486 34
486 76
486 163
486 167
486 327
486 340
486 376
486 457
486 479
487 7
487 19
487 59
487 94
487 120
487 140
487 146
487 165
487 187
487 438
488 4
488 7
488 34
488 54
488 95
488 161
488 234
488 236
488 383
488 466
489 4
489 5
489 7
489 9
489 44
489 51
489 74
489 76
489 96
489 132
490 7
490 12
490 16
490 97
490 102
490 216
490 279
490 321
490 349
490 386
490 491
491 7
491 9
491 14
491 41
491 53
491 138
491 235
491 366
491 475
491 490
491 494
492 12
492 14
492 40
492 72
492 177
492 192
492 259
492 339
492 439
492 465
493 20
493 34
493 95
493 107
493 179
493 198
493 213
493 376
493 412
493 485
494 15
494 34
494 126
494 137
494 178
494 191
494 267
494 277
494 429
494 491
495 49
495 73
495 98
495 122
495 141
495 163
495 201
495 347
495 352
495 391
496 5
496 7
496 34
496 61
496 103
496 107
496 135
496 289
496 317
496 477
496 497
497 5
497 46
497 57
497 138
497 156
497 224
497 312
497 393
497 470
497 496
498 10
498 67
498 69
498 73
498 153
498 158
498 208
498 336
498 396
498 484
499 52
499 54
499 67
499 91
499 92
499 108
499 136
499 188
499 267
499 308
