0 91
1 106
2 77
3 84
4 105
5 70
6 100
7 83
8 71
9 76
10 71
11 52
12 90
13 101
14 51
15 60
16 74
17 46
18 42
19 73
20 61
21 42
22 51
23 29
24 44
25 50
26 57
27 38
28 32
29 69
30 39
31 41
32 46
33 43
34 43
35 36
36 38
37 28
38 34
39 26
40 30
41 38
42 33
43 40
44 45
45 32
46 36
47 31
48 36
49 30
50 34
51 28
52 33
53 55
54 47
55 32
56 28
57 24
58 18
59 36
60 20
61 28
62 26
63 21
64 34
65 34
66 29
67 25
68 29
69 44
70 35
71 22
72 20
73 25
74 27
75 20
76 37
77 20
78 26
79 16
80 32
81 19
82 27
83 13
84 20
85 23
86 19
87 21
88 18
89 21
90 12
91 30
92 23
93 25
94 28
95 29
96 23
97 31
98 24
99 27
100 21
101 16
102 34
103 15
104 27
105 21
106 26
107 32
108 19
109 14
110 13
111 17
112 18
113 12
114 18
115 19
116 23
117 13
118 20
119 19
120 16
121 14
122 16
123 22
124 13
125 17
126 22
127 13
128 14
129 18
130 22
131 19
132 16
133 17
134 14
135 12
136 17
137 16
138 26
139 17
140 21
141 18
142 15
143 14
144 18
145 15
146 18
147 21
148 21
149 13
150 12
151 9
152 23
153 17
154 19
155 18
156 14
157 17
158 22
159 21
160 11
161 16
162 13
163 17
164 15
165 15
166 23
167 17
168 19
169 13
170 12
171 21
172 21
173 19
174 18
175 19
176 21
177 12
178 14
179 11
180 11
181 18
182 14
183 12
184 14
185 13
186 13
187 18
188 15
189 18
190 16
191 14
192 17
193 17
194 12
195 18
196 17
197 15
198 19
199 14
200 15
201 19
202 11
203 14
204 11
205 14
206 13
207 22
208 18
209 14
210 13
211 13
212 15
213 15
214 15
215 17
216 18
217 10
218 12
219 19
220 18
221 11
222 19
223 12
224 13
225 15
226 14
227 15
228 11
229 11
230 18
231 12
232 10
233 11
234 11
235 17
236 12
237 16
238 13
239 16
240 10
241 15
242 12
243 11
244 15
245 12
246 14
247 11
248 17
249 14
250 15
251 13
252 13
253 15
254 15
255 10
256 14
257 9
258 14
259 11
260 11
261 8
262 11
263 11
264 12
265 9
266 14
267 18
268 12
269 14
270 11
271 12
272 14
273 10
274 10
275 9
276 10
277 14
278 11
279 13
280 19
281 12
282 13
283 13
284 10
285 11
286 13
287 13
288 12
289 14
290 13
291 12
292 13
293 14
294 11
295 13
296 11
297 11
298 9
299 11
300 12
301 11
302 14
303 13
304 10
305 14
306 14
307 10
308 11
309 14
310 8
311 9
312 11
313 10
314 13
315 14
316 10
317 13
318 19
319 11
320 9
321 14
322 14
323 11
324 12
325 9
326 11
327 12
328 9
329 12
330 11
331 13
332 10
333 13
334 10
335 12
336 12
337 10
338 11
339 15
340 10
341 9
342 10
343 11
344 10
345 12
346 11
347 15
348 9
349 11
350 10
351 13
352 12
353 11
354 11
355 12
356 11
357 9
358 8
359 11
360 9
361 10
362 11
363 10
364 11
365 12
366 12
367 10
368 9
369 14
370 10
371 12
372 12
373 11
374 10
375 9
376 12
377 8
378 9
379 9
380 9
381 12
382 13
383 11
384 10
385 10
386 10
387 9
388 12
389 10
390 9
391 10
392 8
393 11
394 12
395 9
396 12
397 10
398 9
399 12
400 10
401 10
402 9
403 9
404 10
405 9
406 12
407 10
408 9
409 10
410 9
411 7
412 11
413 8
414 10
415 9
416 9
417 10
418 8
419 9
420 9
421 11
422 10
423 9
424 9
425 10
426 9
427 9
428 11
429 11
430 11
431 9
432 9
433 10
434 9
435 10
436 9
437 9
438 11
439 11
440 9
441 10
442 10
443 12
444 9
445 11
446 10
447 10
448 9
449 11
450 10
451 10
452 9
453 10
454 8
455 10
456 9
457 10
458 10
459 9
460 8
461 9
462 9
463 9
464 10
465 10
466 10
467 10
468 9
469 9
470 9
471 9
472 10
473 9
474 9
475 10
476 9
477 10
478 9
479 10
480 9
481 9
482 9
483 10
484 10
485 10
486 9
487 9
488 9
489 8
490 10
491 10
492 9
493 9
494 9
495 9
496 10
497 9
498 9
499 9
