0 87
1 97
2 74
3 113
4 101
5 111
6 138
7 92
8 82
9 77
10 71
11 77
12 66
13 65
14 62
15 65
16 70
17 69
18 49
19 43
20 46
21 61
22 40
23 52
24 39
25 77
26 43
27 66
28 59
29 39
30 59
31 45
32 60
33 46
34 56
35 46
36 44
37 43
38 42
39 35
40 34
41 22
42 26
43 53
44 45
45 60
46 44
47 22
48 34
49 43
50 40
51 36
52 37
53 28
54 26
55 50
56 29
57 41
58 21
59 36
60 36
61 41
62 31
63 23
64 27
65 37
66 32
67 31
68 34
69 31
70 27
71 21
72 17
73 24
74 27
75 20
76 29
77 32
78 31
79 23
80 24
81 26
82 38
83 29
84 36
85 23
86 29
87 21
88 24
89 22
90 17
91 12
92 23
93 24
94 30
95 26
96 30
97 16
98 21
99 35
100 21
101 27
102 16
103 25
104 12
105 25
106 25
107 24
108 18
109 22
110 24
111 24
112 22
113 20
114 24
115 22
116 22
117 25
118 16
119 25
120 25
121 23
122 29
123 26
124 20
125 22
126 15
127 17
128 20
129 14
130 18
131 12
132 20
133 20
134 22
135 18
136 28
137 18
138 24
139 19
140 31
141 20
142 23
143 17
144 18
145 13
146 17
147 24
148 24
149 15
150 22
151 14
152 34
153 22
154 24
155 21
156 20
157 19
158 15
159 17
160 17
161 14
162 16
163 18
164 15
165 18
166 16
167 14
168 16
169 20
170 17
171 16
172 14
173 13
174 15
175 19
176 16
177 16
178 12
179 19
180 19
181 16
182 13
183 20
184 14
185 14
186 17
187 15
188 13
189 16
190 12
191 18
192 19
193 15
194 25
195 16
196 13
197 15
198 20
199 11
200 13
201 17
202 14
203 13
204 35
205 14
206 16
207 16
208 14
209 18
210 18
211 16
212 15
213 13
214 17
215 22
216 28
217 16
218 16
219 20
220 16
221 12
222 18
223 22
224 19
225 14
226 17
227 16
228 20
229 10
230 16
231 14
232 16
233 21
234 14
235 10
236 18
237 13
238 14
239 14
240 16
241 15
242 19
243 17
244 17
245 12
246 9
247 13
248 13
249 13
250 15
251 17
252 14
253 14
254 12
255 18
256 16
257 16
258 16
259 18
260 10
261 16
262 12
263 15
264 14
265 18
266 12
267 14
268 14
269 16
270 15
271 21
272 12
273 15
274 9
275 16
276 14
277 15
278 11
279 12
280 14
281 12
282 11
283 17
284 13
285 15
286 12
287 19
288 14
289 11
290 11
291 10
292 18
293 13
294 10
295 8
296 14
297 10
298 9
299 11
300 12
301 16
302 13
303 15
304 13
305 15
306 17
307 14
308 12
309 9
310 9
311 16
312 13
313 12
314 15
315 15
316 14
317 11
318 9
319 12
320 13
321 14
322 14
323 14
324 12
325 12
326 13
327 13
328 12
329 14
330 13
331 11
332 12
333 13
334 15
335 13
336 11
337 12
338 14
339 14
340 10
341 12
342 10
343 10
344 10
345 12
346 9
347 13
348 12
349 14
350 11
351 19
352 9
353 15
354 12
355 16
356 13
357 14
358 13
359 13
360 10
361 13
362 11
363 17
364 10
365 12
366 16
367 11
368 11
369 15
370 12
371 11
372 12
373 11
374 10
375 11
376 12
377 12
378 9
379 13
380 15
381 10
382 11
383 12
384 14
385 12
386 10
387 14
388 10
389 15
390 10
391 11
392 11
393 15
394 9
395 10
396 11
397 12
398 9
399 15
400 11
401 9
402 15
403 13
404 10
405 11
406 9
407 12
408 10
409 12
410 9
411 10
412 12
413 10
414 10
415 9
416 12
417 10
418 11
419 10
420 9
421 11
422 10
423 10
424 12
425 11
426 12
427 9
428 11
429 12
430 12
431 9
432 11
433 13
434 10
435 13
436 10
437 12
438 14
439 11
440 9
441 8
442 14
443 11
444 12
445 11
446 9
447 12
448 9
449 10
450 10
451 10
452 9
453 11
454 12
455 9
456 10
457 11
458 13
459 10
460 11
461 13
462 10
463 9
464 10
465 11
466 13
467 11
468 9
469 12
470 9
471 11
472 10
473 10
474 10
475 11
476 12
477 9
478 10
479 9
480 11
481 11
482 10
483 9
484 9
485 9
486 9
487 9
488 15
489 9
490 9
491 10
492 10
493 8
494 11
495 9
496 11
497 10
498 10
499 9
500 12
501 10
502 9
503 12
504 10
505 14
506 10
507 10
508 9
509 11
510 9
511 10
512 11
513 10
514 10
515 9
516 11
517 10
518 10
519 11
520 10
521 9
522 9
523 11
524 10
525 11
526 9
527 10
528 9
529 9
530 10
531 9
532 9
533 11
534 9
535 9
536 10
537 9
538 10
539 9
540 9
541 10
542 10
543 10
544 10
545 9
546 10
547 9
548 9
549 9
550 9
551 9
552 10
553 10
554 10
555 11
556 11
557 11
558 9
559 9
560 9
561 9
562 9
563 9
564 9
565 9
566 10
567 10
568 8
569 9
570 9
571 9
572 9
573 9
574 9
575 9
576 9
577 9
578 9
579 9
580 10
581 9
582 9
583 10
584 9
585 10
586 9
587 9
588 9
589 9
590 9
591 9
592 9
593 9
594 9
595 9
596 9
597 9
598 10
599 9
