0 29
1 23
2 32
3 21
4 23
5 24
6 23
7 18
8 27
9 32
10 28
11 19
12 25
13 27
14 38
15 18
16 33
17 24
18 27
19 24
20 29
21 28
22 27
23 31
24 21
25 24
26 23
27 30
28 21
29 26
30 20
31 24
32 27
33 28
34 25
35 29
36 24
37 28
38 23
39 26
40 24
41 25
42 23
43 25
44 25
45 32
46 24
47 26
48 23
49 28
50 25
51 30
52 23
53 24
54 29
55 22
56 30
57 21
58 19
59 23
60 26
61 23
62 19
63 32
64 26
65 23
66 25
67 23
68 23
69 27
70 25
71 24
72 25
73 21
74 26
75 26
76 24
77 22
78 21
79 26
80 24
81 26
82 23
83 25
84 27
85 28
86 27
87 32
88 35
89 30
90 25
91 29
92 26
93 25
94 31
95 22
96 24
97 22
98 26
99 19
100 28
101 27
102 22
103 30
104 27
105 27
106 25
107 26
108 22
109 37
110 29
111 26
112 26
113 25
114 23
115 28
116 20
117 24
118 30
119 26
120 25
121 28
122 24
123 27
124 25
125 30
126 30
127 27
128 24
129 24
130 25
131 27
132 28
133 27
134 24
135 26
136 29
137 24
138 28
139 28
140 30
141 28
142 28
143 22
144 30
145 31
146 29
147 20
148 27
149 24
150 20
151 26
152 27
153 25
154 28
155 35
156 22
157 33
158 26
159 18
160 24
161 18
162 25
163 25
164 25
165 23
166 18
167 22
168 32
169 23
170 29
171 24
172 30
173 23
174 33
175 29
176 34
177 33
178 26
179 29
180 28
181 26
182 35
183 33
184 26
185 26
186 27
187 23
188 27
189 21
190 25
191 21
192 20
193 26
194 30
195 29
196 22
197 27
198 28
199 26
200 23
201 24
202 26
203 30
204 24
205 25
206 23
207 28
208 21
209 27
210 27
211 32
212 28
213 31
214 26
215 27
216 21
217 18
218 23
219 25
220 26
221 23
222 26
223 21
224 21
225 27
226 26
227 31
228 28
229 26
230 29
231 30
232 26
233 30
234 29
235 26
236 28
237 20
238 28
239 32
240 30
241 25
242 25
243 24
244 27
245 29
246 27
247 22
248 19
249 32
250 29
251 20
252 17
253 24
254 21
255 25
256 26
257 21
258 25
259 25
260 27
261 25
262 24
263 17
264 23
265 33
266 27
267 20
268 31
269 36
270 20
271 28
272 28
273 23
274 21
275 25
276 26
277 26
278 20
279 30
280 35
281 28
282 29
283 27
284 28
285 23
286 31
287 21
288 29
289 27
290 37
291 24
292 22
293 23
294 29
295 26
296 18
297 26
298 18
299 31
300 26
301 24
302 22
303 25
304 29
305 25
306 27
307 33
308 31
309 28
310 18
311 33
312 23
313 25
314 27
315 29
316 25
317 26
318 28
319 27
320 26
321 30
322 23
323 26
324 22
325 32
326 26
327 30
328 22
329 28
330 21
331 26
332 28
333 23
334 19
335 20
336 24
337 24
338 29
339 24
340 30
341 31
342 20
343 22
344 24
345 22
346 36
347 33
348 25
349 28
350 22
351 31
352 24
353 29
354 23
355 24
356 35
357 23
358 28
359 25
360 24
361 19
362 18
363 25
364 23
365 30
366 26
367 21
368 19
369 30
370 24
371 29
372 22
373 23
374 25
375 23
376 27
377 23
378 27
379 26
380 28
381 22
382 24
383 29
384 19
385 21
386 29
387 19
388 16
389 28
390 29
391 30
392 24
393 31
394 28
395 26
396 26
397 26
398 23
399 28
400 29
401 24
402 25
403 29
404 28
405 28
406 21
407 24
408 25
409 28
410 27
411 31
412 28
413 26
414 30
415 24
416 23
417 31
418 22
419 26
420 25
421 27
422 28
423 27
424 22
425 23
426 26
427 29
428 27
429 27
430 26
431 29
432 22
433 23
434 19
435 28
436 26
437 24
438 29
439 28
440 28
441 24
442 27
443 24
444 29
445 28
446 29
447 27
448 27
449 32
450 18
451 24
452 31
453 31
454 27
455 32
456 34
457 16
458 30
459 29
460 23
461 30
462 29
463 27
464 25
465 24
466 26
467 21
468 28
469 22
470 17
471 28
472 31
473 19
474 25
475 27
476 26
477 24
478 27
479 20
480 22
481 26
482 28
483 29
484 25
485 23
486 25
487 25
488 24
489 25
490 24
491 27
492 27
493 17
494 23
495 27
496 26
497 23
498 28
499 24
