0 116
1 136
2 142
3 121
4 125
5 110
6 124
7 137
8 153
9 120
10 136
11 104
12 119
13 119
14 98
15 126
16 121
17 102
18 113
19 109
20 110
21 104
22 91
23 80
24 108
25 102
26 84
27 83
28 66
29 72
30 54
31 78
32 77
33 62
34 53
35 70
36 52
37 70
38 73
39 104
40 79
41 57
42 86
43 53
44 40
45 68
46 57
47 46
48 87
49 65
50 69
51 48
52 47
53 44
54 51
55 45
56 50
57 61
58 41
59 52
60 87
61 61
62 58
63 47
64 49
65 42
66 48
67 49
68 63
69 71
70 43
71 26
72 42
73 54
74 36
75 49
76 36
77 43
78 49
79 49
80 58
81 37
82 53
83 37
84 30
85 42
86 55
87 35
88 43
89 46
90 44
91 36
92 41
93 30
94 46
95 35
96 42
97 54
98 35
99 41
100 40
101 35
102 27
103 28
104 44
105 27
106 31
107 38
108 36
109 35
110 42
111 53
112 41
113 42
114 38
115 33
116 31
117 23
118 44
119 47
120 49
121 48
122 52
123 40
124 37
125 36
126 24
127 34
128 38
129 31
130 37
131 25
132 37
133 26
134 41
135 43
136 34
137 21
138 44
139 20
140 31
141 31
142 34
143 23
144 25
145 32
146 26
147 41
148 32
149 31
150 20
151 46
152 30
153 29
154 35
155 37
156 28
157 36
158 26
159 29
160 26
161 23
162 31
163 35
164 24
165 22
166 22
167 25
168 23
169 30
170 29
171 17
172 30
173 29
174 37
175 19
176 26
177 25
178 27
179 34
180 33
181 25
182 28
183 33
184 29
185 22
186 27
187 29
188 20
189 28
190 28
191 25
192 24
193 30
194 22
195 25
196 29
197 26
198 25
199 32
200 17
201 31
202 30
203 32
204 26
205 36
206 33
207 41
208 28
209 25
210 35
211 32
212 25
213 25
214 27
215 25
216 29
217 29
218 17
219 33
220 30
221 24
222 25
223 22
224 38
225 18
226 21
227 25
228 29
229 31
230 30
231 16
232 26
233 26
234 24
235 19
236 24
237 25
238 25
239 18
240 27
241 17
242 19
243 25
244 22
245 31
246 28
247 22
248 19
249 21
250 21
251 27
252 26
253 25
254 20
255 21
256 25
257 27
258 19
259 21
260 33
261 19
262 23
263 18
264 30
265 17
266 25
267 25
268 24
269 31
270 30
271 16
272 32
273 19
274 27
275 28
276 26
277 18
278 25
279 22
280 17
281 36
282 27
283 20
284 20
285 19
286 24
287 30
288 29
289 28
290 27
291 20
292 19
293 20
294 20
295 18
296 18
297 16
298 18
299 21
300 20
301 23
302 28
303 17
304 16
305 20
306 25
307 25
308 24
309 20
310 28
311 24
312 22
313 26
314 17
315 15
316 21
317 18
318 18
319 26
320 21
321 23
322 21
323 17
324 25
325 24
326 21
327 25
328 25
329 16
330 23
331 21
332 19
333 16
334 19
335 18
336 18
337 19
338 21
339 16
340 22
341 25
342 25
343 27
344 21
345 20
346 21
347 19
348 18
349 15
350 19
351 21
352 20
353 22
354 20
355 28
356 19
357 16
358 15
359 22
360 29
361 18
362 19
363 22
364 29
365 15
366 25
367 20
368 21
369 19
370 18
371 14
372 27
373 18
374 23
375 19
376 21
377 20
378 17
379 16
380 16
381 15
382 17
383 22
384 17
385 20
386 20
387 18
388 17
389 24
390 19
391 20
392 16
393 18
394 14
395 18
396 25
397 20
398 17
399 18
400 15
401 21
402 22
403 20
404 19
405 19
406 18
407 22
408 19
409 21
410 17
411 18
412 24
413 16
414 19
415 16
416 16
417 17
418 15
419 20
420 18
421 14
422 18
423 18
424 15
425 20
426 17
427 18
428 18
429 18
430 15
431 18
432 18
433 16
434 20
435 17
436 20
437 17
438 18
439 13
440 17
441 16
442 16
443 14
444 16
445 18
446 20
447 13
448 17
449 19
450 13
451 22
452 26
453 22
454 17
455 19
456 13
457 18
458 19
459 19
460 18
461 17
462 19
463 15
464 16
465 16
466 21
467 16
468 17
469 17
470 15
471 16
472 18
473 16
474 15
475 20
476 19
477 18
478 16
479 15
480 19
481 15
482 16
483 16
484 22
485 19
486 14
487 20
488 17
489 14
490 14
491 16
492 19
493 17
494 12
495 17
496 17
497 17
498 17
499 15
500 15
501 18
502 15
503 16
504 18
505 15
506 16
507 14
508 18
509 14
510 16
511 15
512 19
513 14
514 18
515 19
516 17
517 15
518 16
519 15
520 16
521 21
522 14
523 14
524 13
525 17
526 16
527 14
528 16
529 23
530 16
531 18
532 17
533 15
534 19
535 24
536 15
537 14
538 15
539 18
540 16
541 17
542 20
543 15
544 17
545 13
546 12
547 17
548 18
549 16
550 16
551 18
552 14
553 15
554 15
555 18
556 16
557 15
558 16
559 14
560 16
561 15
562 16
563 15
564 13
565 19
566 18
567 19
568 15
569 14
570 18
571 15
572 15
573 19
574 15
575 17
576 13
577 13
578 12
579 15
580 18
581 16
582 16
583 15
584 16
585 14
586 14
587 17
588 17
589 18
590 15
591 16
592 15
593 13
594 16
595 12
596 14
597 14
598 16
599 13
600 18
601 14
602 14
603 13
604 15
605 15
606 16
607 13
608 14
609 17
610 15
611 13
612 15
613 16
614 12
615 15
616 15
617 17
618 14
619 15
620 18
621 14
622 14
623 15
624 15
625 14
626 15
627 15
628 15
629 15
630 14
631 14
632 15
633 17
634 13
635 15
636 15
637 13
638 14
639 21
640 13
641 15
642 14
643 16
644 15
645 14
646 15
647 15
648 14
649 15
650 14
651 14
652 17
653 15
654 13
655 16
656 14
657 15
658 13
659 15
660 15
661 14
662 14
663 14
664 16
665 13
666 13
667 14
668 15
669 15
670 15
671 14
672 16
673 16
674 13
675 14
676 13
677 13
678 14
679 13
680 15
681 16
682 13
683 14
684 15
685 15
686 16
687 15
688 15
689 15
690 13
691 13
692 13
693 14
694 13
695 13
696 14
697 14
698 15
699 13
700 13
701 13
702 13
703 14
704 13
705 15
706 13
707 14
708 14
709 13
710 15
711 13
712 13
713 14
714 13
715 13
716 13
717 14
718 14
719 14
720 13
721 15
722 14
723 14
724 13
725 13
726 14
727 13
728 14
729 14
730 14
731 13
732 13
733 14
734 15
735 13
736 12
737 14
738 14
739 12
740 13
741 13
742 13
743 14
744 15
745 14
746 13
747 15
748 14
749 13
750 14
751 12
752 13
753 13
754 16
755 14
756 14
757 13
758 13
759 13
760 13
761 13
762 14
763 14
764 13
765 13
766 13
767 14
768 13
769 13
770 13
771 13
772 13
773 13
774 13
775 13
776 12
777 13
778 13
779 13
780 13
781 13
782 13
783 12
784 12
785 12
786 12
787 13
788 14
789 13
790 13
791 13
792 12
793 12
794 13
795 13
796 13
797 13
798 13
799 13
