0 27
1 12
2 27
3 26
4 14
5 21
6 18
7 17
8 19
9 17
10 19
11 19
12 20
13 10
14 15
15 24
16 14
17 17
18 20
19 19
20 18
21 21
22 18
23 23
24 14
25 24
26 18
27 26
28 27
29 25
30 17
31 19
32 13
33 14
34 16
35 26
36 22
37 20
38 13
39 28
40 11
41 19
42 17
43 13
44 24
45 19
46 24
47 15
48 19
49 17
50 18
51 19
52 18
53 26
54 20
55 16
56 14
57 18
58 25
59 18
60 18
61 19
62 19
63 19
64 25
65 11
66 24
67 21
68 21
69 15
70 16
71 22
72 21
73 16
74 15
75 15
76 19
77 21
78 9
79 13
80 18
81 19
82 21
83 18
84 15
85 23
86 18
87 22
88 11
89 24
90 17
91 17
92 22
93 21
94 20
95 21
96 29
97 29
98 14
99 17
100 18
101 21
102 28
103 18
104 22
105 24
106 15
107 14
108 13
109 14
110 15
111 22
112 24
113 20
114 18
115 21
116 24
117 18
118 21
119 26
120 16
121 27
122 21
123 24
124 14
125 23
126 21
127 21
128 20
129 22
130 22
131 15
132 17
133 17
134 26
135 22
136 15
137 12
138 17
139 21
140 13
141 21
142 22
143 18
144 16
145 26
146 20
147 17
148 29
149 14
150 14
151 21
152 13
153 18
154 18
155 23
156 24
157 18
158 21
159 23
160 25
161 27
162 24
163 23
164 13
165 21
166 15
167 20
168 20
169 12
170 17
171 13
172 20
173 17
174 22
175 21
176 15
177 11
178 31
179 19
180 17
181 31
182 19
183 12
184 17
185 30
186 19
187 21
188 20
189 25
190 15
191 20
192 22
193 24
194 19
195 21
196 20
197 21
198 18
199 25
200 17
201 20
202 11
203 16
204 15
205 25
206 19
207 10
208 28
209 16
210 15
211 12
212 20
213 15
214 18
215 27
216 17
217 18
218 15
219 14
220 13
221 22
222 28
223 16
224 18
225 18
226 25
227 24
228 18
229 22
230 12
231 14
232 20
233 15
234 12
235 15
236 18
237 23
238 15
239 17
240 11
241 13
242 12
243 18
244 24
245 25
246 22
247 17
248 18
249 12
250 27
251 23
252 21
253 18
254 19
255 21
256 19
257 16
258 26
259 16
260 14
261 17
262 17
263 15
264 12
265 16
266 15
267 30
268 17
269 15
270 11
271 16
272 18
273 18
274 13
275 23
276 14
277 20
278 9
279 24
280 15
281 15
282 25
283 20
284 18
285 23
286 18
287 17
288 23
289 24
290 13
291 22
292 21
293 24
294 25
295 17
296 9
297 19
298 10
299 11
300 17
301 25
302 20
303 18
304 18
305 19
306 19
307 27
308 18
309 20
310 10
311 20
312 18
313 18
314 28
315 16
316 18
317 16
318 22
319 23
320 19
321 20
322 26
323 23
324 22
325 21
326 15
327 17
328 19
329 13
330 22
331 25
332 15
333 23
334 17
335 20
336 17
337 17
338 18
339 25
340 25
341 16
342 30
343 19
344 20
345 15
346 16
347 23
348 21
349 18
350 21
351 16
352 17
353 18
354 14
355 17
356 13
357 19
358 18
359 13
360 17
361 22
362 18
363 23
364 20
365 14
366 22
367 21
368 18
369 21
370 23
371 29
372 20
373 22
374 23
375 19
376 15
377 15
378 23
379 19
380 19
381 18
382 16
383 17
384 22
385 26
386 22
387 25
388 22
389 19
390 17
391 14
392 16
393 17
394 27
395 20
396 16
397 17
398 17
399 26
400 21
401 19
402 20
403 16
404 13
405 23
406 17
407 25
408 25
409 11
410 18
411 19
412 22
413 19
414 17
415 21
416 21
417 21
418 28
419 18
420 12
421 21
422 24
423 21
424 11
425 24
426 22
427 17
428 17
429 18
430 26
431 24
432 25
433 16
434 13
435 16
436 22
437 21
438 18
439 20
440 22
441 24
442 17
443 15
444 19
445 22
446 15
447 30
448 21
449 16
450 21
451 16
452 19
453 18
454 14
455 25
456 19
457 19
458 18
459 21
460 26
461 15
462 18
463 18
464 18
465 23
466 16
467 17
468 15
469 21
470 21
471 20
472 18
473 17
474 19
475 21
476 22
477 14
478 20
479 13
480 14
481 19
482 27
483 20
484 17
485 12
486 17
487 12
488 21
489 18
490 25
491 16
492 17
493 19
494 14
495 17
496 17
497 17
498 24
499 12
500 10
501 24
502 16
503 15
504 23
505 23
506 11
507 13
508 22
509 23
510 24
511 17
512 19
513 14
514 15
515 20
516 21
517 20
518 19
519 19
520 26
521 16
522 13
523 19
524 28
525 21
526 30
527 18
528 11
529 16
530 17
531 17
532 23
533 17
534 24
535 21
536 21
537 13
538 28
539 23
540 17
541 16
542 26
543 18
544 22
545 26
546 18
547 25
548 16
549 18
550 20
551 17
552 17
553 22
554 23
555 13
556 25
557 27
558 14
559 12
560 10
561 13
562 23
563 13
564 18
565 23
566 21
567 19
568 27
569 20
570 15
571 16
572 24
573 19
574 18
575 28
576 8
577 21
578 14
579 17
580 17
581 14
582 16
583 15
584 21
585 24
586 19
587 22
588 14
589 15
590 22
591 12
592 13
593 14
594 24
595 25
596 18
597 21
598 25
599 19
