0 37
1 44
2 35
3 31
4 32
5 31
6 39
7 51
8 39
9 39
10 58
11 43
12 38
13 37
14 41
15 39
16 30
17 36
18 40
19 28
20 35
21 37
22 31
23 37
24 43
25 40
26 34
27 40
28 32
29 49
30 40
31 39
32 35
33 30
34 34
35 37
36 33
37 52
38 38
39 52
40 40
41 38
42 39
43 31
44 37
45 42
46 45
47 35
48 45
49 38
50 32
51 59
52 43
53 21
54 45
55 35
56 43
57 20
58 35
59 46
60 37
61 47
62 35
63 35
64 40
65 32
66 41
67 45
68 37
69 31
70 52
71 38
72 39
73 40
74 39
75 36
76 31
77 34
78 44
79 25
80 45
81 35
82 34
83 33
84 39
85 39
86 34
87 41
88 48
89 37
90 37
91 31
92 46
93 34
94 31
95 47
96 41
97 40
98 29
99 26
100 46
101 44
102 40
103 50
104 40
105 39
106 29
107 31
108 36
109 41
110 44
111 43
112 40
113 38
114 36
115 30
116 28
117 28
118 30
119 47
120 33
121 37
122 38
123 33
124 36
125 33
126 31
127 41
128 32
129 31
130 42
131 36
132 40
133 45
134 33
135 41
136 30
137 31
138 29
139 38
140 38
141 35
142 36
143 45
144 26
145 36
146 37
147 46
148 49
149 39
150 50
151 37
152 43
153 42
154 37
155 43
156 44
157 53
158 35
159 36
160 33
161 40
162 36
163 38
164 39
165 43
166 47
167 41
168 37
169 44
170 40
171 33
172 29
173 33
174 43
175 38
176 41
177 35
178 43
179 32
180 49
181 37
182 35
183 31
184 45
185 49
186 50
187 37
188 41
189 37
190 35
191 33
192 42
193 42
194 38
195 42
196 41
197 45
198 35
199 38
200 41
201 34
202 43
203 38
204 40
205 37
206 30
207 34
208 43
209 42
210 37
211 42
212 29
213 35
214 39
215 35
216 41
217 34
218 39
219 45
220 44
221 34
222 34
223 49
224 43
225 46
226 33
227 42
228 36
229 44
230 40
231 46
232 46
233 26
234 37
235 51
236 36
237 41
238 44
239 44
240 47
241 30
242 43
243 30
244 41
245 41
246 41
247 32
248 39
249 42
250 30
251 39
252 31
253 39
254 39
255 35
256 41
257 30
258 41
259 52
260 47
261 27
262 42
263 48
264 37
265 47
266 36
267 32
268 33
269 35
270 39
271 42
272 38
273 34
274 44
275 33
276 38
277 41
278 45
279 37
280 33
281 24
282 41
283 37
284 37
285 37
286 31
287 29
288 36
289 41
290 39
291 54
292 40
293 40
294 32
295 41
296 37
297 40
298 36
299 39
300 33
301 29
302 36
303 40
304 42
305 42
306 30
307 49
308 34
309 41
310 31
311 34
312 40
313 41
314 36
315 40
316 38
317 41
318 48
319 32
320 33
321 33
322 37
323 39
324 37
325 40
326 27
327 44
328 39
329 56
330 35
331 36
332 40
333 37
334 41
335 37
336 36
337 37
338 44
339 28
340 38
341 45
342 43
343 32
344 51
345 36
346 39
347 45
348 39
349 37
350 35
351 39
352 45
353 41
354 46
355 35
356 41
357 34
358 43
359 35
360 33
361 30
362 46
363 40
364 36
365 37
366 37
367 43
368 44
369 39
370 39
371 35
372 33
373 36
374 42
375 43
376 42
377 38
378 45
379 36
380 39
381 35
382 36
383 32
384 38
385 35
386 36
387 32
388 38
389 44
390 29
391 40
392 40
393 48
394 35
395 35
396 43
397 33
398 32
399 30
400 46
401 40
402 39
403 32
404 49
405 49
406 46
407 41
408 40
409 43
410 37
411 40
412 48
413 39
414 35
415 34
416 31
417 40
418 39
419 35
420 39
421 33
422 43
423 42
424 37
425 31
426 38
427 41
428 38
429 30
430 36
431 32
432 31
433 40
434 33
435 43
436 34
437 44
438 31
439 28
440 47
441 31
442 34
443 40
444 29
445 45
446 42
447 36
448 35
449 38
450 39
451 28
452 36
453 42
454 45
455 41
456 38
457 43
458 37
459 34
460 45
461 36
462 38
463 35
464 35
465 49
466 41
467 39
468 42
469 36
470 35
471 38
472 32
473 37
474 46
475 48
476 31
477 40
478 33
479 42
480 30
481 37
482 38
483 41
484 41
485 42
486 42
487 41
488 44
489 42
490 33
491 36
492 36
493 34
494 49
495 39
496 32
497 49
498 30
499 36
500 31
501 28
502 41
503 38
504 30
505 38
506 37
507 45
508 34
509 35
510 42
511 43
512 38
513 45
514 36
515 36
516 47
517 47
518 34
519 43
520 45
521 39
522 36
523 40
524 41
525 48
526 37
527 42
528 39
529 40
530 38
531 36
532 39
533 32
534 40
535 28
536 30
537 46
538 35
539 36
540 37
541 35
542 42
543 42
544 30
545 43
546 42
547 41
548 35
549 38
550 40
551 32
552 34
553 36
554 29
555 36
556 29
557 35
558 21
559 44
560 37
561 35
562 36
563 28
564 42
565 35
566 42
567 29
568 40
569 39
570 34
571 42
572 30
573 37
574 26
575 43
576 44
577 41
578 40
579 34
580 37
581 48
582 30
583 44
584 40
585 34
586 33
587 38
588 33
589 31
590 34
591 31
592 36
593 38
594 32
595 30
596 38
597 43
598 39
599 36
600 35
601 36
602 46
603 46
604 26
605 42
606 49
607 36
608 35
609 42
610 37
611 32
612 25
613 40
614 44
615 41
616 44
617 36
618 41
619 34
620 31
621 35
622 36
623 38
624 37
625 47
626 37
627 39
628 28
629 32
630 39
631 42
632 51
633 34
634 46
635 35
636 37
637 43
638 44
639 42
640 44
641 39
642 48
643 37
644 47
645 35
646 37
647 44
648 36
649 38
650 34
651 43
652 48
653 35
654 38
655 42
656 44
657 36
658 40
659 36
660 43
661 39
662 43
663 46
664 35
665 34
666 36
667 35
668 44
669 29
670 31
671 46
672 35
673 30
674 34
675 36
676 38
677 42
678 54
679 46
680 32
681 38
682 33
683 31
684 45
685 48
686 40
687 37
688 32
689 36
690 39
691 38
692 49
693 52
694 43
695 37
696 43
697 36
698 40
699 44
700 26
701 35
702 34
703 39
704 35
705 37
706 38
707 31
708 40
709 38
710 24
711 31
712 41
713 34
714 41
715 40
716 43
717 37
718 20
719 41
720 41
721 30
722 23
723 44
724 38
725 31
726 39
727 37
728 50
729 32
730 37
731 34
732 40
733 41
734 36
735 34
736 33
737 37
738 42
739 39
740 36
741 39
742 35
743 33
744 49
745 35
746 36
747 46
748 43
749 35
750 37
751 38
752 40
753 43
754 46
755 37
756 35
757 46
758 48
759 42
760 39
761 34
762 36
763 45
764 33
765 41
766 29
767 41
768 42
769 36
770 41
771 52
772 37
773 42
774 41
775 43
776 41
777 44
778 36
779 37
780 37
781 21
782 45
783 47
784 40
785 40
786 32
787 31
788 31
789 39
790 39
791 33
792 36
793 26
794 46
795 46
796 45
797 38
798 33
799 39
